# wavelength [m]	effective refractive index	transmission [dB/m]	effective mode area [m]	effective refractive index	transmission [dB/m]	effective mode area [m]	
5.500000000000095572e-07	1.991340661724328998e+00	0.000000000000000000e+00	4.470728177024316372e-13	1.991898490909068009e+00	0.000000000000000000e+00	4.465090567744248275e-13
5.600000000000094614e-07	1.988358238147666102e+00	0.000000000000000000e+00	4.496216051233113684e-13	1.988943645810735905e+00	0.000000000000000000e+00	4.489814664103219204e-13
5.700000000000093657e-07	1.985449500396867961e+00	0.000000000000000000e+00	4.521979356677219920e-13	1.986063192953583911e+00	0.000000000000000000e+00	4.514781739796633414e-13
5.800000000000092699e-07	1.982607945921762926e+00	0.000000000000000000e+00	4.548023706626682582e-13	1.983250629659720987e+00	0.000000000000000000e+00	4.539997121963959070e-13
5.900000000000091742e-07	1.979827681134626927e+00	0.000000000000000000e+00	4.574354674271213354e-13	1.980500061898579967e+00	0.000000000000000000e+00	4.565466082896494419e-13
6.000000000000090785e-07	1.977103355108345895e+00	0.000000000000000000e+00	4.600977801235605071e-13	1.977806137987967006e+00	0.000000000000000000e+00	4.591193849661556659e-13
6.100000000000089827e-07	1.974430101620467948e+00	0.000000000000000000e+00	4.627898605302205411e-13	1.975163990641046086e+00	-1.446491199829930999e-15	4.617185612823210253e-13
6.200000000000088870e-07	1.971803488353756961e+00	-4.821637332766435678e-16	4.655122587433756019e-13	1.972569186169847999e+00	9.643274665532869384e-16	4.643446534366345187e-13
6.300000000000087912e-07	1.969219472252855097e+00	-4.821637332766435678e-16	4.682655238176886216e-13	1.970017679844882963e+00	-9.643274665532871356e-16	4.669981754915366158e-13
6.400000000000086955e-07	1.966674360192282034e+00	-6.268128532596370622e-15	4.710502043516566582e-13	1.967505776566097042e+00	-6.750292265873061896e-14	4.696796400328973811e-13
6.500000000000085997e-07	1.964164774240314992e+00	-6.750292265873014880e-15	4.738668490242440154e-13	1.965030096129676940e+00	4.821637332766433114e-15	4.723895587740201833e-13
6.600000000000085040e-07	1.961687620910617991e+00	-2.410818666383218135e-15	4.767160070880328436e-13	1.962587542482600034e+00	-9.257543678911654321e-14	4.751284431103389970e-13
6.700000000000084082e-07	1.959240063883189942e+00	0.000000000000000000e+00	4.795982288235338155e-13	1.960175276446453063e+00	-5.544882932681436578e-14	4.778968046302056626e-13
6.800000000000083125e-07	1.956819499751361935e+00	-2.892982399659862393e-15	4.825140659587708660e-13	1.957790691467284017e+00	-1.928654933106574666e-15	4.806951555864265566e-13
6.900000000000082168e-07	1.954423536414674034e+00	-8.196783465702947654e-15	4.854640720577110518e-13	1.955431392011294900e+00	2.121520426417226531e-14	4.835240093327635397e-13
7.000000000000081210e-07	1.952049973790773940e+00	-1.542923946485262257e-14	4.884488028807066853e-13	1.953095174279509072e+00	-7.232455999149659138e-15	4.863838807290042619e-13
7.100000000000080253e-07	1.949696786564411033e+00	-1.591140319812926525e-14	4.914688167197437008e-13	1.950780008959509093e+00	-2.796549653004541746e-14	4.892752865178782373e-13
7.200000000000079295e-07	1.947362108729955077e+00	-2.266169546400230380e-14	4.945246747109677962e-13	1.948484025770653050e+00	4.050175359523786524e-14	4.921987456766491957e-13
7.300000000000078338e-07	1.945044219716207889e+00	-4.484122719472808166e-14	4.976169411266688907e-13	1.946205499591546983e+00	5.882397545975011039e-14	4.951547797459198812e-13
7.400000000000077380e-07	1.942741531910120889e+00	-8.148567092375353121e-14	5.007461836486709810e-13	1.943942837986391003e+00	1.186122783860526920e-13	4.981439131379350500e-13
7.500000000000076423e-07	1.940452579419732038e+00	-2.830301114333989879e-13	5.039129736248313373e-13	1.941694569970503048e+00	3.625871274240208563e-13	5.011666734263356086e-13
7.600000000000075466e-07	1.938176007936883938e+00	-5.371303988702141446e-13	5.071178863102384745e-13	1.939459335875590051e+00	6.547783497896326015e-13	5.042235916191740591e-13
7.700000000000074508e-07	1.935910565577934062e+00	-8.326967673688432721e-13	5.103615010944019717e-13	1.937235878192987926e+00	1.037616354011212945e-12	5.073152024167890639e-13
7.800000000000073551e-07	1.933655094595547963e+00	-1.410328919834411257e-12	5.136444017157447877e-13	1.935023033287945005e+00	1.692394703800689239e-12	5.104420444559343952e-13
7.900000000000072593e-07	1.931408523867850002e+00	-2.251704634402509145e-12	5.169671764644179104e-13	1.932819723891237906e+00	2.703974216214575555e-12	5.136046605414695782e-13
8.000000000000071636e-07	1.929169862082362075e+00	-3.048721285509287160e-12	5.203304183744633387e-13	1.930624952285556084e+00	3.715553728628225794e-12	5.168035978667160810e-13
8.100000000000070678e-07	1.926938191541988976e+00	-4.750277100244089944e-12	5.237347254062244731e-13	1.928437794113899928e+00	5.790786436648628161e-12	5.200394082235324127e-13
8.200000000000069721e-07	1.924712662528784035e+00	-7.320691962345448393e-12	5.271807006197316328e-13	1.926257392745754027e+00	8.876634329613936701e-12	5.233126482030137670e-13
8.300000000000068763e-07	1.922492488168654923e+00	-1.116450124403503162e-11	5.306689523398484840e-13	1.924082954144169078e+00	1.348129798239402892e-11	5.266238793876432916e-13
8.400000000000067806e-07	1.920276939746613953e+00	-1.686174791645023588e-11	5.342000943137834039e-13	1.921913742183384954e+00	2.027402065676898460e-11	5.299736685356648108e-13
8.500000000000066849e-07	1.918065342427863085e+00	-2.558071470533438704e-11	5.377747458615680942e-13	1.919749074372274933e+00	3.053928653816867621e-11	5.333625877583037470e-13
8.600000000000065891e-07	1.915857071344885032e+00	-6.792674458081147092e-11	5.413935320200103327e-13	1.917588317943786924e+00	8.114429899983483259e-11	5.367912146905083265e-13
8.700000000000064934e-07	1.913651548015171011e+00	-1.014284450969924259e-10	5.450570836806268447e-13	1.915430886275014899e+00	1.205987929654796304e-10	5.402601326557024099e-13
8.800000000000063976e-07	1.911448237057931987e+00	-1.494890795401967974e-10	5.487660377219736224e-13	1.913276235606254039e+00	1.777226590997347414e-10	5.437699308251008615e-13
8.900000000000063019e-07	1.909246643181585990e+00	-2.195792927946675397e-10	5.525210371367721345e-13	1.911123862030837062e+00	2.598997528128658525e-10	5.473212043720068046e-13
9.000000000000062061e-07	1.907046308416743052e+00	-3.198085966920406997e-10	5.563227311541912985e-13	1.908973298730465062e+00	3.767656341484260659e-10	5.509145546215198012e-13
9.100000000000061104e-07	1.904846809572074084e+00	-4.617927977339902845e-10	5.601717753576260043e-13	1.906824113433432055e+00	5.416569519644040580e-10	5.545505891960266425e-13
9.200000000000060147e-07	1.902647755892705073e+00	-6.611964312936595766e-10	5.640688317982776359e-13	1.904675906075389946e+00	7.721543602949722449e-10	5.582299221568322998e-13
9.300000000000059189e-07	1.900448786902974918e+00	-9.386932317750798684e-10	5.680145691047732734e-13	1.902528306644484912e+00	1.091457649314255431e-09	5.619531741422107349e-13
9.400000000000058232e-07	1.898249570417039900e+00	-1.321229401599233165e-09	5.720096625891555805e-13	1.900380973194355949e+00	1.529838022494682255e-09	5.657209725021956563e-13
9.500000000000057274e-07	1.896049800702628962e+00	-1.844132113218446037e-09	5.760547943494020064e-13	1.898233590010310001e+00	2.126361349778782232e-09	5.695339514303790075e-13
9.600000000000056317e-07	1.893849196784550992e+00	-2.552587340973763957e-09	5.801506533687633009e-13	1.896085865915265067e+00	2.930983651145289947e-09	5.733927520929107527e-13
9.700000000000055359e-07	1.891647500875947907e+00	-3.504351549956489348e-09	5.842979356120626045e-13	1.893937532703467985e+00	4.007227105297191367e-09	5.772980227549785483e-13
9.800000000000054402e-07	1.889444476926368965e+00	-4.772450366465902049e-09	5.884973441192063392e-13	1.891788343691060970e+00	5.435056638442214149e-09	5.812504189049456221e-13
9.900000000000053444e-07	1.887239909276865024e+00	-6.448874845259109630e-09	5.927495890960373561e-13	1.889638072373700961e+00	7.314433470921825678e-09	5.852506033763391119e-13
1.000000000000005249e-06	1.885033601413101056e+00	-8.648429618420437459e-09	5.970553880027501633e-13	1.887486511182226101e+00	9.769589016405789548e-09	5.892992464678732465e-13
1.010000000000005153e-06	1.882825374808448915e+00	-1.151387710041554933e-08	6.014154656399760724e-13	1.885333470328347971e+00	1.295409242251087109e-08	5.933970260616473150e-13
1.020000000000005057e-06	1.880615067849660926e+00	-1.522192017598573909e-08	6.058305542327385978e-13	1.883178776732955972e+00	1.705694029840933595e-08	5.975446277397235068e-13
1.030000000000004961e-06	1.878402534838433890e+00	-1.999053494666309381e-08	6.103013935124051235e-13	1.881022273030358960e+00	2.230978531298500712e-08	6.017427448991576239e-13
1.040000000000004866e-06	1.876187645062795895e+00	-2.608768150149235736e-08	6.148287307967963970e-13	1.878863816642402984e+00	2.899592083301463934e-08	6.059920788657019833e-13
1.050000000000004770e-06	1.873970281932773041e+00	-3.384229580477095068e-08	6.194133210685539158e-13	1.876703278916900031e+00	3.746080366322055130e-08	6.102933390062104972e-13
1.060000000000004674e-06	1.871750342175223070e+00	-4.365725411622153628e-08	6.240559270519275716e-13	1.874540544325290048e+00	4.812502810608110082e-08	6.146472428399512134e-13
1.070000000000004578e-06	1.869527735083275966e+00	-5.602559201728000535e-08	6.287573192881535948e-13	1.872375509714959918e+00	6.150039358315596356e-08	6.190545161489030544e-13
1.080000000000004483e-06	1.867302381816142054e+00	-7.154917475917189735e-08	6.335182762094791412e-13	1.870208083611984984e+00	7.820793466133676947e-08	6.235158930871428806e-13
1.090000000000004387e-06	1.865074214745402914e+00	-9.096178567934447658e-08	6.383395842120101255e-13	1.868038185570410015e+00	9.900055766919972527e-08	6.280321162894587878e-13
1.100000000000004291e-06	1.862843176844307891e+00	-1.151556591986689137e-07	6.432220377275215452e-13	1.865865745564607048e+00	1.247887187989671389e-07	6.326039369792339672e-13
1.110000000000004196e-06	1.860609221116753087e+00	-1.452123923520243612e-07	6.481664392943304610e-13	1.863690703421368999e+00	1.566705959697375021e-07	6.372321150757821751e-13
1.120000000000004100e-06	1.858372310063080901e+00	-1.824374045683638895e-07	6.531735996273813780e-13	1.861513008288901982e+00	1.959655770060744142e-07	6.419174193011541978e-13
1.130000000000004004e-06	1.856132415179867046e+00	-2.283982224651435532e-07	6.582443376876868064e-13	1.859332618139863058e+00	2.442510776296366698e-07	6.466606272865501141e-13
1.140000000000003908e-06	1.853889516491268097e+00	-2.849650959177952293e-07	6.633794807512436646e-13	1.857149499306044005e+00	3.034018763318592033e-07	6.514625256784499401e-13
1.150000000000003813e-06	1.851643602109596998e+00	-3.543519097141502957e-07	6.685798644775666873e-13	1.854963626042348102e+00	3.756300798979908245e-07	6.563239102444972919e-13
1.160000000000003717e-06	1.849394667823007099e+00	-4.391560455637552945e-07	6.738463329780092833e-13	1.852774980117948944e+00	4.635238863893222023e-07	6.612455859792781352e-13
1.170000000000003621e-06	1.847142716708342070e+00	-5.423934904885528105e-07	6.791797388839531261e-13	1.850583550432707058e+00	5.700812477639272664e-07	6.662283672100851974e-13
1.180000000000003525e-06	1.844887758767344010e+00	-6.675245445104625564e-07	6.845809434151227515e-13	1.848389332657019990e+00	6.987365333654579158e-07	6.712730777027160033e-13
1.190000000000003430e-06	1.842629810584585970e+00	-8.184683050678932792e-07	6.900508164480558564e-13	1.846192328893472068e+00	8.533743379089902645e-07	6.763805507674725573e-13
1.200000000000003334e-06	1.840368895005551897e+00	-1.000411432538017914e-06	6.955902365850310114e-13	1.843992547358727085e+00	1.037100219517939090e-06	6.815516293653695360e-13
1.210000000000003238e-06	1.838105040833500015e+00	-1.221006652031877692e-06	7.012000912234122958e-13	1.841790002084296995e+00	1.258021092841951096e-06	6.867871662147773780e-13
1.220000000000003142e-06	1.835838282543770905e+00	-1.495395680570808630e-06	7.068812766258443370e-13	1.839584712634827923e+00	1.533337770906098039e-06	6.920880238984735104e-13
1.230000000000003047e-06	1.833568660014349927e+00	-1.828031436698042829e-06	7.126346979913377404e-13	1.837376703842743098e+00	1.865542441521062775e-06	6.974550749711763333e-13
1.240000000000002951e-06	1.831296218271545095e+00	-2.230291835930228293e-06	7.184612695273166016e-13	1.835166005558094060e+00	2.265478739091577615e-06	7.028892020678738716e-13
1.250000000000002855e-06	1.829021007249751030e+00	-2.715425842888987563e-06	7.243619145230713777e-13	1.832952652412588090e+00	2.745739881923272649e-06	7.083912980128656067e-13
1.260000000000002759e-06	1.826743081564355942e+00	-3.298763307034398073e-06	7.303375654246081298e-13	1.830736683596867032e+00	3.320853865300489258e-06	7.139622659296733937e-13
1.270000000000002664e-06	1.824462500296877066e+00	-3.997913340492049045e-06	7.363891639111837330e-13	1.828518142650088940e+00	4.007464499161310894e-06	7.196030193519704007e-13
1.280000000000002568e-06	1.822179326791488085e+00	-4.832967874919092868e-06	7.425176609737876657e-13	1.826297077261028967e+00	4.824513567815414811e-06	7.253144823356248021e-13
1.290000000000002472e-06	1.819893628462220025e+00	-5.826686394271466470e-06	7.487240169956409611e-13	1.824073539079932083e+00	5.793402237503410154e-06	7.310975895719676847e-13
1.300000000000002376e-06	1.817605476610060000e+00	-7.004674269361750596e-06	7.550092018351241941e-13	1.821847583540376014e+00	6.938150372032896946e-06	7.369532865024422790e-13
1.310000000000002281e-06	1.815314946249316996e+00	-8.395539572221829774e-06	7.613741949112139695e-13	1.819619269690506025e+00	8.285522883059935856e-06	7.428825294347567989e-13
1.320000000000002185e-06	1.813022115942640067e+00	-1.003104506303535924e-05	7.678199852917868759e-13	1.817388660033010028e+00	9.865161318122998163e-06	7.488862856606470105e-13
1.330000000000002089e-06	1.810727067644094079e+00	-1.194623953933250578e-05	7.743475717849392357e-13	1.815155820373284046e+00	1.170967626792248778e-05	7.549655335754433123e-13
1.340000000000001993e-06	1.808429886549776988e+00	-1.417958629012562068e-05	7.809579630337175618e-13	1.812920819675210016e+00	1.385474784113967817e-05	7.611212627995520830e-13
1.350000000000001898e-06	1.806130660955451939e+00	-1.677309450427623432e-05	7.876521776143589779e-13	1.810683729924079000e+00	1.633920674480750625e-05	7.673544743020048802e-13
1.360000000000001802e-06	1.803829482120776984e+00	-1.977247102802825738e-05	7.944312441384337866e-13	1.808444625996213029e+00	1.920513311115876328e-05	7.736661805262306874e-13
1.370000000000001706e-06	1.801526444139627925e+00	-2.322730458335097207e-05	8.012962013591904832e-13	1.806203585534774891e+00	2.249797682287474912e-05	7.800574055182821364e-13
1.380000000000001610e-06	1.799221643816186988e+00	-2.719131095949396470e-05	8.082480982822705281e-13	1.803960688831462100e+00	2.626670781266221669e-05	7.865291850575354966e-13
1.390000000000001515e-06	1.796915180546347024e+00	-3.172266448817058173e-05	8.152879942812300969e-13	1.801716018713620082e+00	3.056404571253276567e-05	7.930825667902247074e-13
1.400000000000001419e-06	1.794607156204135912e+00	-3.688444750514750260e-05	8.224169592180482395e-13	1.799469660436473939e+00	3.544676705773974632e-05	7.997186103657896617e-13
1.410000000000001323e-06	1.792297675032789028e+00	-4.274522455805793771e-05	8.296360735690569495e-13	1.797221701580125952e+00	4.097613370874015395e-05	8.064383875764606126e-13
1.420000000000001227e-06	1.789986843540180006e+00	-4.937980793205111826e-05	8.369464285565183163e-13	1.794972231951001973e+00	4.721844249009260258e-05	8.132429825000337671e-13
1.430000000000001132e-06	1.787674770398328006e+00	-5.687018578934465915e-05	8.443491262861662230e-13	1.792721343487490904e+00	5.424576034089664161e-05	8.201334916461822903e-13
1.440000000000001036e-06	1.785361566346689965e+00	-6.530397997671875954e-05	8.518452798911421346e-13	1.790469130169461964e+00	6.213720224218010691e-05	8.271110241065028502e-13
1.450000000000000940e-06	1.783047344099004894e+00	-7.477983366942601037e-05	8.594360136826530410e-13	1.788215687931447029e+00	7.097447136245540350e-05	8.341767017083463713e-13
1.460000000000000844e-06	1.780732218253433086e+00	-8.540854145076077954e-05	8.671224633074104230e-13	1.785961114579202036e+00	8.085442430269301935e-05	8.413316591729942138e-13
1.470000000000000749e-06	1.778416305205799963e+00	-9.731202189589376853e-05	8.749057759126625794e-13	1.783705509709492931e+00	9.188141558154385162e-05	8.485770442780011535e-13
1.480000000000000653e-06	1.776099723065702962e+00	-1.106258841249843975e-04	8.827871103188180924e-13	1.781448974632819038e+00	1.041710418745886245e-04	8.559140180241703510e-13
1.490000000000000557e-06	1.773782591575302936e+00	-1.255007294113814344e-04	8.907676372001201682e-13	1.779191612298937963e+00	1.178514092941478026e-04	8.633437548073488290e-13
1.500000000000000462e-06	1.771465032030635101e+00	-1.421031580319330034e-04	8.988485392737450523e-13	1.776933527224983989e+00	1.330642093882769116e-04	8.708674425952716599e-13
1.510000000000000366e-06	1.769147167205231908e+00	-1.606161752723744493e-04	9.070310114976459216e-13	1.774674825426004965e+00	1.499654515079776036e-04	8.784862831096974019e-13
1.520000000000000270e-06	1.766829121275937942e+00	-1.812387865925487612e-04	9.153162612774905116e-13	1.772415614347766066e+00	1.687256326517437858e-04	8.862014920140523863e-13
1.530000000000000174e-06	1.764511019750732101e+00	-2.041844201371436577e-04	9.237055086831034455e-13	1.770156002801652084e+00	1.895290875955836941e-04	8.940142991069055555e-13
1.540000000000000079e-06	1.762192989398446041e+00	-2.296778132118889584e-04	9.321999866746969007e-13	1.767896100901555911e+00	2.125722511434066187e-04	9.019259485214742900e-13
1.549999999999999983e-06	1.759875158180234989e+00	-2.579499697042292338e-04	9.408009413392571583e-13	1.765636020002580908e+00	2.380604744027746400e-04	9.099376989314090109e-13
1.559999999999999887e-06	1.757557655182683920e+00	-2.892307964972271896e-04	9.495096321374755859e-13	1.763375872641467890e+00	2.662031255511954292e-04	9.180508237631916949e-13
1.569999999999999791e-06	1.755240610552426084e+00	-3.237390217513766042e-04	9.583273321615216232e-13	1.761115772478601960e+00	2.972065607593374565e-04	9.262666114153371202e-13
1.579999999999999696e-06	1.752924155432179942e+00	-3.616690676960974894e-04	9.672553284040018908e-13	1.758855834241507043e+00	3.312647356343064592e-04	9.345863654846896717e-13
1.589999999999999600e-06	1.750608421898091072e+00	-4.031746867005519034e-04	9.762949220384315696e-13	1.756596173669701999e+00	3.685471236255577552e-04	9.430114050000875252e-13
1.599999999999999504e-06	1.748293542898299968e+00	-4.483492607210351607e-04	9.854474287115940774e-13	1.754336907460853023e+00	4.091838376404887930e-04	9.515430646636984480e-13
1.609999999999999408e-06	1.745979652192648945e+00	-4.972029146655852164e-04	9.947141788480027054e-13	1.752078153218110890e+00	4.532479490699276199e-04	9.601826951001815028e-13
1.619999999999999313e-06	1.743666884294257091e+00	-5.505384085066311302e-04	1.004096518001228822e-12	1.749820029397910925e+00	4.979544581426052297e-04	9.689316630883022644e-13
1.629999999999999217e-06	1.741355374408158907e+00	-6.117638733587310151e-04	1.013595807055436875e-12	1.747562655261754916e+00	5.519683834580031007e-04	9.777913519222415143e-13
1.639999999999999121e-06	1.739045258379390058e+00	-6.810636323010667379e-04	1.023213422793481779e-12	1.745306150822534041e+00	6.080671123666516863e-04	9.867631615181432125e-13
1.649999999999999025e-06	1.736736672629600964e+00	-7.611564328028107632e-04	1.032950757968748621e-12	1.743050636800981934e+00	6.766992116230427729e-04	9.958485089101159033e-13
1.659999999999998930e-06	1.734429754107799981e+00	-8.506132260725624266e-04	1.042809221942388090e-12	1.740796234572884016e+00	7.531115118239270923e-04	1.005048828342434475e-12
1.669999999999998834e-06	1.732124640231692991e+00	-9.504045687182201578e-04	1.052790240915152015e-12	1.738543066124681014e+00	8.381233442455906634e-04	1.014365571684717174e-12
1.679999999999998738e-06	1.729821468834205067e+00	-1.061542308621963660e-03	1.062895258360033469e-12	1.736291254006359974e+00	9.325962259808007497e-04	1.023800208717396219e-12
1.689999999999998642e-06	1.727520378109802968e+00	-1.185068260062083472e-03	1.073125735433378759e-12	1.734040921285642911e+00	1.037425581125147158e-03	1.033354227453676645e-12
1.699999999999998547e-06	1.725221506561366080e+00	-1.322041079967200758e-03	1.083483151400198819e-12	1.731792191502754097e+00	1.153530428448423491e-03	1.043029134471633168e-12
1.709999999999998451e-06	1.722924992947648004e+00	-1.473521737933086587e-03	1.093969004073848422e-12	1.729545188625746910e+00	1.281841995414468877e-03	1.052826455256802908e-12
1.719999999999998355e-06	1.720630976231209974e+00	-1.640557984793350335e-03	1.104584810270218615e-12	1.727300037006324063e+00	1.423290667160248069e-03	1.062747734555367475e-12
1.729999999999998259e-06	1.718339595526882091e+00	-1.824168755423094881e-03	1.115332106276344429e-12	1.725056861336129010e+00	1.578792206592888716e-03	1.072794536738106182e-12
1.739999999999998164e-06	1.716050990050633995e+00	-2.025328979345473492e-03	1.126212448333705145e-12	1.722815786603465904e+00	1.749234261690935099e-03	1.082968446175459446e-12
1.749999999999998068e-06	1.713765299068906955e+00	-2.244956216590012626e-03	1.137227413136013551e-12	1.720576938050407012e+00	1.935462574544149876e-03	1.093271067623671878e-12
1.759999999999997972e-06	1.711482661848324094e+00	-2.483899786743493186e-03	1.148378598341505093e-12	1.718340441130272067e+00	2.138269018969582783e-03	1.103704026622303870e-12
1.769999999999997876e-06	1.709203217605812952e+00	-2.742933845031177761e-03	1.159667623099796383e-12	1.716106421465448895e+00	2.358381724131999695e-03	1.114268969903161735e-12
1.779999999999997781e-06	1.706927105459066896e+00	-3.022755321134315120e-03	1.171096128592974417e-12	1.713875004805512914e+00	2.596457895699504081e-03	1.124967565810852610e-12
1.789999999999997685e-06	1.704654464377381107e+00	-3.323987999821705931e-03	1.182665778590957478e-12	1.711646316985647065e+00	2.853081402584948818e-03	1.135801504734882118e-12
1.799999999999997589e-06	1.702385433132820980e+00	-3.647193448950423675e-03	1.194378260020826626e-12	1.709420483885335074e+00	3.128764436502205933e-03	1.146772499553566220e-12
1.809999999999997493e-06	1.700120150251716922e+00	-3.992889655859938741e-03	1.206235283549966626e-12	1.707197631387284975e+00	3.423955797105538920e-03	1.157882286089695847e-12
1.819999999999997398e-06	1.697858753966487111e+00	-4.361577512809022839e-03	1.218238584182568788e-12	1.704977885336615984e+00	3.739054867476826385e-03	1.169132623577894559e-12
1.829999999999997302e-06	1.695601382167776894e+00	-4.753775082223228240e-03	1.230389921869472497e-12	1.702761371500236987e+00	4.074432594644426808e-03	1.180525295143827129e-12
1.839999999999997206e-06	1.693348172356909931e+00	-5.170058626604488727e-03	1.242691082130487967e-12	1.700548215526469065e+00	4.430459064900398730e-03	1.192062108295096503e-12
1.849999999999997110e-06	1.691099261598655090e+00	-5.611109031474222943e-03	1.255143876689377922e-12	1.698338542904834103e+00	4.807537251458980122e-03	1.203744895423678877e-12
1.859999999999997015e-06	1.688854786474301095e+00	-6.077761093538019445e-03	1.267750144120351346e-12	1.696132478926059894e+00	5.206142066747449122e-03	1.215575514320104906e-12
1.869999999999996919e-06	1.686614883034250001e+00	-6.567833866198183844e-03	1.280511750456777337e-12	1.693930148642798006e+00	5.628248024601412679e-03	1.227555848730665601e-12
1.879999999999996823e-06	1.684379686754706063e+00	-7.084146429927112507e-03	1.293430590044578825e-12	1.691731676827969988e+00	6.069385867925231742e-03	1.239687808775725205e-12
1.889999999999996728e-06	1.682149332487506976e+00	-7.627818207749969756e-03	1.306508585960802315e-12	1.689537187938132012e+00	6.532988076448651218e-03	1.251973331662562864e-12
1.899999999999996632e-06	1.679923954417130050e+00	-8.200130849193038723e-03	1.319747690865024030e-12	1.687346806072423933e+00	7.019813850390851234e-03	1.264414382140490187e-12
1.909999999999996536e-06	1.677703686014760054e+00	-8.802562886918859422e-03	1.333149887657339168e-12	1.685160654933878011e+00	7.530798406250009333e-03	1.277012953093661059e-12
1.919999999999996440e-06	1.675488659993336960e+00	-9.436751601660712738e-03	1.346717190182922889e-12	1.682978857790482952e+00	8.067055156487798473e-03	1.289771066119671955e-12
1.929999999999996345e-06	1.673279008262970935e+00	-1.010441616490683966e-02	1.360451643943217419e-12	1.680801537436446891e+00	8.629857724254348661e-03	1.302690772117700686e-12
1.939999999999996249e-06	1.671074861886707064e+00	-1.080724148862565945e-02	1.374355326813220837e-12	1.678628816153614034e+00	9.220596299106200919e-03	1.315774151885811984e-12
1.949999999999996153e-06	1.668876351036695960e+00	-1.154671015189401642e-02	1.388430349763679156e-12	1.676460815673096016e+00	9.840701938404514126e-03	1.329023316726762693e-12
1.959999999999996057e-06	1.666683604950756958e+00	-1.232387688920806405e-02	1.402678857587261641e-12	1.674297657137093998e+00	1.049153336454622387e-02	1.342440409061874997e-12
1.969999999999995962e-06	1.664496751889340986e+00	-1.313908530637923969e-02	1.417103029627416791e-12	1.672139461060903942e+00	1.117422130535719073e-02	1.356027603052272284e-12
1.979999999999995866e-06	1.662315919092957950e+00	-1.399161960243227795e-02	1.431705080509005057e-12	1.669986347295165929e+00	1.188946498936914106e-02	1.369787105226669649e-12
1.989999999999995770e-06	1.660141232740020900e+00	-1.487929347151613346e-02	1.446487260869257310e-12	1.667838434988305973e+00	1.263727879334110987e-02	1.383721155115185491e-12
1.999999999999995674e-06	1.657972817905172036e+00	-1.579798120039685450e-02	1.461451858087968522e-12	1.665695842549208994e+00	1.341668705091444112e-02	1.397832025887997037e-12
