# wavelength [m]	effective refractive index	transmission [dB/m]	effective mode area [m]	effective refractive index	transmission [dB/m]	effective mode area [m]	
8.900000000000063019e-07	1.922555185838918046e+00	4.521101787238212544e-01	1.282279193118455280e-12	1.928620971655125027e+00	-2.769228794549056238e-01	1.297126946885450932e-12
9.000000000000062061e-07	1.920527673506563948e+00	4.873577475705601625e-01	1.288691946907868361e-12	1.926761059851098912e+00	-2.990430615838051143e-01	1.302944929926631097e-12
9.100000000000061104e-07	1.918499240016618979e+00	5.246298708725863902e-01	1.295177556358915153e-12	1.924902404443795012e+00	-3.225300171786937842e-01	1.308814057296372643e-12
9.200000000000060147e-07	1.916469432187831945e+00	5.638354792303330587e-01	1.301736788203150401e-12	1.923044534301439956e+00	-3.473448975804607763e-01	1.314734933673017812e-12
9.300000000000059189e-07	1.914437827267063907e+00	6.048535512269009873e-01	1.308370412114364444e-12	1.921187008115915917e+00	-3.734299265336167295e-01	1.320708165680700582e-12
9.400000000000058232e-07	1.912404030931635024e+00	6.475360064719157815e-01	1.315079200732531470e-12	1.919329412410754943e+00	-4.007095082485178650e-01	1.326734361977987678e-12
9.500000000000057274e-07	1.910367675445262092e+00	6.917121505166468065e-01	1.321863929672787535e-12	1.917471359702711986e+00	-4.290923513371509013e-01	1.332814133334453557e-12
9.600000000000056317e-07	1.908328417954225031e+00	7.371941854004648853e-01	1.328725377526438085e-12	1.915612486803462966e+00	-4.584742677922059584e-01	1.338948092698328481e-12
9.700000000000055359e-07	1.906285938911765010e+00	7.837836157630808653e-01	1.335664325854496615e-12	1.913752453249464969e+00	-4.887415706107839930e-01	1.345136855255632841e-12
9.800000000000054402e-07	1.904239940619802951e+00	8.312783324316210809e-01	1.342681559173751038e-12	1.911890939849012927e+00	-5.197749672200325799e-01	1.351381038481139439e-12
9.900000000000053444e-07	1.902190145878170924e+00	8.794801145597551661e-01	1.349777864935791346e-12	1.910027647336731027e+00	-5.514538163601938603e-01	1.357681262181235418e-12
1.000000000000005249e-06	1.900136296732380936e+00	9.282022442656483463e-01	1.356954033498942419e-12	1.908162295126480945e+00	-5.836606001005369970e-01	1.364038148529045936e-12
1.010000000000005153e-06	1.898078153311882010e+00	9.772769256014907091e-01	1.364210858093286762e-12	1.906294620154671993e+00	-6.162854355724221023e-01	1.370452322091958720e-12
1.020000000000005057e-06	1.896015492751413900e+00	1.026562153529409827e+00	1.371549134778740427e-12	1.904424375806555991e+00	-6.492304442993256375e-01	1.376924409851809215e-12
1.030000000000004961e-06	1.893948108188779900e+00	1.075947699297655324e+00	1.378969662396290753e-12	1.902551330918857087e+00	-6.824137852889001765e-01	1.383455041217811132e-12
1.040000000000004866e-06	1.891875807832964052e+00	1.125359882970506042e+00	1.386473242512129164e-12	1.900675268852638045e+00	-7.157731601904709917e-01	1.390044848032528269e-12
1.050000000000004770e-06	1.889798414097048074e+00	1.174764817635816971e+00	1.394060679354599040e-12	1.898795986630904098e+00	-7.492686036981254238e-01	1.396694464570938884e-12
1.060000000000004674e-06	1.887715762790820095e+00	1.224169872427522732e+00	1.401732779743919095e-12	1.896913294135804895e+00	-7.828843888092131831e-01	1.403404527532929065e-12
1.070000000000004578e-06	1.885627702368515068e+00	1.273623122025163701e+00	1.409490353014189087e-12	1.895027013360925050e+00	-8.166298971315397726e-01	1.410175676029263989e-12
1.080000000000004483e-06	1.883534093227434036e+00	1.323210652307394319e+00	1.417334210927621126e-12	1.893136977714402924e+00	-8.505393329235411137e-01	1.417008551561301799e-12
1.090000000000004387e-06	1.881434807053554925e+00	1.373051631045135057e+00	1.425265167580512100e-12	1.891243031369014060e+00	-8.846701938131497078e-01	1.423903797994613892e-12
1.100000000000004291e-06	1.879329726210654083e+00	1.423291181101450142e+00	1.433284039300735071e-12	1.889345028655764924e+00	-9.191004625688782292e-01	1.430862061526704075e-12
1.110000000000004196e-06	1.877218743169605020e+00	1.474091140471387451e+00	1.441391644536288002e-12	1.887442833497676054e+00	-9.539245172625309133e-01	1.437883990649010967e-12
1.120000000000004100e-06	1.875101759974989069e+00	1.525618949194573970e+00	1.449588803734595056e-12	1.885536318880910001e+00	-9.892478122019252584e-01	1.444970236103300676e-12
1.130000000000004004e-06	1.872978687746156945e+00	1.578034948129910298e+00	1.457876339212172739e-12	1.883625366360432984e+00	-1.025180449835553009e+00	1.452121450832787008e-12
1.140000000000003908e-06	1.870849446210343991e+00	1.631478526333266732e+00	1.466255075014234574e-12	1.881709865597781972e+00	-1.061829800752863040e+00	1.459338289927857029e-12
1.150000000000003813e-06	1.868713963265451916e+00	1.686053616752774209e+00	1.474725836763979435e-12	1.879789713928643025e+00	-1.099292383799631567e+00	1.466621410566796385e-12
1.160000000000003717e-06	1.866572174570404030e+00	1.741814149970305259e+00	1.483289451501264068e-12	1.877864815958105948e+00	-1.137645291716322449e+00	1.473971471951431580e-12
1.170000000000003621e-06	1.864424023161119104e+00	1.798750149347861926e+00	1.491946747510293652e-12	1.875935083181702101e+00	-1.176937473566310288e+00	1.481389135237807961e-12
1.180000000000003525e-06	1.862269459090285073e+00	1.856775217679527357e+00	1.500698554136296285e-12	1.874000433630397922e+00	-1.217181240484460414e+00	1.488875063461918146e-12
1.190000000000003430e-06	1.860108439089301013e+00	1.915716218465963516e+00	1.509545701590870576e-12	1.872060791537949020e+00	-1.258344402999614697e+00	1.496429921460449400e-12
1.200000000000003334e-06	1.857940926250821079e+00	1.975305991596625566e+00	1.518489020746157630e-12	1.870116087029026097e+00	-1.300343465556534461e+00	1.504054375786605888e-12
1.210000000000003238e-06	1.855766889730533054e+00	2.035179939140459027e+00	1.527529342917647166e-12	1.868166255826783084e+00	-1.343038338803621556e+00	1.511749094620648567e-12
1.220000000000003142e-06	1.853586303572132055e+00	2.091707122226382332e+00	1.536667475039454567e-12	1.866211239439443892e+00	-1.379048978994436681e+00	1.519514760965108997e-12
1.230000000000003047e-06	1.851399148882296952e+00	2.155084146121065913e+00	1.545904269403976895e-12	1.864250983668235939e+00	-1.417765227644235182e+00	1.527352036289862344e-12
1.240000000000002951e-06	1.849205412393563952e+00	2.230468694218783909e+00	1.555240580283854940e-12	1.862285438947697935e+00	-1.468159023556465215e+00	1.535261579255659230e-12
1.250000000000002855e-06	1.847005084125072027e+00	2.309624311731446333e+00	1.564677218796501811e-12	1.860314561183816107e+00	-1.521200996822994700e+00	1.543244073826236088e-12
1.260000000000002759e-06	1.844798159680383076e+00	2.392530156478799963e+00	1.574215016769704252e-12	1.858338310292493967e+00	-1.576871827897407652e+00	1.551300194842410719e-12
1.270000000000002664e-06	1.842584639289396087e+00	2.479170560351727115e+00	1.583854803230456246e-12	1.856356650365889926e+00	-1.635283108816226738e+00	1.559430617521471096e-12
1.280000000000002568e-06	1.840364527603089995e+00	2.569433428133080621e+00	1.593597406563579720e-12	1.854369549490479052e+00	-1.696451634353440818e+00	1.567636017983732371e-12
1.290000000000002472e-06	1.838137833513060926e+00	2.663136179535761983e+00	1.603443653655543739e-12	1.852376979568234105e+00	-1.760352161087213929e+00	1.575917072941372771e-12
1.300000000000002376e-06	1.835904569978973999e+00	2.760027460039216063e+00	1.613394369595393482e-12	1.850378916149929109e+00	-1.826916258838342078e+00	1.584274459542044766e-12
1.310000000000002281e-06	1.833664753865861030e+00	2.859790861455025812e+00	1.623450377365078128e-12	1.848375338278376967e+00	-1.896032197608466197e+00	1.592708855205003236e-12
1.320000000000002185e-06	1.831418405790641080e+00	2.962050630858707567e+00	1.633612497519104571e-12	1.846366228340990956e+00	-1.967545949406486194e+00	1.601220937449428743e-12
1.330000000000002089e-06	1.829165549977332050e+00	3.066379311333411017e+00	1.643881547853572480e-12	1.844351571931098110e+00	-2.041263295875541228e+00	1.609811383714761111e-12
1.340000000000001993e-06	1.826906214120378902e+00	3.172307159419751610e+00	1.654258343064967341e-12	1.842331357717444940e+00	-2.116953062952378950e+00	1.618480871172922362e-12
1.350000000000001898e-06	1.824640429255659946e+00	3.279333152165941456e+00	1.664743694398312241e-12	1.840305577321432962e+00	-2.194351422291697773e+00	1.627230076531790231e-12
1.360000000000001802e-06	1.822368229638700043e+00	3.386937323172001690e+00	1.675338409285040674e-12	1.838274225201609102e+00	-2.273167219560454200e+00	1.636059675830050110e-12
1.370000000000001706e-06	1.820089652629633070e+00	3.494594084558584335e+00	1.686043290970748303e-12	1.836237298544938001e+00	-2.353088184652269543e+00	1.644970344223008778e-12
1.380000000000001610e-06	1.817804738584599900e+00	3.601786180801942461e+00	1.696859138132387463e-12	1.834194797164520052e+00	-2.433787935778662259e+00	1.653962755758944440e-12
1.390000000000001515e-06	1.815513530753108951e+00	3.708018817502231723e+00	1.707786744485444419e-12	1.832146723403307087e+00	-2.514933575006185862e+00	1.663037583146114622e-12
1.400000000000001419e-06	1.813216075181101949e+00	3.812833517627919555e+00	1.718826898380657924e-12	1.830093082043511954e+00	-2.596193712975093604e+00	1.672195497509784591e-12
1.410000000000001323e-06	1.810912420619338992e+00	3.915821193808024070e+00	1.729980382390355195e-12	1.828033880221358043e+00	-2.677246675925941233e+00	1.681437168139477633e-12
1.420000000000001227e-06	1.808602618436822906e+00	4.016633921456656431e+00	1.741247972884268609e-12	1.825969127346853016e+00	-2.757788675525864708e+00	1.690763262225825192e-12
1.430000000000001132e-06	1.806286722538974931e+00	4.114994898119243238e+00	1.752630439594644287e-12	1.823898835028336052e+00	-2.837541690494476132e+00	1.700174444587286872e-12
1.440000000000001036e-06	1.803964789290259940e+00	4.210706089394947504e+00	1.764128545170344685e-12	1.821823017001473977e+00	-2.916260756509828411e+00	1.709671377386220289e-12
1.450000000000000940e-06	1.801636877441042950e+00	4.303653068891382105e+00	1.775743044719732756e-12	1.819741689062509993e+00	-2.993740444500547770e+00	1.719254719834539874e-12
1.460000000000000844e-06	1.799303048058372045e+00	4.393806661441174377e+00	1.787474685341964881e-12	1.817654869005491891e+00	-3.069820218675111789e+00	1.728925127888623143e-12
1.470000000000000749e-06	1.796963364460522961e+00	4.481220996899151210e+00	1.799324205646212937e-12	1.815562576563291008e+00	-3.144388440538642193e+00	1.738683253933676464e-12
1.480000000000000653e-06	1.794617892155002004e+00	4.566027726658884234e+00	1.811292335258487140e-12	1.813464833352183891e+00	-3.217384769988121285e+00	1.748529746457282452e-12
1.490000000000000557e-06	1.792266698779855005e+00	4.648426231258032892e+00	1.823379794315505109e-12	1.811361662819837015e+00	-3.288800747110259159e+00	1.758465249712572673e-12
1.500000000000000462e-06	1.789909854048034044e+00	4.728669753072630932e+00	1.835587292944984950e-12	1.809253090196490943e+00	-3.358678400014165621e+00	1.768490403370717071e-12
1.510000000000000366e-06	1.787547429694644974e+00	4.807047562828071996e+00	1.847915530732011777e-12	1.807139142449210922e+00	-3.427106705716288282e+00	1.778605842163044761e-12
1.520000000000000270e-06	1.785179499426875038e+00	4.883863377544289897e+00	1.860365196170716528e-12	1.805019848239026059e+00	-3.494215877651081659e+00	1.788812195513045389e-12
1.530000000000000174e-06	1.782806138876420032e+00	4.959410420912942818e+00	1.872936966100753717e-12	1.802895237880840940e+00	-3.560169386157006954e+00	1.799110087158292461e-12
1.540000000000000079e-06	1.780427425554248044e+00	5.033943689539786881e+00	1.885631505128144549e-12	1.800765343305978927e+00	-3.625153828567184711e+00	1.809500134762447573e-12
1.549999999999999983e-06	1.778043438807515919e+00	5.107650093968175931e+00	1.898449465029199181e-12	1.798630198027241001e+00	-3.689366693937221164e+00	1.819982949515764281e-12
1.559999999999999887e-06	1.775654259778508104e+00	5.180617701698778887e+00	1.911391484141009816e-12	1.796489837106350906e+00	-3.753002279655864193e+00	1.830559135738592934e-12
1.569999999999999791e-06	1.773259971365420018e+00	5.252804214366949331e+00	1.924458186727715650e-12	1.794344297123745102e+00	-3.816235916179626209e+00	1.841229290447895820e-12
1.579999999999999696e-06	1.770860658184890024e+00	5.324007229087657223e+00	1.937650182337142953e-12	1.792193616150514091e+00	-3.879206980057723353e+00	1.851994002945605060e-12
1.589999999999999600e-06	1.768456406536105030e+00	5.393836619552713429e+00	1.950968065136599639e-12	1.790037833722478045e+00	-3.942001036401773462e+00	1.862853854383387268e-12
1.599999999999999504e-06	1.766047304366415993e+00	5.461690801957547414e+00	1.964412413230803859e-12	1.787876990816289036e+00	-4.004631596564690810e+00	1.873809417317515775e-12
1.609999999999999408e-06	1.763633441238334099e+00	5.526738592999203448e+00	1.977983787963958441e-12	1.785711129827491028e+00	-4.067022126791394854e+00	1.884861255258337498e-12
1.619999999999999313e-06	1.761214908297817017e+00	5.587908182180383321e+00	1.991682733204664555e-12	1.783540294550421956e+00	-4.128988936365927565e+00	1.896009922210027304e-12
1.629999999999999217e-06	1.758791798243775961e+00	5.643884949915274341e+00	2.005509774614986073e-12	1.781364530159923909e+00	-4.190225675682506257e+00	1.907255962202211128e-12
1.639999999999999121e-06	1.756364205298760028e+00	5.693119796527318144e+00	2.019465418903509917e-12	1.779183883194777049e+00	-4.250290222586005306e+00	1.918599908813852034e-12
1.649999999999999025e-06	1.753932225180723004e+00	5.733849610425727050e+00	2.033550153064026067e-12	1.776998401542756012e+00	-4.308594776044671448e+00	1.930042284689936022e-12
1.659999999999998930e-06	1.751495955075915933e+00	5.764131436628147753e+00	2.047764443600478311e-12	1.774808134427285911e+00	-4.364399995014208500e+00	1.941583601050197826e-12
1.669999999999998834e-06	1.749055485618671080e+00	5.850374604948984647e+00	2.062108565182934026e-12	1.772613135815525043e+00	-4.378301161346510817e+00	1.953224433921303820e-12
1.679999999999998738e-06	1.746610923794752912e+00	5.976773508262328782e+00	2.076583094008949125e-12	1.770413454895650052e+00	-4.399508206544457067e+00	1.964965207965332793e-12
1.689999999999998642e-06	1.744162379551775111e+00	6.082869788123588251e+00	2.091188607819686588e-12	1.768209141369462056e+00	-4.473888520166048544e+00	1.976806321133592052e-12
1.699999999999998547e-06	1.741709948456898971e+00	6.192810793810503256e+00	2.105925326873374480e-12	1.766000252504773993e+00	-4.550859010423485174e+00	1.988748296841990636e-12
1.709999999999998451e-06	1.739253734937791895e+00	6.307745460904573775e+00	2.120793610501093774e-12	1.763786843983540908e+00	-4.632183953611336058e+00	2.000791579793427740e-12
1.719999999999998355e-06	1.736793844666739028e+00	6.427160289343900601e+00	2.135793789252293973e-12	1.761568972785356069e+00	-4.717952446915977482e+00	2.012936600603335522e-12
1.729999999999998259e-06	1.734330384652972956e+00	6.550405433235482633e+00	2.150926168049534343e-12	1.759346697155758976e+00	-4.808167151783823812e+00	2.025183774493106122e-12
1.739999999999998164e-06	1.731863463225181921e+00	6.676706785726390869e+00	2.166191025371714962e-12	1.757120076601401015e+00	-4.902740891816642410e+00	2.037533500700627334e-12
1.749999999999998068e-06	1.729393190014814063e+00	6.805182155079171125e+00	2.181588612430581254e-12	1.754889171886165000e+00	-5.001495163897206275e+00	2.049986161881543994e-12
1.759999999999997972e-06	1.726919675940169041e+00	6.934861285086030058e+00	2.197119152341710900e-12	1.752654045028182894e+00	-5.104160759490627974e+00	2.062542123501300019e-12
1.769999999999997876e-06	1.724443033191263019e+00	7.064709356348689795e+00	2.212782839290751727e-12	1.750414759297707956e+00	-5.210380479702946488e+00	2.075201733218027338e-12
1.779999999999997781e-06	1.721963375215439962e+00	7.193653402086797932e+00	2.228579837696219205e-12	1.748171379215768040e+00	-5.319714145152389939e+00	2.087965320256265565e-12
1.789999999999997685e-06	1.719480816703748971e+00	7.320611002153524893e+00	2.244510281369642766e-12	1.745923970553576954e+00	-5.431645784808541322e+00	2.100833194771611750e-12
1.799999999999997589e-06	1.716995473578061926e+00	7.444520456117392548e+00	2.260574272674216891e-12	1.743672600332637046e+00	-5.545592969040123776e+00	2.113805647206368097e-12
1.809999999999997493e-06	1.714507462978924091e+00	7.564371451575904182e+00	2.276771881682755892e-12	1.741417336825479056e+00	-5.660918205220701438e+00	2.126882947636414206e-12
1.819999999999997398e-06	1.712016903254123923e+00	7.679235209774327942e+00	2.293103145335838107e-12	1.739158249557007929e+00	-5.776942149569558538e+00	2.140065345109237204e-12
1.829999999999997302e-06	1.709523913947966101e+00	7.788292964343259683e+00	2.309568066600837466e-12	1.736895409306385973e+00	-5.892958440341732107e+00	2.153353066973587086e-12
1.839999999999997206e-06	1.707028615791239989e+00	7.890861532358883323e+00	2.326166613632474111e-12	1.734628888109434941e+00	-6.008249783643366371e+00	2.166746318200751192e-12
1.849999999999997110e-06	1.704531130691832042e+00	7.986414760843683069e+00	2.342898718935371974e-12	1.732358759261483971e+00	-6.122104941362387365e+00	2.180245280697970867e-12
1.859999999999997015e-06	1.702031581725957032e+00	8.074599591574941115e+00	2.359764278528815176e-12	1.730085097320640974e+00	-6.233836184629377719e+00	2.193850112614325460e-12
1.869999999999996919e-06	1.699530093129967945e+00	8.155245537018204871e+00	2.376763151114044126e-12	1.727807978111437048e+00	-6.342796687487409990e+00	2.207560947639548922e-12
1.879999999999996823e-06	1.697026790292690990e+00	8.228366486741025554e+00	2.393895157243836462e-12	1.725527478728827946e+00	-6.448397342779317754e+00	2.221377894296313382e-12
1.889999999999996728e-06	1.694521799748224034e+00	8.294153854488602207e+00	2.411160078494304985e-12	1.723243677542487973e+00	-6.550122412282055606e+00	2.235301035226869882e-12
1.899999999999996632e-06	1.692015249169122049e+00	8.352960306676145308e+00	2.428557656638571287e-12	1.720956654201406977e+00	-6.647543426059775662e+00	2.249330426474603642e-12
1.909999999999996536e-06	1.689507267359890097e+00	8.405273573683601285e+00	2.446087592821706408e-12	1.718666489638726036e+00	-6.740330672729035300e+00	2.263466096761590343e-12
1.919999999999996440e-06	1.686997984250699911e+00	8.451680084981784802e+00	2.463749546736245015e-12	1.716373266076830051e+00	-6.828261736209899624e+00	2.277708046763088460e-12
1.929999999999996345e-06	1.684487530891247919e+00	8.492818596840319145e+00	2.481543135797715755e-12	1.714077067032673041e+00	-6.911226445768390292e+00	2.292056248380289974e-12
1.939999999999996249e-06	1.681976039444597060e+00	8.529324369000253370e+00	2.499467934319254742e-12	1.711777977323283073e+00	-6.989227724523898289e+00	2.306510644012529882e-12
1.949999999999996153e-06	1.679463643180977073e+00	8.561764830672212057e+00	2.517523472684290454e-12	1.709476083071534980e+00	-7.062377837058707364e+00	2.321071145830383452e-12
1.959999999999996057e-06	1.676950476471364082e+00	8.590568255573352019e+00	2.535709236517093217e-12	1.707171471712108923e+00	-7.130889725986243377e+00	2.335737635051259984e-12
1.969999999999995962e-06	1.674436674780761081e+00	8.615947408383100026e+00	2.554024665849805540e-12	1.704864231997663016e+00	-7.195063011194918978e+00	2.350509961219172443e-12
1.979999999999995866e-06	1.671922374661100941e+00	8.637820656928594687e+00	2.572469154286040946e-12	1.702554454005281936e+00	-7.255264700147455947e+00	2.365387941490368048e-12
1.989999999999995770e-06	1.669407713743622068e+00	8.655733612023809087e+00	2.591042048160396570e-12	1.700242229143138051e+00	-7.311904393377028910e+00	2.380371359926776685e-12
1.999999999999995674e-06	1.666892830730676955e+00	8.668784825180443576e+00	2.609742645694416728e-12	1.697927650157446955e+00	-7.365404396605144122e+00	2.395459966799268762e-12
