# 2022-03-22_00.54.42
# shape = sech2
# FWHM_ps = 0.1
# carrier_nm = 1542
# frep_MHz = 12126
# pow_mW = 8000
# GDD = 0.0
# propa_len = 0.14622222222222223
# untap_len = 0.01
# taper_len = 0.08622222222222223
# waist_len = 0.02
# uptap_len = 0.02
# untap_scale = 1.0
# waist_scale = 0.1631578947368421
# workingDir = NL_20110305_12 (Spirou)
# axis = slow
# window_ps = 10.0
# steps = 200
# points = 21700
# 
# wavelength [nm]	 power spectral density [dB]
600.043425	-88.322885
600.163550	-88.810257
600.283723	-92.751415
600.403943	-93.454916
600.524212	-88.188654
600.644529	-85.092017
600.764895	-85.058075
600.885308	-87.646950
601.005770	-91.810805
601.126280	-89.396068
601.246839	-86.151604
601.367446	-85.479109
601.488101	-87.304538
601.608804	-91.801058
601.729557	-93.556239
601.850357	-88.334390
601.971206	-85.671815
602.092104	-86.006292
602.213050	-89.799091
602.334045	-97.239988
602.455089	-94.395765
602.576181	-90.529220
602.697322	-89.720669
602.818511	-90.538152
602.939749	-93.445316
603.061036	-99.526093
603.182372	-93.401596
603.303757	-87.718918
603.425191	-86.048485
603.546673	-87.946957
603.668204	-92.611773
603.789785	-89.570005
603.911414	-85.931429
604.033092	-85.349494
604.154820	-87.000731
604.276596	-92.403591
604.398422	-94.028368
604.520297	-90.056049
604.642220	-88.990543
604.764193	-91.669594
604.886216	-101.432077
605.008287	-99.643588
605.130408	-92.945735
605.252578	-92.040116
605.374798	-94.619847
605.497066	-101.756604
605.619385	-96.119979
605.741752	-94.495656
605.864169	-96.237655
605.986636	-92.158280
606.109152	-88.874034
606.231718	-90.275106
606.354333	-99.269734
606.476998	-93.010596
606.599712	-86.357843
606.722476	-85.061414
606.845290	-87.762070
606.968154	-100.660489
607.091067	-88.845123
607.214030	-85.536115
607.337043	-87.018056
607.460106	-96.499227
607.583219	-94.691875
607.706381	-87.065181
607.829594	-85.144580
607.952856	-87.396170
608.076169	-96.369112
608.199531	-92.777678
608.322944	-86.635928
608.446407	-86.127748
608.569920	-89.199841
608.693483	-96.519218
608.817096	-88.734297
608.940759	-85.284940
609.064473	-85.482531
609.188237	-90.249820
609.312051	-101.463338
609.435916	-89.097762
609.559831	-85.894175
609.683796	-87.049639
609.807812	-92.895198
609.931878	-93.924908
610.055995	-86.277844
610.180162	-83.713821
610.304380	-85.027691
610.428648	-92.154451
610.552967	-94.633773
610.677337	-87.998820
610.801757	-87.508682
610.926228	-88.813183
611.050750	-88.797161
611.175323	-90.960757
611.299946	-102.597660
611.424620	-87.341931
611.549345	-82.794183
611.674121	-83.188610
611.798948	-89.058135
611.923826	-88.992116
612.048755	-83.232946
612.173734	-82.898481
612.298765	-88.580188
612.423847	-94.234962
612.548980	-86.000188
612.674165	-86.070228
612.799400	-93.235126
612.924687	-95.929998
613.050025	-88.838686
613.175414	-91.846459
613.300854	-96.368243
613.426346	-89.036697
613.551889	-88.591187
613.677484	-94.684280
613.803130	-91.964257
613.928827	-88.986242
614.054576	-95.310257
614.180377	-91.687828
614.306229	-83.864789
614.432132	-82.277648
614.558087	-84.293877
614.684094	-86.087893
614.810153	-81.512065
614.936263	-80.033689
615.062425	-81.902778
615.188639	-84.851183
615.314904	-82.570112
615.441222	-81.419962
615.567591	-83.075842
615.694012	-87.973678
615.820486	-90.885481
615.947011	-86.496495
616.073588	-86.986598
616.200217	-91.714712
616.326898	-94.897283
616.453632	-93.330240
616.580417	-95.764918
616.707255	-96.616198
616.834144	-90.266931
616.961086	-88.773027
617.088081	-91.676704
617.215127	-93.574270
617.342226	-87.534866
617.469378	-86.240380
617.596581	-90.025384
617.723837	-110.864595
617.851146	-91.430271
617.978507	-88.929976
618.105920	-91.715327
618.233386	-91.967691
618.360905	-89.498691
618.488476	-91.535773
618.616100	-96.178322
618.743777	-90.614212
618.871506	-88.882964
618.999288	-92.026097
619.127123	-95.099473
619.255011	-95.522035
619.382951	-103.348787
619.510945	-91.199178
619.638991	-87.832675
619.767090	-90.325314
619.895243	-93.294307
620.023448	-87.009331
620.151706	-84.723368
620.280017	-90.123467
620.408382	-89.922625
620.536799	-83.355461
620.665270	-83.531172
620.793794	-88.929620
620.922371	-89.443925
621.051002	-83.868728
621.179686	-84.524585
621.308423	-89.749402
621.437213	-91.693815
621.566057	-90.574523
621.694954	-94.891650
621.823905	-89.714562
621.952909	-87.891431
622.081967	-90.868398
622.211079	-91.286864
622.340244	-88.956252
622.469462	-95.826840
622.598735	-91.362760
622.728061	-83.868160
622.857441	-83.340173
622.986874	-86.520127
623.116361	-85.762125
623.245903	-82.466712
623.375498	-83.223980
623.505147	-89.621956
623.634850	-100.326519
623.764606	-95.716331
623.894417	-91.978411
624.024282	-86.224252
624.154201	-85.643479
624.284174	-91.098850
624.414202	-86.830247
624.544283	-81.844733
624.674419	-82.372400
624.804609	-83.804056
624.934853	-80.697232
625.065151	-79.736239
625.195504	-82.524265
625.325911	-90.701977
625.456373	-89.796453
625.586889	-89.213292
625.717460	-94.808464
625.848085	-87.893220
625.978764	-87.508789
626.109498	-94.448395
626.240287	-86.811852
626.371131	-83.402820
626.502029	-85.146282
626.632982	-92.677166
626.763989	-98.265002
626.895052	-109.191545
627.026169	-87.304804
627.157341	-82.728328
627.288568	-83.005512
627.419850	-83.509073
627.551187	-79.154222
627.682579	-76.935981
627.814026	-77.902382
627.945528	-78.830306
628.077085	-77.937456
628.208697	-78.124554
628.340364	-80.937817
628.472087	-85.645229
628.603865	-86.575136
628.735698	-86.746238
628.867586	-86.958894
628.999530	-87.468746
629.131529	-92.661689
629.263584	-86.244965
629.395694	-82.669581
629.527859	-84.259912
629.660080	-90.951659
629.792357	-88.238402
629.924689	-86.722216
630.057077	-94.706971
630.189520	-91.439543
630.322019	-88.413421
630.454574	-98.606399
630.587184	-91.259472
630.719851	-86.531249
630.852573	-92.761675
630.985351	-92.638470
631.118185	-85.638624
631.251075	-87.944647
631.384021	-99.867775
631.517023	-89.325172
631.650081	-87.513755
631.783195	-93.610567
631.916365	-93.954029
632.049592	-96.347941
632.182874	-94.919370
632.316213	-86.703970
632.449608	-87.947576
632.583059	-90.809360
632.716567	-83.422549
632.850131	-82.113139
632.983751	-85.620217
633.117428	-87.214662
633.251161	-83.509241
633.384951	-85.161032
633.518797	-92.502576
633.652700	-88.785321
633.786660	-88.942067
633.920676	-95.198368
634.054749	-88.453654
634.188879	-89.632194
634.323065	-97.031627
634.457308	-86.724175
634.591608	-85.606997
634.725965	-93.730568
634.860379	-104.496161
634.994850	-94.517282
635.129377	-93.081608
635.263962	-85.868145
635.398604	-85.692384
635.533303	-91.630952
635.668058	-84.453598
635.802872	-80.652251
635.937742	-80.934744
636.072669	-79.376276
636.207654	-77.690938
636.342696	-79.081720
636.477796	-81.288186
636.612953	-80.643470
636.748167	-80.722112
636.883439	-80.942669
637.018768	-80.704995
637.154155	-79.481209
637.289599	-81.416944
637.425101	-84.789240
637.560660	-82.598656
637.696277	-82.437569
637.831952	-84.314755
637.967685	-84.383772
638.103475	-82.527691
638.239324	-81.625798
638.375230	-83.372693
638.511194	-82.239595
638.647215	-80.418491
638.783295	-80.805122
638.919433	-80.256547
639.055629	-78.512498
639.191883	-77.270379
639.328195	-78.060030
639.464565	-77.788181
639.600994	-77.348021
639.737481	-77.739484
639.874025	-78.913186
640.010629	-79.638289
640.147290	-80.161704
640.284010	-83.051254
640.420789	-87.441472
640.557625	-86.367157
640.694521	-89.306450
640.831474	-90.631667
640.968487	-89.481181
641.105558	-90.570329
641.242687	-89.899655
641.379876	-85.865607
641.517123	-86.918434
641.654429	-89.373666
641.791793	-86.695290
641.929216	-85.743664
642.066699	-86.352391
642.204240	-87.066519
642.341840	-92.572260
642.479499	-91.466328
642.617217	-88.569294
642.754994	-90.932929
642.892830	-86.870790
643.030726	-85.637875
643.168680	-93.976946
643.306694	-90.765066
643.444767	-87.165997
643.582899	-95.448681
643.721091	-84.055481
643.859342	-81.759183
643.997652	-86.778704
644.136022	-84.923600
644.274451	-80.447125
644.412940	-82.468426
644.551488	-85.642450
644.690096	-82.401039
644.828763	-84.414592
644.967490	-104.133876
645.106277	-89.075964
645.245124	-87.021173
645.384030	-86.003336
645.522997	-87.867428
645.662023	-92.487726
645.801109	-82.190550
645.940255	-82.243907
646.079460	-89.750221
646.218726	-84.921754
646.358052	-83.284934
646.497438	-88.991235
646.636884	-80.380913
646.776391	-77.952702
646.915957	-80.335306
647.055584	-79.533545
647.195271	-78.489745
647.335019	-82.147978
647.474826	-84.257386
647.614695	-81.544926
647.754623	-87.485104
647.894612	-90.474689
648.034662	-82.692898
648.174772	-80.333824
648.314943	-77.603609
648.455174	-76.101586
648.595466	-77.765397
648.735819	-82.426398
648.876233	-85.244987
649.016707	-93.675505
649.157242	-89.732457
649.297838	-83.526036
649.438495	-83.112875
649.579213	-83.073851
649.719992	-81.486021
649.860832	-81.750067
650.001733	-84.763547
650.142695	-85.726587
650.283718	-85.482479
650.424803	-89.855847
650.565949	-96.817766
650.707156	-95.581873
650.848424	-90.808702
650.989754	-90.591566
651.131145	-109.348005
651.272597	-86.811368
651.414111	-85.719918
651.555687	-92.982222
651.697324	-80.331108
651.839022	-77.436700
651.980782	-80.657044
652.122604	-81.468355
652.264488	-78.776213
652.406433	-82.494268
652.548441	-96.070579
652.690510	-101.377598
652.832640	-83.824717
652.974833	-77.293278
653.117088	-77.199501
653.259405	-80.350825
653.401784	-77.697451
653.544224	-77.567410
653.686727	-85.745288
653.829293	-85.219481
653.971920	-81.071613
654.114609	-82.846181
654.257361	-83.618591
654.400175	-97.150943
654.543052	-82.783739
654.685991	-80.284286
654.828992	-94.338121
654.972056	-79.097124
655.115183	-76.333479
655.258372	-80.535330
655.401623	-82.030708
655.544937	-79.621280
655.688314	-86.038563
655.831754	-93.339039
655.975256	-93.688940
656.118822	-82.196304
656.262450	-75.978837
656.406141	-76.395280
656.549894	-76.384907
656.693711	-73.643399
656.837591	-74.668290
656.981534	-80.371890
657.125540	-80.331234
657.269610	-79.805649
657.413742	-80.197819
657.557938	-80.658619
657.702196	-79.069162
657.846519	-74.981069
657.990904	-74.363759
658.135353	-76.358093
658.279866	-76.010187
658.424441	-75.971948
658.569081	-79.763251
658.713784	-84.737572
658.858550	-86.695403
659.003381	-87.023755
659.148274	-83.123477
659.293232	-81.943478
659.438253	-80.867772
659.583339	-80.122040
659.728488	-82.882085
659.873701	-88.575933
660.018978	-87.305743
660.164318	-87.338665
660.309723	-81.123916
660.455192	-78.450965
660.600725	-78.299504
660.746323	-77.559645
660.891984	-76.830050
661.037710	-77.780479
661.183500	-79.413612
661.329354	-78.390181
661.475272	-81.235334
661.621255	-97.751654
661.767303	-88.570996
661.913415	-85.530046
662.059591	-78.128246
662.205833	-77.351775
662.352138	-78.652628
662.498509	-75.758562
662.644944	-75.587121
662.791443	-78.322441
662.938008	-79.949506
663.084638	-81.170886
663.231332	-84.618459
663.378091	-89.500507
663.524915	-81.755203
663.671804	-77.571067
663.818759	-77.756548
663.965778	-77.809080
664.112863	-76.750443
664.260012	-78.484528
664.407227	-83.401228
664.554507	-84.405075
664.701853	-80.421290
664.849264	-76.965540
664.996740	-75.364482
665.144282	-74.107730
665.291889	-72.871906
665.439561	-73.847520
665.587300	-74.870802
665.735103	-73.999783
665.882973	-75.915638
666.030908	-77.957812
666.178909	-77.602368
666.326976	-79.592544
666.475109	-80.178600
666.623307	-83.152072
666.771571	-93.948402
666.919902	-80.264345
667.068298	-78.337525
667.216761	-76.997605
667.365289	-76.127380
667.513884	-76.885825
667.662545	-77.563147
667.811272	-77.042397
667.960065	-79.926731
668.108925	-83.453861
668.257851	-81.753837
668.406843	-82.036447
668.555902	-83.389292
668.705027	-93.202143
668.854219	-84.966211
669.003478	-78.026360
669.152803	-75.260525
669.302195	-73.573733
669.451653	-73.250917
669.601179	-74.866956
669.750771	-76.215835
669.900430	-79.313123
670.050156	-92.904000
670.199949	-92.124869
670.349808	-82.353779
670.499735	-76.415898
670.649729	-76.378373
670.799790	-76.827096
670.949918	-78.295641
671.100114	-88.482612
671.250377	-84.422458
671.400707	-84.857179
671.551104	-78.087727
671.701569	-75.259814
671.852101	-76.408801
672.002700	-74.204048
672.153368	-74.596693
672.304102	-76.007287
672.454905	-72.649767
672.605775	-74.204398
672.756713	-75.736940
672.907718	-73.909245
673.058791	-78.895707
673.209933	-82.013489
673.361142	-80.074096
673.512419	-76.566589
673.663764	-74.729423
673.815177	-73.559449
673.966658	-70.113331
674.118207	-70.870313
674.269825	-73.793064
674.421510	-71.719384
674.573264	-74.994382
674.725086	-82.911815
674.876977	-78.959051
675.028936	-82.336609
675.180963	-74.185466
675.333059	-78.194375
675.485224	-78.295220
675.637457	-73.248044
675.789758	-76.500507
675.942129	-72.407023
676.094568	-72.287636
676.247075	-75.824296
676.399652	-71.949525
676.552298	-72.491593
676.705012	-77.582353
676.857795	-76.985135
677.010648	-73.484288
677.163569	-72.650276
677.316560	-72.742381
677.469619	-69.552341
677.622748	-69.366055
677.775946	-70.133691
677.929214	-69.222278
678.082551	-70.840604
678.235957	-72.765696
678.389432	-74.043328
678.542977	-76.841105
678.696592	-75.722193
678.850276	-72.116326
679.004030	-70.159888
679.157853	-69.715572
679.311746	-69.619813
679.465709	-70.530532
679.619742	-70.681482
679.773844	-70.596382
679.928017	-72.110384
680.082259	-71.631650
680.236571	-72.634750
680.390954	-78.260367
680.545406	-82.002280
680.699929	-78.251724
680.854522	-73.096031
681.009185	-72.622178
681.163918	-70.214797
681.318722	-69.716877
681.473596	-75.220334
681.628540	-74.902220
681.783555	-78.969162
681.938641	-81.882367
682.093797	-77.442814
682.249023	-76.398549
682.404321	-70.231365
682.559689	-72.414009
682.715128	-73.561268
682.870637	-72.691276
683.026218	-83.980603
683.181869	-74.839242
683.337591	-77.972379
683.493385	-74.599937
683.649249	-72.409210
683.805185	-78.786386
683.961191	-76.407912
684.117269	-94.590624
684.273418	-73.670574
684.429639	-71.836565
684.585930	-73.107864
684.742294	-71.274799
684.898728	-75.142759
685.055234	-75.116460
685.211812	-77.808001
685.368461	-81.632377
685.525182	-76.402112
685.681975	-80.526283
685.838839	-76.817086
685.995775	-85.980257
686.152783	-81.821732
686.309863	-91.013215
686.467014	-75.726306
686.624238	-73.812719
686.781534	-73.246629
686.938902	-69.016772
687.096342	-72.456109
687.253854	-71.246765
687.411438	-70.391132
687.569095	-75.510736
687.726824	-70.415477
687.884626	-73.720555
688.042499	-85.756232
688.200446	-88.287833
688.358465	-71.349422
688.516556	-70.909419
688.674720	-73.058656
688.832957	-66.689938
688.991266	-69.900141
689.149649	-72.475312
689.308104	-69.355681
689.466632	-75.781574
689.625233	-70.032105
689.783906	-73.745520
689.942653	-79.763640
690.101473	-77.186892
690.260367	-78.217149
690.419333	-71.196148
690.578372	-75.292726
690.737485	-69.928171
690.896672	-71.461360
691.055931	-81.664537
691.215264	-80.258891
691.374671	-81.791814
691.534151	-74.490187
691.693704	-75.787099
691.853332	-70.577536
692.013033	-70.431974
692.172807	-71.148464
692.332656	-70.801798
692.492578	-73.135094
692.652575	-74.643502
692.812645	-71.444733
692.972789	-70.803691
693.133007	-72.706288
693.293300	-71.546804
693.453666	-74.105236
693.614107	-70.604926
693.774622	-72.049486
693.935211	-71.442643
694.095875	-67.012591
694.256613	-71.029906
694.417426	-72.560367
694.578313	-72.094648
694.739274	-74.642822
694.900311	-83.550126
695.061421	-71.765004
695.222607	-69.324689
695.383868	-80.631795
695.545203	-69.465294
695.706613	-73.016633
695.868098	-75.983903
696.029658	-72.428536
696.191293	-76.645469
696.353003	-72.724637
696.514789	-78.435878
696.676649	-71.651351
696.838585	-80.787965
697.000596	-69.183335
697.162682	-70.989168
697.324844	-72.581228
697.487081	-67.064745
697.649394	-77.686450
697.811782	-71.577021
697.974246	-73.286206
698.136786	-80.667291
698.299401	-75.446327
698.462092	-72.121413
698.624859	-71.734956
698.787702	-75.784476
698.950621	-68.758408
699.113616	-74.957297
699.276686	-77.922417
699.439833	-80.506056
699.603056	-72.398065
699.766355	-69.631498
699.929731	-73.225998
700.093183	-71.584194
700.256711	-74.069535
700.420315	-78.688256
700.583996	-74.280053
700.747754	-70.169800
700.911588	-76.146626
701.075499	-73.162419
701.239486	-78.223647
701.403550	-72.845119
701.567691	-71.119040
701.731909	-69.634186
701.896203	-65.830477
702.060575	-69.953059
702.225024	-70.941079
702.389549	-71.599591
702.554152	-73.431312
702.718832	-79.258713
702.883589	-71.272998
703.048424	-69.911523
703.213335	-86.486343
703.378324	-80.865360
703.543391	-76.953694
703.708535	-70.291991
703.873757	-77.644734
704.039056	-70.628926
704.204433	-74.416023
704.369887	-70.229469
704.535420	-68.533963
704.701030	-69.481935
704.866718	-66.963094
705.032484	-72.383640
705.198328	-80.924111
705.364250	-73.392291
705.530250	-67.343274
705.696328	-67.469261
705.862485	-66.752840
706.028720	-71.392515
706.195033	-75.056815
706.361424	-73.827151
706.527894	-70.214170
706.694442	-70.120441
706.861069	-71.765640
707.027775	-67.409787
707.194559	-70.011473
707.361422	-64.994483
707.528363	-68.454152
707.695384	-67.717224
707.862483	-68.955976
708.029661	-79.876096
708.196918	-74.397548
708.364254	-75.300185
708.531670	-71.728358
708.699164	-71.513069
708.866738	-65.944037
709.034391	-72.331483
709.202123	-66.668554
709.369935	-71.444061
709.537826	-70.465429
709.705796	-72.958384
709.873847	-69.884001
710.041976	-66.705477
710.210186	-66.912636
710.378475	-65.147598
710.546844	-70.363055
710.715292	-70.071959
710.883821	-72.826370
711.052429	-68.663176
711.221118	-69.960094
711.389887	-67.452203
711.558735	-67.829305
711.727664	-67.329364
711.896673	-70.936281
712.065763	-72.730973
712.234932	-78.934236
712.404183	-67.981817
712.573513	-67.715189
712.742924	-64.904203
712.912416	-65.605033
713.081988	-68.084915
713.251641	-64.881472
713.421375	-65.898251
713.591190	-62.159613
713.761085	-68.527158
713.931061	-69.137638
714.101119	-80.935305
714.271257	-63.296105
714.441476	-63.969379
714.611777	-63.419965
714.782159	-64.639833
714.952622	-80.163487
715.123166	-71.934716
715.293792	-67.219738
715.464499	-64.104356
715.635288	-68.244081
715.806158	-63.915490
715.977110	-67.425787
716.148143	-63.303394
716.319259	-67.034174
716.490456	-63.509629
716.661735	-65.069804
716.833096	-64.161197
717.004538	-66.420880
717.176063	-64.944307
717.347670	-64.421318
717.519359	-65.445362
717.691130	-66.380475
717.862984	-67.201659
718.034920	-64.182554
718.206938	-65.221782
718.379039	-64.240222
718.551222	-68.493445
718.723488	-65.368329
718.895836	-67.652904
719.068267	-64.466182
719.240781	-65.424292
719.413377	-61.382674
719.586057	-61.403247
719.758819	-60.565579
719.931664	-62.798038
720.104593	-65.390118
720.277604	-66.307085
720.450699	-63.285772
720.623876	-62.429310
720.797137	-61.994634
720.970482	-63.102260
721.143910	-62.736226
721.317421	-64.013633
721.491016	-63.669517
721.664694	-64.884674
721.838456	-63.343841
722.012302	-64.416659
722.186231	-65.096541
722.360244	-65.061410
722.534342	-64.144100
722.708523	-63.003643
722.882788	-65.336708
723.057137	-63.073624
723.231570	-65.341775
723.406088	-61.122805
723.580689	-64.479329
723.755375	-61.077880
723.930146	-67.447202
724.105000	-62.263873
724.279940	-65.694465
724.454963	-60.890975
724.630072	-63.467287
724.805265	-60.511629
724.980543	-61.453968
725.155905	-61.485786
725.331353	-62.685501
725.506885	-65.022315
725.682503	-64.238577
725.858205	-64.263143
726.033993	-62.177332
726.209865	-61.159012
726.385823	-59.306260
726.561866	-60.574754
726.737995	-61.124129
726.914209	-64.657521
727.090508	-64.875159
727.266893	-63.384915
727.443364	-61.022345
727.619920	-60.572638
727.796562	-62.014434
727.973290	-62.783895
728.150103	-62.339183
728.327003	-61.604238
728.503988	-64.435525
728.681060	-65.899116
728.858218	-63.946555
729.035461	-60.689860
729.212791	-61.487795
729.390208	-61.616497
729.567710	-62.867993
729.745299	-61.811869
729.922975	-63.394896
730.100737	-62.482609
730.278586	-62.748393
730.456521	-60.198789
730.634543	-60.218770
730.812652	-59.857983
730.990848	-60.695053
731.169130	-64.670767
731.347500	-66.112402
731.525957	-63.658540
731.704500	-61.814166
731.883131	-60.617883
732.061850	-59.652288
732.240655	-60.846964
732.419548	-59.810666
732.598528	-63.253586
732.777596	-61.476693
732.956751	-64.180810
733.135994	-60.958329
733.315325	-63.189042
733.494744	-61.442285
733.674250	-64.413668
733.853844	-60.715026
734.033526	-60.512304
734.213296	-59.009003
734.393154	-60.452944
734.573101	-61.170458
734.753135	-62.307475
734.933258	-63.648438
735.113469	-62.672738
735.293769	-62.945434
735.474157	-60.420296
735.654633	-61.959252
735.835198	-60.632650
736.015852	-64.930578
736.196594	-62.005237
736.377426	-65.430537
736.558346	-61.028847
736.739355	-65.115170
736.920453	-59.481724
737.101640	-61.852806
737.282916	-58.217329
737.464282	-62.762767
737.645736	-59.895028
737.827280	-64.313011
738.008914	-59.767239
738.190637	-64.678160
738.372449	-59.520970
738.554351	-63.709676
738.736342	-59.636186
738.918424	-64.631548
739.100595	-59.390778
739.282855	-64.747372
739.465206	-60.491506
739.647647	-66.347568
739.830178	-59.788502
740.012799	-66.221617
740.195510	-59.636092
740.378311	-64.158473
740.561203	-59.512159
740.744185	-66.595208
740.927258	-60.180223
741.110421	-64.914056
741.293674	-61.944402
741.477018	-72.725414
741.660453	-60.115109
741.843979	-61.234426
742.027596	-58.241809
742.211303	-61.955978
742.395102	-60.832005
742.578991	-63.979939
742.762972	-63.719111
742.947044	-65.168623
743.131207	-60.539039
743.315461	-60.075373
743.499807	-60.269858
743.684244	-62.057597
743.868773	-63.842882
744.053394	-61.304874
744.238106	-60.322363
744.422910	-60.659274
744.607805	-66.478185
744.792793	-62.898009
744.977872	-59.843049
745.163044	-59.093892
745.348307	-62.839897
745.533663	-62.662750
745.719111	-63.965414
745.904651	-64.020074
746.090283	-61.004999
746.276008	-60.593505
746.461826	-59.277857
746.647735	-60.803062
746.833738	-64.556984
747.019833	-70.116720
747.206021	-61.365345
747.392302	-65.583197
747.578676	-58.415520
747.765143	-62.790086
747.951703	-58.559242
748.138356	-65.156152
748.325102	-60.310716
748.511941	-66.675650
748.698874	-58.607112
748.885900	-63.716511
749.073019	-58.303467
749.260232	-63.916789
749.447539	-60.491881
749.634939	-71.783925
749.822433	-63.009289
750.010021	-66.440720
750.197703	-60.554760
750.385479	-62.479325
750.573348	-59.250437
750.761312	-62.885620
750.949370	-61.688437
751.137523	-66.042034
751.325769	-64.063013
751.514110	-63.480099
751.702545	-59.507593
751.891075	-59.278751
752.079700	-59.034688
752.268419	-63.417822
752.457233	-63.323809
752.646142	-66.751731
752.835145	-62.675204
753.024244	-61.744710
753.213437	-59.648809
753.402726	-62.083501
753.592110	-60.969889
753.781589	-63.599691
753.971163	-63.163847
754.160833	-62.601695
754.350598	-63.137700
754.540459	-62.758604
754.730415	-65.844810
754.920467	-58.308885
755.110615	-61.275374
755.300858	-60.118864
755.491198	-69.434587
755.681633	-60.265123
755.872164	-67.548464
756.062792	-59.104568
756.253515	-64.996024
756.444335	-58.911603
756.635252	-64.893860
756.826264	-59.724723
757.017373	-61.664972
757.208579	-59.494690
757.399881	-60.254918
757.591280	-60.160008
757.782776	-61.880525
757.974368	-65.319124
758.166058	-60.504893
758.357844	-63.235826
758.549728	-57.722573
758.741708	-60.315730
758.933786	-59.226702
759.125961	-70.473629
759.318233	-60.820834
759.510603	-61.090254
759.703071	-58.950963
759.895635	-66.118985
760.088298	-62.077298
760.281058	-62.326456
760.473916	-59.465874
760.666872	-58.236750
760.859926	-56.538894
761.053078	-58.450194
761.246328	-59.825240
761.439676	-66.638483
761.633122	-65.176902
761.826667	-57.615646
762.020310	-59.266634
762.214052	-57.636532
762.407892	-61.651270
762.601831	-57.475816
762.795868	-62.733987
762.990004	-58.521550
763.184239	-62.219837
763.378573	-59.079455
763.573006	-61.010656
763.767538	-59.065865
763.962169	-57.472204
764.156900	-60.229412
764.351729	-58.971429
764.546658	-62.854944
764.741687	-56.578289
764.936815	-61.273128
765.132042	-56.761372
765.327370	-59.802340
765.522797	-56.408100
765.718324	-59.253671
765.913950	-58.550203
766.109677	-58.355634
766.305504	-58.484246
766.501431	-57.801032
766.697458	-60.535219
766.893586	-56.831352
767.089814	-59.789347
767.286142	-57.090169
767.482571	-59.070331
767.679100	-56.546664
767.875730	-58.381311
768.072461	-57.523482
768.269293	-57.450320
768.466225	-57.452547
768.663259	-56.094976
768.860393	-57.473837
769.057629	-57.108732
769.254966	-58.283926
769.452404	-55.079923
769.649944	-56.855005
769.847585	-55.672756
770.045328	-58.350446
770.243172	-56.621092
770.441118	-57.175672
770.639166	-55.170915
770.837315	-55.835417
771.035567	-58.581207
771.233920	-58.082143
771.432376	-58.254325
771.630934	-53.611081
771.829594	-54.678305
772.028356	-53.475631
772.227220	-57.490709
772.426188	-55.870878
772.625257	-54.758872
772.824430	-55.230684
773.023705	-54.572580
773.223083	-57.027807
773.422563	-54.677030
773.622147	-56.579730
773.821834	-52.256244
774.021624	-54.250713
774.221517	-54.376504
774.421513	-55.918298
774.621613	-57.118007
774.821816	-53.742558
775.022122	-54.717629
775.222532	-51.745020
775.423046	-55.860264
775.623664	-54.333471
775.824385	-53.338966
776.025211	-52.652332
776.226140	-51.819512
776.427173	-54.132620
776.628311	-54.651192
776.829553	-58.738215
777.030899	-53.788474
777.232350	-52.457156
777.433905	-50.822478
777.635564	-51.297687
777.837328	-54.549328
778.039197	-56.221971
778.241171	-54.507025
778.443250	-50.627710
778.645433	-51.702505
778.847722	-51.854336
779.050116	-54.347727
779.252615	-55.053725
779.455219	-52.052490
779.657929	-52.072927
779.860744	-50.877134
780.063665	-52.131125
780.266691	-51.300579
780.469823	-52.227658
780.673061	-51.596919
780.876405	-51.860700
781.079855	-53.553000
781.283410	-53.728617
781.487072	-53.639629
781.690840	-50.449523
781.894715	-50.828299
782.098695	-50.800822
782.302783	-52.624016
782.506976	-53.322047
782.711277	-50.174553
782.915684	-50.465914
783.120198	-48.979805
783.324818	-50.667891
783.529546	-51.628677
783.734381	-52.834143
783.939322	-53.074986
784.144372	-50.310510
784.349528	-50.613492
784.554792	-49.838001
784.760163	-52.172595
784.965642	-52.297439
785.171228	-50.082400
785.376922	-49.946392
785.582724	-48.903681
785.788634	-51.067837
785.994651	-51.322742
786.200777	-51.760060
786.407011	-50.659080
786.613353	-49.084775
786.819804	-50.462890
787.026363	-49.732102
787.233030	-52.167600
787.439806	-51.143948
787.646691	-48.966884
787.853684	-49.713090
788.060786	-49.128011
788.267997	-50.593692
788.475317	-50.310219
788.682746	-49.642749
788.890285	-49.384196
789.097932	-48.841926
789.305689	-49.873852
789.513555	-49.630527
789.721531	-50.717888
789.929617	-49.990898
790.137812	-48.974859
790.346117	-49.806115
790.554531	-49.492849
790.763056	-49.175565
790.971691	-48.635302
791.180436	-49.404517
791.389291	-49.796159
791.598256	-49.644628
791.807332	-49.731229
792.016518	-48.086628
792.225815	-48.443192
792.435222	-49.190201
792.644740	-49.638623
792.854369	-50.460186
793.064109	-48.895416
793.273960	-48.075549
793.483922	-48.099609
793.693995	-49.177495
793.904180	-49.683662
794.114475	-48.859432
794.324882	-48.999531
794.535401	-48.347069
794.746031	-48.849200
794.956774	-49.046365
795.167627	-48.019171
795.378593	-49.153537
795.589671	-49.217108
795.800861	-48.940902
796.012162	-48.699678
796.223577	-47.424451
796.435103	-47.872135
796.646742	-48.460022
796.858493	-48.971487
797.070357	-48.884474
797.282334	-47.992935
797.494423	-47.526811
797.706626	-47.154419
797.918941	-48.982455
798.131369	-50.378739
798.343911	-48.086643
798.556566	-47.338594
798.769334	-47.398750
798.982215	-48.328367
799.195210	-49.336154
799.408319	-48.780421
799.621541	-48.146241
799.834877	-47.147988
800.048327	-47.478147
800.261890	-49.217305
800.475568	-49.065831
800.689360	-47.429703
800.903266	-46.468177
801.117287	-47.022939
801.331422	-48.294311
801.545671	-48.838633
801.760036	-49.274777
801.974514	-47.699754
802.189108	-46.464494
802.403816	-47.122013
802.618640	-47.398011
802.833578	-48.634914
803.048632	-49.460430
803.263800	-47.604110
803.479085	-47.102950
803.694484	-47.304174
803.909999	-47.366245
804.125630	-48.358341
804.341376	-48.480204
804.557239	-47.562596
804.773217	-46.932229
804.989311	-46.769404
805.205521	-47.921541
805.421847	-49.027125
805.638290	-47.671456
805.854849	-46.730262
806.071524	-46.960441
806.288316	-47.259148
806.505225	-47.952415
806.722250	-48.385800
806.939393	-47.116429
807.156652	-46.697118
807.374028	-47.274551
807.591521	-47.192547
807.809132	-47.751811
808.026859	-47.866333
808.244705	-46.618564
808.462667	-46.641577
808.680748	-47.175757
808.898946	-47.045457
809.117261	-47.463037
809.335695	-47.525156
809.554246	-47.372988
809.772916	-47.535829
809.991704	-46.779736
810.210610	-46.539275
810.429634	-47.066228
810.648777	-47.024619
810.868039	-47.390301
811.087419	-47.506188
811.306918	-46.340656
811.526535	-46.118543
811.746272	-46.846274
811.966127	-47.371983
812.186102	-47.485249
812.406196	-46.629759
812.626409	-46.100256
812.846742	-46.576619
813.067194	-46.818752
813.287766	-46.675251
813.508457	-46.857733
813.729269	-46.569990
813.950200	-46.403075
814.171251	-46.909325
814.392422	-46.640631
814.613714	-45.893644
814.835126	-46.051005
815.056658	-46.514680
815.278311	-46.483151
815.500084	-46.453836
815.721978	-46.303901
815.943993	-46.102434
816.166128	-46.282549
816.388385	-46.580115
816.610762	-46.693134
816.833261	-46.036755
817.055881	-45.383484
817.278623	-45.412575
817.501486	-45.872026
817.724471	-46.161565
817.947577	-46.118536
818.170805	-45.691814
818.394155	-45.531228
818.617627	-45.485358
818.841221	-45.400120
819.064937	-45.795237
819.288775	-46.274498
819.512736	-45.768873
819.736819	-45.117670
819.961025	-44.873209
820.185354	-45.112598
820.409805	-45.654932
820.634379	-45.735994
820.859076	-45.275661
821.083897	-44.836862
821.308840	-44.732880
821.533907	-45.365157
821.759097	-45.756527
821.984411	-44.868514
822.209848	-44.217684
822.435409	-44.520716
822.661093	-44.940900
822.886902	-44.854909
823.112834	-44.709809
823.338891	-44.523138
823.565072	-44.169052
823.791377	-44.417203
824.017807	-45.029567
824.244361	-44.777734
824.471039	-44.243609
824.697843	-44.221316
824.924771	-44.104465
825.151824	-44.228046
825.379002	-44.641259
825.606306	-44.483310
825.833734	-43.856979
826.061288	-43.559844
826.288967	-43.730852
826.516772	-44.170164
826.744703	-44.109741
826.972759	-43.696675
827.200941	-43.586294
827.429249	-43.683724
827.657683	-43.567382
827.886243	-43.654855
828.114930	-43.753207
828.343743	-43.149395
828.572682	-43.093766
828.801748	-43.953473
829.030941	-43.613162
829.260260	-42.811366
829.489706	-42.851777
829.719280	-43.252792
829.948980	-43.821632
830.178808	-43.437966
830.408763	-42.425445
830.638845	-42.529281
830.869055	-42.943450
831.099393	-43.132280
831.329858	-43.278829
831.560451	-42.389816
831.791173	-42.026313
832.022022	-42.891311
832.252999	-43.006143
832.484105	-42.531153
832.715339	-42.218259
832.946702	-42.262769
833.178193	-42.787412
833.409813	-42.660951
833.641561	-42.241824
833.873439	-42.141150
834.105445	-42.010419
834.337581	-42.466400
834.569846	-42.665595
834.802241	-42.006464
835.034764	-41.705794
835.267418	-41.644751
835.500201	-42.108106
835.733114	-42.337522
835.966157	-41.621010
836.199329	-41.788734
836.432632	-41.976367
836.666065	-41.436525
836.899629	-41.967903
837.133323	-42.088583
837.367147	-41.309354
837.601102	-41.346957
837.835188	-41.645888
838.069405	-41.776070
838.303752	-41.524661
838.538231	-41.146768
838.772841	-41.399044
839.007582	-41.240877
839.242455	-41.308067
839.477459	-41.734136
839.712595	-40.886892
839.947863	-40.781958
840.183263	-41.541815
840.418794	-41.402466
840.654458	-41.437527
840.890254	-41.257647
841.126182	-40.714628
841.362242	-40.946007
841.598435	-41.308631
841.834761	-41.305314
842.071220	-40.772203
842.307811	-40.603380
842.544536	-41.093497
842.781393	-40.819667
843.018384	-40.758544
843.255508	-41.007171
843.492765	-40.339861
843.730156	-40.438166
843.967681	-40.704692
844.205339	-40.422179
844.443132	-40.933388
844.681058	-40.983659
844.919118	-40.601481
845.157313	-40.360035
845.395642	-40.031738
845.634105	-40.309501
845.872703	-40.409021
846.111436	-40.288301
846.350303	-40.509307
846.589306	-40.218540
846.828443	-40.310623
847.067716	-40.531667
847.307124	-40.084837
847.546667	-40.081470
847.786345	-40.152671
848.026160	-40.221940
848.266110	-40.379145
848.506195	-40.063937
848.746417	-40.060447
848.986775	-39.935147
849.227269	-39.829749
849.467899	-40.093233
849.708666	-39.782800
849.949569	-39.696209
850.190609	-39.927926
850.431785	-39.982149
850.673099	-40.074889
850.914549	-39.498935
851.156137	-39.585653
851.397861	-40.247226
851.639723	-39.775690
851.881723	-39.593658
852.123860	-39.498841
852.366135	-39.202699
852.608547	-39.594544
852.851098	-39.703437
853.093786	-39.538917
853.336613	-39.383980
853.579578	-39.547352
853.822681	-39.984826
854.065923	-39.354878
854.309304	-39.063153
854.552823	-39.396499
854.796481	-39.256152
855.040278	-39.295350
855.284215	-39.316275
855.528290	-39.186372
855.772505	-39.002593
856.016859	-39.188564
856.261353	-39.721567
856.505987	-39.002829
856.750760	-38.705119
856.995673	-39.343500
857.240727	-38.984733
857.485920	-38.558883
857.731254	-38.664177
857.976729	-39.134244
858.222343	-39.292474
858.468099	-38.763084
858.713995	-38.732675
858.960032	-38.543356
859.206211	-38.424002
859.452530	-38.926626
859.698991	-38.901087
859.945593	-38.536316
860.192336	-38.290159
860.439222	-38.620180
860.686248	-38.722192
860.933417	-38.150677
861.180728	-38.398794
861.428181	-38.845197
861.675776	-38.689123
861.923514	-38.171636
862.171394	-37.877954
862.419417	-38.478479
862.667582	-38.621985
862.915890	-38.105052
863.164342	-37.993853
863.412936	-38.214987
863.661674	-38.327858
863.910555	-37.955992
864.159579	-37.963236
864.408747	-38.164500
864.658059	-37.958857
864.907515	-37.851511
865.157114	-37.741506
865.406858	-37.802019
865.656746	-37.902854
865.906778	-37.915396
866.156955	-37.754596
866.407277	-37.436458
866.657743	-37.625736
866.908354	-37.720872
867.159110	-37.521429
867.410011	-37.403910
867.661057	-37.305102
867.912249	-37.615809
868.163586	-37.429590
868.415069	-37.026576
868.666697	-37.200679
868.918472	-37.472310
869.170392	-37.345432
869.422458	-36.825912
869.674671	-36.875433
869.927030	-37.140804
870.179536	-37.111194
870.432188	-37.038972
870.684987	-36.711318
870.937933	-36.816145
871.191026	-36.841708
871.444266	-36.754009
871.697653	-36.692820
871.951188	-36.504693
872.204870	-36.823499
872.458700	-36.589060
872.712677	-36.289677
872.966803	-36.347575
873.221076	-36.380946
873.475498	-36.565940
873.730068	-36.130230
873.984787	-36.090617
874.239654	-36.386242
874.494669	-36.336230
874.749834	-35.939458
875.005147	-35.637965
875.260610	-36.296669
875.516222	-36.171446
875.771983	-35.683259
876.027894	-35.822081
876.283954	-35.759844
876.540164	-35.775537
876.796524	-35.621514
877.053033	-35.701256
877.309693	-35.413361
877.566503	-35.373379
877.823464	-35.783728
878.080575	-35.277597
878.337837	-35.343685
878.595249	-35.296003
878.852813	-35.132751
879.110528	-35.235788
879.368393	-35.041695
879.626410	-35.274581
879.884579	-34.996421
880.142899	-34.837051
880.401371	-34.725262
880.659994	-34.914970
880.918770	-35.258855
881.177698	-34.318886
881.436778	-34.379656
881.696010	-34.995493
881.955395	-34.812645
882.214933	-34.256558
882.474623	-34.219915
882.734467	-34.788603
882.994463	-34.367274
883.254613	-34.173202
883.514916	-34.138245
883.775372	-34.235474
884.035982	-34.303225
884.296746	-33.937030
884.557664	-34.059621
884.818735	-33.889368
885.079961	-34.078384
885.341341	-33.925827
885.602876	-33.620318
885.864565	-33.935863
886.126409	-33.726030
886.388407	-33.766509
886.650561	-33.568494
886.912870	-33.571391
887.175334	-33.657108
887.437953	-33.338138
887.700728	-33.452179
887.963658	-33.443761
888.226745	-33.503669
888.489987	-33.158132
888.753385	-33.132278
889.016940	-33.526510
889.280651	-33.267708
889.544518	-32.932233
889.808543	-32.898234
890.072723	-33.245731
890.337061	-33.048734
890.601556	-32.825773
890.866208	-32.832339
891.131017	-33.015719
891.395984	-33.036848
891.661109	-32.450692
891.926391	-32.714090
892.191831	-32.932447
892.457429	-32.567589
892.723186	-32.392750
892.989100	-32.627118
893.255173	-32.785241
893.521405	-32.285981
893.787796	-32.269610
894.054345	-32.560455
894.321053	-32.582209
894.587921	-32.143431
894.854948	-32.134065
895.122134	-32.493403
895.389480	-32.272466
895.656986	-32.030118
895.924651	-32.164408
896.192477	-32.293642
896.460463	-31.993692
896.728609	-32.048800
896.996915	-32.071186
897.265382	-32.009252
897.534010	-31.924791
897.802799	-31.868584
898.071749	-32.005242
898.340860	-31.835351
898.610132	-31.817431
898.879566	-31.739378
899.149162	-31.823844
899.418919	-31.724660
899.688838	-31.670822
899.958919	-31.683099
900.229162	-31.578090
900.499568	-31.650634
900.770136	-31.570790
901.040867	-31.539500
901.311761	-31.365039
901.582817	-31.625622
901.854037	-31.343985
902.125420	-31.269571
902.396966	-31.574955
902.668676	-31.228318
902.940550	-31.249521
903.212587	-31.239819
903.484788	-31.221910
903.757153	-31.193891
904.029683	-31.288425
904.302377	-30.862506
904.575236	-31.063214
904.848259	-31.317257
905.121447	-30.813032
905.394800	-31.011890
905.668319	-31.016877
905.942002	-30.948743
906.215852	-30.682616
906.489866	-31.028468
906.764047	-30.974247
907.038393	-30.635630
907.312906	-30.777427
907.587584	-30.746857
907.862429	-30.859869
908.137441	-30.576890
908.412619	-30.638119
908.687964	-30.701017
908.963476	-30.745753
909.239155	-30.358445
909.515002	-30.626699
909.791015	-30.780610
910.067197	-30.192592
910.343546	-30.557161
910.620063	-30.674523
910.896748	-30.375760
911.173601	-30.137504
911.450623	-30.638643
911.727813	-30.432408
912.005171	-30.237799
912.282699	-30.338161
912.560395	-30.325698
912.838261	-30.433894
913.116296	-30.064719
913.394500	-30.315783
913.672874	-30.371196
913.951418	-30.129967
914.230131	-30.030977
914.509015	-30.479892
914.788068	-30.037922
915.067292	-29.862783
915.346687	-30.395681
915.626252	-30.085510
915.905988	-29.878351
916.185895	-30.016726
916.465973	-30.232308
916.746223	-29.888747
917.026644	-29.921598
917.307236	-30.021443
917.588000	-30.117732
917.868937	-29.826586
918.150045	-29.854007
918.431325	-30.202623
918.712778	-29.889586
918.994404	-29.759708
919.276202	-30.065584
919.558173	-30.025796
919.840317	-29.594372
920.122634	-30.000833
920.405125	-30.025718
920.687789	-29.705639
920.970627	-29.772105
921.253639	-29.986954
921.536824	-29.722818
921.820184	-29.648852
922.103718	-29.859860
922.387427	-29.852822
922.671310	-29.755202
922.955368	-29.601238
923.239601	-29.773553
923.524009	-29.758256
923.808592	-29.520396
924.093351	-29.818520
924.378285	-29.846311
924.663396	-29.459120
924.948682	-29.751561
925.234144	-29.736885
925.519782	-29.590525
925.805597	-29.614596
926.091589	-29.848094
926.377757	-29.565308
926.664102	-29.607855
926.950624	-29.758062
927.237323	-29.578611
927.524200	-29.532225
927.811255	-29.599486
928.098487	-29.602139
928.385897	-29.608470
928.673485	-29.520395
928.961251	-29.574372
929.249196	-29.748906
929.537319	-29.293892
929.825621	-29.579593
930.114102	-29.657147
930.402762	-29.435908
930.691601	-29.339029
930.980620	-29.845359
931.269818	-29.356828
931.559196	-29.481733
931.848753	-29.669615
932.138491	-29.550707
932.428409	-29.314526
932.718508	-29.589792
933.008787	-29.639906
933.299246	-29.190806
933.589887	-29.676205
933.880709	-29.446316
934.171712	-29.354510
934.462896	-29.329613
934.754262	-29.471351
935.045810	-29.298211
935.337539	-29.327391
935.629451	-29.183245
935.921545	-29.481827
936.213822	-28.953049
936.506281	-29.446687
936.798922	-29.122878
937.091747	-29.091014
937.384755	-29.229294
937.677946	-29.163207
937.971321	-29.106548
938.264879	-29.110239
938.558621	-29.216973
938.852547	-29.060240
939.146657	-29.118082
939.440952	-29.088411
939.735431	-29.203516
940.030095	-29.007321
940.324943	-29.191519
940.619977	-29.025966
940.915196	-29.291562
941.210600	-28.803531
941.506189	-29.342723
941.801965	-29.054799
942.097926	-29.024397
942.394074	-29.009330
942.690407	-29.256597
942.986927	-28.950813
943.283634	-29.055966
943.580527	-29.152090
943.877608	-28.969157
944.174875	-28.919138
944.472330	-29.322564
944.769972	-28.804947
945.067802	-28.997028
945.365820	-29.249439
945.664026	-28.840609
945.962420	-29.050041
946.261002	-29.120955
946.559773	-28.973003
946.858733	-28.941692
947.157881	-29.218876
947.457219	-28.827017
947.756746	-29.099834
948.056462	-29.084294
948.356368	-29.012662
948.656464	-28.846755
948.956749	-29.242981
949.257225	-28.843570
949.557891	-28.978417
949.858748	-29.023237
950.159796	-28.943267
950.461034	-28.858187
950.762463	-28.995137
951.064084	-28.967745
951.365896	-28.790099
951.667900	-28.917671
951.970095	-29.044371
952.272483	-28.562412
952.575063	-29.117387
952.877835	-28.739430
953.180799	-28.764595
953.483956	-28.874565
953.787307	-28.818653
954.090850	-28.769923
954.394586	-28.738422
954.698516	-28.899406
955.002640	-28.649501
955.306957	-28.784716
955.611469	-28.811844
955.916174	-28.575928
956.221074	-28.781691
956.526169	-28.732204
956.831458	-28.616239
957.136942	-28.609658
957.442622	-28.732833
957.748496	-28.514223
958.054567	-28.508257
958.360833	-28.711760
958.667294	-28.366933
958.973952	-28.344828
959.280806	-28.696814
959.587857	-28.109937
959.895104	-28.418005
960.202548	-28.378918
960.510189	-28.146386
960.818027	-28.271608
961.126062	-28.296471
961.434295	-27.989223
961.742726	-28.226149
962.051355	-28.232450
962.360182	-27.856967
962.669207	-28.259871
962.978431	-27.990643
963.287854	-27.883991
963.597475	-28.258733
963.907296	-27.685616
964.217315	-28.265453
964.527535	-27.780271
964.837954	-28.010702
965.148573	-28.042144
965.459392	-27.749029
965.770411	-28.051684
966.081630	-27.909631
966.393051	-27.734720
966.704672	-28.112756
967.016494	-27.654291
967.328517	-27.877912
967.640742	-27.919875
967.953169	-27.637118
968.265797	-27.753563
968.578627	-27.879436
968.891660	-27.472534
969.204895	-27.819650
969.518332	-27.679771
969.831972	-27.403663
970.145816	-27.778282
970.459862	-27.453570
970.774112	-27.494263
971.088565	-27.503715
971.403223	-27.486873
971.718084	-27.295664
972.033149	-27.564698
972.348419	-27.244940
972.663893	-27.325070
972.979572	-27.348427
973.295456	-27.314924
973.611546	-27.159953
973.927840	-27.396469
974.244340	-27.084817
974.561046	-27.255477
974.877958	-27.217881
975.195076	-27.020068
975.512401	-27.238711
975.829932	-27.106121
976.147670	-26.936452
976.465615	-27.250388
976.783767	-26.786091
977.102126	-27.214994
977.420693	-26.724244
977.739468	-27.118986
978.058451	-26.659180
978.377642	-27.011648
978.697041	-26.636061
979.016649	-26.832980
979.336466	-26.624741
979.656492	-26.745517
979.976727	-26.407546
980.297171	-26.809074
980.617825	-26.244778
980.938689	-26.654806
981.259763	-26.275977
981.581048	-26.387752
981.902542	-26.303935
982.224248	-26.250172
982.546164	-26.206368
982.868291	-26.134798
983.190630	-26.172773
983.513180	-25.972509
983.835942	-26.133758
984.158916	-25.885828
984.482101	-25.997902
984.805500	-25.878160
985.129110	-25.848566
985.452934	-25.845751
985.776970	-25.740815
986.101220	-25.809204
986.425683	-25.593472
986.750359	-25.826802
987.075250	-25.454235
987.400354	-25.749372
987.725673	-25.478996
988.051206	-25.502861
988.376954	-25.581229
988.702916	-25.319936
989.029094	-25.524406
989.355487	-25.298102
989.682095	-25.356995
990.008919	-25.315075
990.335959	-25.231363
990.663216	-25.238263
990.990688	-25.188163
991.318377	-25.138884
991.646283	-25.143974
991.974406	-25.030265
992.302746	-25.126018
992.631304	-24.865616
992.960079	-25.162603
993.289072	-24.731216
993.618283	-25.116802
993.947713	-24.668155
994.277361	-24.999993
994.607227	-24.674906
994.937313	-24.872684
995.267618	-24.648597
995.598142	-24.778763
995.928886	-24.599104
996.259849	-24.680988
996.591033	-24.593764
996.922437	-24.559506
997.254061	-24.568940
997.585906	-24.471265
997.917972	-24.484782
998.250260	-24.435617
998.582768	-24.425567
998.915498	-24.291546
999.248450	-24.502133
999.581624	-24.025087
999.915020	-24.604052
1000.248639	-23.872484
1000.582480	-24.531585
1000.916545	-23.885272
1001.250832	-24.307492
1001.585343	-23.954012
1001.920077	-24.104053
1002.255035	-23.979196
1002.590218	-23.945977
1002.925624	-23.978567
1003.261255	-23.797109
1003.597111	-23.964432
1003.933192	-23.679979
1004.269497	-23.870645
1004.606029	-23.665487
1004.942785	-23.718559
1005.279768	-23.674479
1005.616977	-23.541676
1005.954412	-23.632197
1006.292074	-23.493678
1006.629962	-23.490468
1006.968077	-23.476385
1007.306420	-23.362176
1007.644990	-23.403105
1007.983787	-23.298420
1008.322813	-23.302289
1008.662067	-23.214888
1009.001549	-23.249176
1009.341259	-23.081112
1009.681199	-23.225108
1010.021367	-22.969252
1010.361765	-23.121423
1010.702392	-22.946114
1011.043250	-22.977714
1011.384337	-22.942724
1011.725654	-22.847300
1012.067202	-22.883785
1012.408980	-22.791010
1012.750989	-22.794894
1013.093230	-22.719668
1013.435702	-22.764240
1013.778405	-22.613479
1014.121341	-22.749001
1014.464508	-22.523813
1014.807908	-22.681374
1015.151540	-22.542586
1015.495405	-22.543846
1015.839503	-22.589818
1016.183835	-22.423533
1016.528400	-22.594764
1016.873198	-22.373699
1017.218231	-22.525344
1017.563498	-22.355609
1017.908999	-22.459361
1018.254735	-22.347140
1018.600707	-22.382781
1018.946913	-22.335494
1019.293354	-22.296296
1019.640032	-22.332116
1019.986945	-22.206367
1020.334094	-22.329107
1020.681480	-22.124859
1021.029102	-22.284548
1021.376961	-22.113455
1021.725058	-22.158546
1022.073391	-22.131853
1022.421962	-22.014781
1022.770772	-22.149373
1023.119819	-21.926429
1023.469104	-22.079950
1023.818628	-21.911440
1024.168391	-21.981487
1024.518393	-21.873155
1024.868634	-21.901367
1025.219115	-21.794279
1025.569836	-21.884902
1025.920796	-21.677634
1026.271997	-21.880116
1026.623438	-21.578436
1026.975121	-21.838999
1027.327044	-21.528283
1027.679208	-21.734545
1028.031614	-21.507845
1028.384262	-21.619396
1028.737152	-21.499131
1029.090284	-21.507746
1029.443659	-21.478051
1029.797276	-21.411535
1030.151137	-21.447850
1030.505240	-21.318021
1030.859587	-21.406661
1031.214178	-21.254656
1031.569013	-21.311882
1031.924093	-21.236434
1032.279417	-21.193142
1032.634985	-21.246493
1032.990799	-21.073729
1033.346858	-21.232708
1033.703162	-21.007108
1034.059712	-21.158883
1034.416509	-21.011102
1034.773551	-21.016363
1035.130841	-21.073815
1035.488377	-20.887665
1035.846160	-21.104366
1036.204190	-20.805724
1036.562468	-21.075840
1036.920994	-20.791529
1037.279768	-20.996669
1037.638790	-20.797478
1037.998061	-20.951132
1038.357581	-20.777505
1038.717350	-20.914023
1039.077368	-20.723364
1039.437636	-20.916161
1039.798154	-20.688869
1040.158922	-20.872775
1040.519940	-20.694809
1040.881209	-20.789092
1041.242729	-20.751663
1041.604501	-20.674545
1041.966524	-20.793514
1042.328798	-20.620494
1042.691325	-20.755277
1043.054103	-20.639844
1043.417135	-20.648971
1043.780419	-20.727629
1044.143956	-20.523002
1044.507746	-20.763479
1044.871791	-20.463912
1045.236088	-20.732153
1045.600641	-20.483084
1045.965447	-20.615072
1046.330508	-20.542614
1046.695824	-20.507851
1047.061395	-20.563818
1047.427222	-20.451386
1047.793304	-20.515642
1048.159642	-20.460284
1048.526237	-20.430126
1048.893088	-20.465491
1049.260196	-20.358287
1049.627561	-20.433323
1049.995183	-20.325669
1050.363063	-20.375258
1050.731201	-20.294650
1051.099597	-20.328378
1051.468251	-20.226095
1051.837164	-20.305316
1052.206336	-20.164261
1052.575767	-20.269223
1052.945458	-20.112882
1053.315409	-20.185990
1053.685619	-20.134506
1054.056090	-20.064220
1054.426821	-20.140210
1054.797814	-19.980190
1055.169067	-20.107566
1055.540582	-19.956925
1055.912359	-19.997716
1056.284398	-19.981386
1056.656698	-19.887083
1057.029262	-19.976311
1057.402088	-19.827770
1057.775177	-19.919904
1058.148530	-19.817154
1058.522146	-19.832769
1058.896027	-19.796162
1059.270171	-19.788574
1059.644580	-19.736622
1060.019254	-19.768675
1060.394193	-19.675686
1060.769397	-19.723633
1061.144867	-19.661436
1061.520602	-19.630925
1061.896604	-19.687473
1062.272872	-19.540714
1062.649407	-19.666357
1063.026210	-19.517208
1063.403279	-19.588544
1063.780616	-19.541643
1064.158221	-19.484897
1064.536094	-19.560953
1064.914235	-19.424073
1065.292645	-19.504099
1065.671325	-19.432220
1066.050273	-19.422848
1066.429491	-19.419919
1066.808979	-19.370684
1067.188738	-19.374882
1067.568766	-19.355653
1067.949066	-19.306792
1068.329636	-19.326257
1068.710478	-19.292963
1069.091592	-19.248125
1069.472977	-19.290667
1069.854635	-19.193091
1070.236565	-19.256496
1070.618768	-19.185378
1071.001243	-19.166298
1071.383993	-19.208013
1071.767016	-19.097514
1072.150313	-19.163869
1072.533884	-19.098893
1072.917730	-19.075208
1073.301850	-19.108393
1073.686246	-19.009349
1074.070917	-19.057972
1074.455864	-19.017023
1074.841087	-18.968947
1075.226586	-19.013195
1075.612362	-18.934112
1075.998415	-18.955150
1076.384745	-18.939167
1076.771353	-18.903128
1077.158238	-18.914276
1077.545401	-18.891732
1077.932843	-18.861520
1078.320564	-18.902213
1078.708564	-18.820542
1079.096842	-18.851816
1079.485401	-18.848285
1079.874240	-18.778865
1080.263358	-18.843144
1080.652757	-18.751872
1081.042438	-18.790690
1081.432399	-18.768547
1081.822641	-18.716540
1082.213166	-18.771501
1082.603972	-18.692889
1082.995061	-18.711535
1083.386433	-18.713979
1083.778087	-18.677151
1084.170025	-18.676711
1084.562246	-18.686095
1084.954751	-18.645382
1085.347541	-18.677031
1085.740615	-18.631025
1086.133973	-18.636106
1086.527617	-18.642469
1086.921546	-18.599118
1087.315761	-18.605141
1087.710262	-18.596887
1088.105050	-18.541804
1088.500124	-18.584841
1088.895485	-18.507841
1089.291134	-18.510165
1089.687070	-18.514208
1090.083294	-18.437758
1090.479806	-18.482299
1090.876607	-18.404949
1091.273696	-18.423733
1091.671075	-18.394943
1092.068744	-18.370934
1092.466702	-18.348416
1092.864950	-18.368948
1093.263489	-18.288525
1093.662319	-18.320962
1094.061440	-18.292908
1094.460852	-18.231145
1094.860555	-18.265793
1095.260551	-18.184011
1095.660840	-18.181963
1096.061421	-18.153427
1096.462295	-18.081366
1096.863462	-18.080370
1097.264923	-18.027016
1097.666678	-17.962613
1098.068727	-17.961431
1098.471071	-17.882715
1098.873710	-17.854972
1099.276644	-17.824055
1099.679874	-17.775510
1100.083400	-17.733151
1100.487222	-17.741677
1100.891340	-17.652614
1101.295756	-17.675125
1101.700468	-17.647465
1102.105478	-17.591334
1102.510787	-17.618195
1102.916393	-17.571784
1103.322298	-17.555554
1103.728502	-17.555456
1104.135005	-17.511353
1104.541807	-17.509790
1104.948909	-17.487810
1105.356312	-17.438065
1105.764015	-17.447588
1106.172019	-17.402652
1106.580324	-17.364010
1106.988931	-17.357070
1107.397840	-17.318890
1107.807051	-17.272666
1108.216564	-17.289977
1108.626380	-17.219617
1109.036500	-17.222476
1109.446923	-17.216330
1109.857649	-17.174597
1110.268680	-17.180217
1110.680016	-17.193967
1111.091657	-17.154704
1111.503602	-17.188656
1111.915854	-17.186454
1112.328411	-17.181228
1112.741275	-17.211039
1113.154445	-17.206894
1113.567922	-17.212232
1113.981706	-17.237043
1114.395798	-17.218484
1114.810198	-17.225753
1115.224906	-17.238990
1115.639923	-17.197122
1116.055249	-17.202856
1116.470884	-17.189765
1116.886829	-17.140284
1117.303084	-17.126042
1117.719650	-17.102994
1118.136526	-17.035932
1118.553713	-17.028122
1118.971212	-16.973144
1119.389022	-16.927873
1119.807145	-16.902751
1120.225580	-16.859108
1120.644328	-16.811213
1121.063389	-16.802124
1121.482763	-16.752156
1121.902452	-16.730429
1122.322454	-16.719374
1122.742771	-16.686491
1123.163404	-16.669102
1123.584351	-16.677855
1124.005614	-16.633084
1124.427193	-16.645860
1124.849089	-16.639984
1125.271301	-16.605027
1125.693830	-16.619157
1126.116677	-16.605916
1126.539842	-16.568097
1126.963324	-16.580019
1127.387126	-16.548999
1127.811246	-16.516840
1128.235685	-16.503636
1128.660444	-16.476960
1129.085522	-16.420620
1129.510922	-16.414025
1129.936641	-16.371823
1130.362682	-16.308277
1130.789044	-16.309395
1131.215728	-16.248249
1131.642734	-16.200991
1132.070063	-16.199474
1132.497714	-16.135761
1132.925689	-16.112290
1133.353987	-16.098834
1133.782610	-16.064043
1134.211556	-16.034264
1134.640827	-16.042360
1135.070424	-16.018811
1135.500345	-15.992313
1135.930593	-16.023855
1136.361166	-15.997347
1136.792067	-15.987480
1137.223294	-16.027565
1137.654848	-15.994203
1138.086730	-16.008578
1138.518940	-16.032562
1138.951479	-16.004516
1139.384346	-16.024166
1139.817543	-16.030063
1140.251069	-16.004740
1140.684925	-16.017547
1141.119111	-16.004138
1141.553628	-15.982910
1141.988475	-15.970552
1142.423655	-15.954548
1142.859166	-15.920881
1143.295009	-15.890110
1143.731185	-15.871586
1144.167694	-15.829827
1144.604536	-15.774662
1145.041711	-15.771040
1145.479221	-15.705300
1145.917065	-15.654431
1146.355245	-15.645369
1146.793759	-15.580861
1147.232609	-15.528311
1147.671795	-15.521175
1148.111317	-15.457643
1148.551177	-15.418907
1148.991373	-15.397652
1149.431907	-15.361698
1149.872779	-15.318234
1150.313989	-15.304454
1150.755538	-15.282674
1151.197426	-15.243297
1151.639653	-15.233291
1152.082220	-15.230756
1152.525128	-15.186616
1152.968376	-15.195249
1153.411966	-15.193124
1153.855897	-15.158971
1154.300169	-15.172301
1154.744784	-15.175840
1155.189742	-15.147890
1155.635042	-15.161971
1156.080687	-15.167836
1156.526674	-15.149175
1156.973007	-15.154217
1157.419683	-15.164347
1157.866705	-15.151865
1158.314072	-15.141749
1158.761786	-15.159410
1159.209845	-15.142665
1159.658251	-15.121722
1160.107004	-15.139104
1160.556104	-15.121567
1161.005553	-15.084866
1161.455349	-15.103524
1161.905494	-15.080289
1162.355989	-15.034761
1162.806832	-15.042144
1163.258026	-15.022436
1163.709570	-14.967633
1164.161464	-14.960767
1164.613710	-14.943415
1165.066307	-14.892667
1165.519256	-14.860595
1165.972558	-14.854801
1166.426212	-14.803163
1166.880219	-14.757803
1167.334580	-14.752537
1167.789295	-14.710459
1168.244364	-14.656930
1168.699788	-14.649621
1169.155567	-14.616783
1169.611702	-14.566024
1170.068193	-14.555131
1170.525041	-14.529700
1170.982245	-14.488571
1171.439807	-14.471547
1171.897726	-14.462094
1172.356004	-14.422416
1172.814640	-14.405737
1173.273635	-14.411247
1173.732989	-14.381816
1174.192703	-14.353526
1174.652778	-14.378588
1175.113213	-14.359825
1175.574009	-14.327360
1176.035167	-14.351892
1176.496687	-14.350283
1176.958569	-14.323536
1177.420814	-14.333107
1177.883422	-14.345835
1178.346394	-14.328243
1178.809730	-14.321727
1179.273430	-14.341040
1179.737496	-14.332435
1180.201927	-14.308614
1180.666723	-14.333767
1181.131886	-14.323823
1181.597416	-14.295857
1182.063312	-14.309850
1182.529576	-14.305380
1182.996209	-14.274084
1183.463209	-14.269349
1183.930579	-14.277144
1184.398317	-14.242658
1184.866426	-14.215357
1185.334904	-14.233204
1185.803754	-14.207226
1186.272974	-14.156212
1186.742566	-14.169789
1187.212529	-14.159201
1187.682865	-14.109307
1188.153574	-14.090209
1188.624656	-14.096355
1189.096112	-14.061931
1189.567942	-14.017815
1190.040147	-14.024737
1190.512726	-14.000721
1190.985681	-13.952903
1191.459012	-13.954063
1191.932720	-13.936272
1192.406804	-13.884544
1192.881265	-13.877079
1193.356104	-13.880122
1193.831322	-13.826520
1194.306918	-13.783572
1194.782893	-13.817479
1195.259248	-13.788602
1195.735982	-13.706554
1196.213097	-13.722959
1196.690593	-13.747373
1197.168471	-13.677079
1197.646730	-13.624970
1198.125371	-13.671214
1198.604395	-13.663041
1199.083803	-13.576579
1199.563594	-13.580440
1200.043769	-13.614857
1200.524329	-13.565260
1201.005273	-13.523645
1201.486604	-13.543711
1201.968320	-13.543110
1202.450422	-13.493519
1202.932912	-13.496490
1203.415789	-13.507114
1203.899054	-13.463471
1204.382707	-13.462593
1204.866748	-13.477916
1205.351179	-13.453158
1205.836000	-13.416358
1206.321211	-13.442974
1206.806812	-13.461732
1207.292805	-13.398303
1207.779189	-13.392052
1208.265965	-13.436694
1208.753134	-13.424131
1209.240696	-13.372343
1209.728651	-13.372859
1210.217000	-13.420591
1210.705744	-13.396732
1211.194883	-13.348094
1211.684417	-13.359969
1212.174347	-13.389394
1212.664673	-13.378103
1213.155396	-13.323499
1213.646516	-13.328664
1214.138034	-13.365976
1214.629951	-13.345872
1215.122266	-13.291034
1215.614980	-13.288089
1216.108095	-13.334865
1216.601609	-13.300830
1217.095524	-13.239119
1217.589841	-13.247647
1218.084559	-13.282677
1218.579679	-13.241489
1219.075202	-13.174697
1219.571128	-13.198541
1220.067458	-13.214802
1220.564191	-13.162250
1221.061330	-13.110973
1221.558874	-13.131013
1222.056823	-13.136421
1222.555178	-13.072330
1223.053940	-13.045371
1223.553109	-13.053440
1224.052686	-13.046287
1224.552671	-12.990532
1225.053065	-12.968033
1225.553867	-12.978453
1226.055079	-12.951727
1226.556702	-12.914815
1227.058735	-12.893011
1227.561179	-12.899803
1228.064035	-12.870987
1228.567303	-12.838506
1229.070983	-12.829355
1229.575077	-12.821359
1230.079585	-12.803354
1230.584506	-12.770566
1231.089842	-12.769820
1231.595594	-12.757485
1232.101761	-12.738472
1232.608345	-12.719877
1233.115345	-12.711548
1233.622762	-12.706953
1234.130597	-12.681927
1234.638851	-12.677514
1235.147523	-12.663503
1235.656615	-12.659621
1236.166126	-12.640676
1236.676058	-12.634562
1237.186411	-12.630137
1237.697185	-12.612378
1238.208381	-12.611056
1238.719999	-12.597033
1239.232040	-12.598484
1239.744505	-12.577516
1240.257394	-12.578155
1240.770708	-12.574618
1241.284446	-12.562594
1241.798610	-12.554033
1242.313201	-12.548039
1242.828218	-12.555641
1243.343662	-12.532228
1243.859534	-12.530973
1244.375834	-12.527734
1244.892563	-12.532944
1245.409721	-12.511354
1245.927309	-12.505841
1246.445327	-12.515363
1246.963777	-12.508812
1247.482657	-12.492579
1248.001970	-12.484916
1248.521716	-12.501495
1249.041894	-12.486383
1249.562506	-12.472295
1250.083553	-12.466840
1250.605034	-12.483460
1251.126950	-12.463965
1251.649302	-12.448493
1252.172091	-12.448919
1252.695316	-12.458125
1253.218979	-12.440910
1253.743079	-12.418019
1254.267619	-12.429726
1254.792597	-12.424407
1255.318015	-12.413536
1255.843874	-12.384135
1256.370173	-12.401849
1256.896913	-12.388153
1257.424095	-12.376080
1257.951720	-12.351597
1258.479787	-12.360410
1259.008298	-12.353802
1259.537254	-12.328158
1260.066654	-12.319083
1260.596499	-12.312534
1261.126790	-12.315928
1261.657527	-12.280528
1262.188711	-12.279159
1262.720342	-12.268846
1263.252422	-12.270873
1263.784950	-12.238757
1264.317928	-12.234611
1264.851355	-12.228854
1265.385232	-12.226015
1265.919560	-12.199126
1266.454340	-12.191930
1266.989572	-12.192498
1267.525256	-12.182620
1268.061394	-12.163851
1268.597985	-12.152542
1269.135031	-12.159284
1269.672531	-12.143668
1270.210487	-12.132212
1270.748899	-12.117041
1271.287768	-12.129287
1271.827094	-12.108437
1272.366877	-12.102893
1272.907119	-12.085964
1273.447820	-12.100782
1273.988981	-12.077185
1274.530601	-12.074521
1275.072683	-12.058763
1275.615226	-12.071213
1276.158230	-12.049957
1276.701697	-12.044858
1277.245627	-12.035303
1277.790021	-12.040092
1278.334879	-12.026517
1278.880202	-12.014557
1279.425991	-12.013211
1279.972245	-12.009139
1280.518966	-12.004886
1281.066155	-11.984621
1281.613811	-11.992050
1282.161936	-11.980974
1282.710529	-11.982652
1283.259593	-11.959037
1283.809126	-11.969703
1284.359131	-11.957169
1284.909607	-11.961112
1285.460555	-11.936503
1286.011976	-11.948829
1286.563870	-11.935733
1287.116237	-11.941521
1287.669080	-11.916256
1288.222397	-11.930623
1288.776191	-11.915839
1289.330460	-11.925089
1289.885207	-11.897510
1290.440431	-11.913893
1290.996133	-11.897821
1291.552314	-11.909206
1292.108975	-11.880319
1292.666115	-11.897553
1293.223737	-11.880162
1293.781839	-11.893283
1294.340424	-11.862967
1294.899491	-11.879753
1295.459041	-11.862645
1296.019075	-11.875866
1296.579593	-11.846248
1297.140597	-11.859988
1297.702086	-11.844521
1298.264061	-11.857359
1298.826524	-11.828495
1299.389474	-11.840545
1299.952912	-11.824968
1300.516839	-11.839339
1301.081255	-11.811432
1301.646162	-11.821239
1302.211559	-11.806228
1302.777448	-11.822396
1303.343829	-11.795350
1303.910702	-11.805117
1304.478069	-11.789014
1305.045930	-11.808258
1305.614285	-11.783153
1306.183136	-11.792261
1306.752483	-11.775787
1307.322326	-11.796848
1307.892666	-11.774938
1308.463504	-11.783087
1309.034841	-11.767196
1309.606677	-11.787419
1310.179012	-11.771648
1310.751849	-11.776655
1311.325186	-11.763420
1311.899025	-11.778382
1312.473366	-11.772339
1313.048211	-11.771382
1313.623559	-11.764120
1314.199412	-11.770337
1314.775770	-11.775336
1315.352634	-11.767645
1315.930004	-11.767955
1316.507881	-11.763815
1317.086266	-11.779431
1317.665159	-11.767311
1318.244562	-11.773107
1318.824474	-11.762500
1319.404897	-11.781722
1319.985831	-11.772157
1320.567276	-11.779583
1321.149234	-11.767582
1321.731706	-11.784083
1322.314691	-11.782907
1322.898190	-11.786582
1323.482205	-11.781003
1324.066736	-11.788336
1324.651783	-11.797311
1325.237347	-11.798180
1325.823430	-11.797936
1326.410031	-11.798976
1326.997151	-11.810456
1327.584791	-11.815270
1328.172952	-11.814045
1328.761634	-11.816667
1329.350839	-11.820280
1329.940566	-11.835998
1330.530817	-11.828094
1331.121592	-11.838366
1331.712891	-11.831601
1332.304716	-11.853957
1332.897068	-11.846701
1333.489946	-11.856067
1334.083352	-11.850343
1334.677287	-11.863808
1335.271750	-11.872238
1335.866744	-11.867712
1336.462268	-11.877911
1337.058323	-11.870595
1337.654910	-11.898526
1338.252029	-11.882475
1338.849682	-11.902660
1339.447869	-11.886782
1340.046591	-11.913874
1340.645848	-11.909235
1341.245641	-11.915888
1341.845972	-11.918229
1342.446840	-11.917681
1343.048246	-11.943354
1343.650191	-11.924600
1344.252677	-11.950941
1344.855702	-11.926497
1345.459269	-11.965305
1346.063379	-11.946232
1346.668030	-11.965452
1347.273226	-11.956107
1347.878965	-11.965656
1348.485250	-11.983710
1349.092080	-11.968373
1349.699456	-11.994120
1350.307380	-11.968335
1350.915851	-12.010831
1351.524871	-11.987197
1352.134441	-12.010381
1352.744560	-11.999515
1353.355231	-12.009661
1353.966453	-12.027847
1354.578227	-12.011548
1355.190555	-12.038967
1355.803436	-12.012509
1356.416872	-12.054045
1357.030863	-12.033519
1357.645411	-12.052324
1358.260515	-12.048086
1358.876177	-12.050692
1359.492397	-12.075785
1360.109176	-12.055805
1360.726516	-12.085713
1361.344416	-12.061982
1361.962877	-12.096590
1362.581901	-12.087542
1363.201487	-12.096152
1363.821637	-12.104097
1364.442352	-12.097183
1365.063632	-12.130041
1365.685478	-12.110076
1366.307891	-12.137987
1366.930871	-12.123381
1367.554420	-12.145672
1368.178538	-12.154480
1368.803226	-12.151370
1369.428485	-12.171197
1370.054315	-12.159547
1370.680717	-12.194026
1371.307693	-12.183744
1371.935242	-12.202677
1372.563366	-12.202309
1373.192065	-12.214825
1373.821341	-12.233821
1374.451193	-12.231113
1375.081623	-12.250183
1375.712632	-12.247864
1376.344221	-12.274297
1376.976389	-12.277309
1377.609139	-12.290052
1378.242470	-12.298749
1378.876384	-12.309997
1379.510881	-12.330738
1380.145963	-12.334669
1380.781629	-12.353178
1381.417881	-12.357139
1382.054720	-12.379862
1382.692147	-12.392194
1383.330161	-12.405290
1383.968765	-12.420215
1384.607959	-12.428040
1385.247743	-12.458000
1385.888119	-12.461457
1386.529087	-12.485489
1387.170648	-12.490791
1387.812804	-12.511791
1388.455554	-12.535868
1389.098899	-12.539705
1389.742842	-12.570852
1390.387381	-12.569167
1391.032519	-12.605880
1391.678256	-12.617006
1392.324592	-12.634092
1392.971529	-12.659597
1393.619068	-12.663040
1394.267208	-12.705857
1394.915952	-12.709197
1395.565300	-12.737864
1396.215253	-12.755171
1396.865812	-12.769279
1397.516977	-12.808810
1398.168749	-12.811380
1398.821130	-12.844762
1399.474120	-12.857424
1400.127719	-12.877929
1400.781930	-12.914407
1401.436752	-12.916096
1402.092186	-12.954646
1402.748234	-12.963540
1403.404897	-12.991912
1404.062174	-13.024662
1404.720067	-13.028009
1405.378577	-13.071626
1406.037705	-13.075724
1406.697451	-13.113124
1407.357817	-13.138429
1408.018803	-13.148031
1408.680410	-13.191034
1409.342639	-13.196374
1410.005492	-13.237793
1410.668968	-13.258173
1411.333068	-13.273177
1411.997795	-13.311878
1412.663147	-13.320050
1413.329127	-13.357584
1413.995736	-13.377402
1414.662973	-13.390932
1415.330840	-13.430347
1415.999339	-13.438960
1416.668469	-13.475943
1417.338232	-13.496906
1418.008628	-13.509497
1418.679659	-13.551723
1419.351325	-13.556225
1420.023628	-13.594958
1420.696568	-13.610270
1421.370145	-13.625200
1422.044362	-13.664759
1422.719219	-13.669994
1423.394717	-13.709896
1424.070856	-13.723491
1424.747638	-13.745109
1425.425064	-13.779184
1426.103134	-13.790563
1426.781850	-13.821439
1427.461212	-13.837256
1428.141221	-13.852745
1428.821878	-13.882424
1429.503185	-13.894442
1430.185141	-13.915831
1430.867749	-13.941005
1431.551008	-13.948957
1432.234920	-13.988758
1432.919486	-13.997657
1433.604707	-14.021906
1434.290583	-14.047070
1434.977116	-14.050464
1435.664307	-14.086639
1436.352156	-14.085999
1437.040664	-14.105491
1437.729833	-14.119969
1438.419663	-14.127316
1439.110156	-14.152320
1439.801312	-14.165808
1440.493132	-14.181046
1441.185617	-14.208950
1441.878768	-14.223680
1442.572586	-14.246963
1443.267072	-14.271153
1443.962228	-14.271839
1444.658053	-14.301225
1445.354549	-14.298003
1446.051717	-14.311744
1446.749558	-14.320586
1447.448073	-14.317204
1448.147263	-14.337516
1448.847128	-14.345703
1449.547671	-14.361261
1450.248891	-14.388946
1450.950789	-14.403642
1451.653368	-14.433657
1452.356627	-14.463693
1453.060568	-14.472748
1453.765192	-14.503917
1454.470500	-14.502125
1455.176492	-14.511361
1455.883170	-14.514820
1456.590534	-14.501279
1457.298586	-14.499489
1458.007327	-14.497006
1458.716758	-14.487956
1459.426880	-14.506984
1460.137693	-14.511218
1460.849199	-14.530695
1461.561398	-14.566862
1462.274293	-14.585836
1462.987883	-14.623134
1463.702170	-14.650305
1464.417155	-14.657135
1465.132838	-14.676298
1465.849222	-14.664792
1466.566306	-14.638819
1467.284093	-14.617750
1468.002582	-14.561295
1468.721775	-14.518750
1469.441674	-14.476099
1470.162278	-14.417621
1470.883590	-14.390995
1471.605609	-14.364712
1472.328338	-14.343970
1473.051777	-14.361309
1473.775928	-14.363752
1474.500790	-14.384602
1475.226367	-14.420462
1475.952657	-14.431881
1476.679663	-14.451186
1477.407386	-14.456383
1478.135826	-14.423628
1478.864985	-14.395045
1479.594863	-14.334841
1480.325463	-14.247199
1481.056784	-14.169225
1481.788828	-14.067214
1482.521597	-13.968554
1483.255090	-13.898058
1483.989309	-13.820658
1484.724256	-13.775071
1485.459931	-13.770211
1486.196336	-13.773206
1486.933471	-13.825314
1487.671337	-13.915065
1488.409937	-14.010825
1489.149270	-14.157411
1489.889337	-14.318521
1490.630141	-14.467931
1491.371682	-14.641416
1492.113961	-14.781590
1492.856979	-14.876083
1493.600738	-14.954540
1494.345238	-14.948651
1495.090481	-14.882658
1495.836467	-14.783541
1496.583198	-14.606392
1497.330675	-14.407597
1498.078899	-14.203807
1498.827872	-13.966343
1499.577593	-13.757502
1500.328065	-13.572222
1501.079289	-13.387276
1501.831265	-13.251650
1502.583995	-13.143805
1503.337480	-13.043682
1504.091721	-12.992386
1504.846719	-12.954628
1505.602475	-12.914116
1506.358991	-12.905320
1507.116268	-12.884754
1507.874306	-12.841302
1508.633108	-12.800873
1509.392673	-12.711552
1510.153004	-12.571213
1510.914101	-12.402289
1511.675965	-12.155926
1512.438599	-11.847627
1513.202002	-11.504145
1513.966176	-11.095052
1514.731122	-10.656140
1515.496842	-10.215804
1516.263336	-9.754927
1517.030607	-9.309575
1517.798654	-8.902339
1518.567479	-8.515496
1519.337083	-8.176312
1520.107468	-7.899932
1520.878634	-7.667620
1521.650584	-7.499881
1522.423317	-7.410789
1523.196836	-7.381239
1523.971141	-7.426923
1524.746233	-7.565142
1525.522115	-7.779865
1526.298786	-8.085205
1527.076249	-8.505850
1527.854504	-9.031189
1528.633553	-9.678214
1529.413397	-10.490076
1530.194037	-11.471737
1530.975474	-12.652700
1531.757709	-14.119138
1532.540745	-15.925190
1533.324581	-18.105630
1534.109220	-20.617059
1534.894662	-22.576370
1535.680909	-22.057082
1536.467961	-19.682400
1537.255821	-17.254881
1538.044489	-15.237599
1538.833967	-13.575791
1539.624256	-12.220029
1540.415357	-11.125556
1541.207271	-10.216282
1542.000000	-9.460909
1542.793545	-8.857052
1543.587907	-8.369283
1544.383087	-7.976195
1545.179088	-7.687387
1545.975909	-7.487222
1546.773552	-7.355185
1547.572019	-7.301360
1548.371311	-7.321990
1549.171428	-7.396531
1549.972373	-7.531312
1550.774147	-7.729714
1551.576751	-7.971627
1552.380185	-8.257182
1553.184453	-8.596334
1553.989554	-8.970482
1554.795490	-9.372260
1555.602263	-9.816469
1556.409873	-10.291500
1557.218322	-10.781973
1558.027612	-11.305097
1558.837743	-11.858935
1559.648717	-12.421689
1560.460536	-13.008282
1561.273200	-13.627478
1562.086710	-14.248565
1562.901069	-14.875537
1563.716278	-15.524929
1564.532337	-16.155755
1565.349249	-16.748254
1566.167014	-17.319409
1566.985634	-17.819509
1567.805111	-18.207734
1568.625444	-18.508449
1569.446637	-18.685065
1570.268690	-18.705443
1571.091605	-18.624632
1571.915382	-18.446676
1572.740024	-18.157373
1573.565532	-17.818352
1574.391907	-17.450501
1575.219150	-17.037103
1576.047262	-16.618620
1576.876246	-16.216993
1577.706103	-15.807842
1578.536833	-15.409658
1579.368439	-15.047052
1580.200922	-14.698255
1581.034282	-14.363323
1581.868522	-14.066842
1582.703643	-13.796630
1583.539646	-13.541492
1584.376532	-13.322186
1585.214304	-13.136305
1586.052962	-12.966151
1586.892508	-12.824870
1587.732943	-12.720467
1588.574269	-12.633811
1589.416487	-12.567123
1590.259599	-12.534730
1591.103605	-12.523379
1591.948508	-12.524509
1592.794309	-12.552840
1593.641009	-12.603525
1594.488609	-12.661178
1595.337112	-12.735913
1596.186518	-12.832144
1597.036829	-12.932021
1597.888047	-13.037038
1598.740172	-13.158858
1599.593207	-13.283740
1600.447153	-13.402792
1601.302010	-13.529297
1602.157782	-13.658577
1603.014469	-13.775462
1603.872072	-13.889232
1604.730593	-14.005014
1605.590034	-14.107136
1606.450397	-14.197494
1607.311681	-14.289308
1608.173890	-14.372396
1609.037024	-14.440267
1609.901085	-14.508018
1610.766075	-14.576180
1611.631995	-14.633128
1612.498846	-14.688519
1613.366630	-14.751706
1614.235349	-14.811915
1615.105004	-14.869679
1615.975596	-14.938323
1616.847128	-15.011865
1617.719600	-15.082077
1618.593014	-15.161386
1619.467372	-15.251683
1620.342675	-15.339164
1621.218924	-15.429393
1622.096122	-15.531305
1622.974270	-15.631344
1623.853369	-15.724840
1624.733420	-15.823766
1625.614427	-15.920501
1626.496389	-16.002117
1627.379308	-16.079412
1628.263187	-16.154645
1629.148026	-16.210513
1630.033828	-16.250672
1630.920593	-16.287744
1631.808324	-16.309689
1632.697022	-16.309539
1633.586688	-16.303493
1634.477324	-16.292034
1635.368932	-16.261924
1636.261514	-16.223496
1637.155070	-16.188268
1638.049602	-16.144484
1638.945113	-16.090601
1639.841603	-16.042876
1640.739075	-15.997881
1641.637529	-15.943499
1642.536968	-15.890489
1643.437393	-15.846742
1644.338806	-15.797824
1645.241209	-15.741870
1646.144602	-15.691972
1647.048988	-15.641817
1647.954368	-15.579546
1648.860744	-15.515517
1649.768118	-15.455507
1650.676491	-15.386403
1651.585865	-15.309217
1652.496241	-15.237866
1653.407621	-15.167046
1654.320008	-15.087383
1655.233401	-15.010074
1656.147804	-14.941389
1657.063218	-14.870096
1657.979645	-14.796414
1658.897085	-14.732503
1659.815542	-14.674354
1660.735016	-14.612494
1661.655509	-14.553960
1662.577023	-14.503904
1663.499560	-14.452224
1664.423121	-14.396281
1665.347709	-14.345385
1666.273324	-14.297462
1667.199969	-14.243622
1668.127645	-14.189565
1669.056353	-14.142487
1669.986097	-14.094991
1670.916877	-14.043284
1671.848695	-13.996843
1672.781553	-13.956411
1673.715452	-13.912573
1674.650395	-13.868306
1675.586383	-13.831511
1676.523418	-13.796368
1677.461501	-13.756466
1678.400635	-13.719232
1679.340821	-13.687372
1680.282061	-13.652514
1681.224357	-13.614240
1682.167710	-13.580585
1683.112122	-13.549660
1684.057595	-13.515115
1685.004132	-13.481197
1685.951732	-13.453177
1686.900400	-13.425809
1687.850135	-13.395413
1688.800940	-13.367684
1689.752818	-13.344192
1690.705768	-13.318506
1691.659795	-13.290493
1692.614898	-13.266477
1693.571081	-13.244746
1694.528345	-13.219982
1695.486691	-13.195634
1696.446122	-13.176110
1697.406640	-13.156920
1698.368245	-13.135278
1699.330941	-13.116141
1700.294729	-13.100486
1701.259611	-13.083322
1702.225588	-13.064564
1703.192664	-13.049014
1704.160838	-13.035264
1705.130114	-13.019282
1706.100493	-13.003579
1707.071977	-12.991700
1708.044568	-12.980265
1709.018268	-12.967066
1709.993079	-12.955656
1710.969003	-12.947067
1711.946041	-12.937615
1712.924196	-12.927151
1713.903469	-12.918911
1714.883862	-12.912384
1715.865378	-12.904426
1716.848017	-12.896408
1717.831783	-12.891155
1718.816677	-12.886381
1719.802701	-12.879987
1720.789857	-12.874598
1721.778147	-12.871383
1722.767573	-12.867451
1723.758136	-12.862037
1724.749840	-12.858136
1725.742685	-12.855567
1726.736673	-12.851538
1727.731808	-12.847103
1728.728090	-12.845052
1729.725521	-12.843900
1730.724105	-12.841542
1731.723842	-12.839338
1732.724735	-12.838861
1733.726785	-12.838157
1734.729995	-12.835995
1735.734366	-12.834577
1736.739902	-12.834915
1737.746603	-12.835074
1738.754472	-12.834981
1739.763510	-12.836452
1740.773721	-12.839237
1741.785105	-12.841109
1742.797665	-12.842362
1743.811403	-12.845239
1744.826321	-12.849130
1745.842422	-12.852325
1746.859706	-12.856133
1747.878177	-12.861818
1748.897835	-12.867871
1749.918685	-12.872797
1750.940726	-12.878166
1751.963963	-12.885009
1752.988395	-12.891403
1754.014027	-12.896857
1755.040860	-12.903133
1756.068895	-12.910353
1757.098135	-12.917169
1758.128583	-12.923349
1759.160240	-12.930660
1760.193109	-12.938803
1761.227191	-12.946359
1762.262488	-12.954089
1763.299004	-12.962880
1764.336740	-12.972281
1765.375697	-12.980880
1766.415880	-12.989693
1767.457288	-13.000006
1768.499926	-13.010592
1769.543794	-13.021179
1770.588895	-13.032423
1771.635231	-13.044942
1772.682805	-13.057202
1773.731619	-13.069000
1774.781674	-13.082109
1775.832973	-13.095808
1776.885519	-13.109298
1777.939312	-13.122272
1778.994357	-13.136372
1780.050654	-13.150651
1781.108207	-13.164031
1782.167017	-13.177603
1783.227087	-13.191792
1784.288418	-13.206235
1785.351013	-13.219689
1786.414875	-13.233844
1787.480006	-13.248629
1788.546407	-13.262881
1789.614082	-13.275922
1790.683032	-13.289103
1791.753259	-13.303090
1792.824767	-13.316371
1793.897557	-13.329294
1794.971632	-13.342976
1796.046994	-13.357538
1797.123645	-13.371316
1798.201588	-13.384808
1799.280824	-13.399240
1800.361357	-13.413955
1801.443188	-13.427790
1802.526320	-13.441761
1803.610756	-13.456937
1804.696497	-13.472610
1805.783546	-13.487756
1806.871906	-13.503488
1807.961578	-13.520056
1809.052565	-13.536594
1810.144870	-13.552383
1811.238494	-13.568682
1812.333441	-13.585674
1813.429713	-13.602792
1814.527311	-13.619598
1815.626239	-13.637403
1816.726499	-13.656079
1817.828094	-13.674733
1818.931025	-13.692862
1820.035295	-13.711646
1821.140906	-13.730410
1822.247862	-13.748348
1823.356165	-13.765918
1824.465816	-13.784421
1825.576819	-13.802892
1826.689175	-13.821182
1827.802888	-13.839315
1828.917960	-13.857560
1830.034394	-13.874880
1831.152191	-13.890988
1832.271354	-13.906862
1833.391887	-13.923186
1834.513790	-13.939030
1835.637068	-13.954040
1836.761722	-13.969361
1837.887755	-13.984384
1839.015169	-13.998519
1840.143968	-14.011637
1841.274153	-14.024658
1842.405727	-14.037247
1843.538693	-14.048910
1844.673053	-14.060298
1845.808810	-14.072133
1846.945966	-14.083824
1848.084525	-14.094765
1849.224488	-14.105613
1850.365858	-14.116445
1851.508638	-14.126583
1852.652831	-14.135427
1853.798438	-14.144404
1854.945463	-14.154067
1856.093909	-14.163787
1857.243777	-14.172969
1858.395071	-14.182171
1859.547794	-14.190847
1860.701947	-14.198325
1861.857533	-14.204858
1863.014556	-14.211838
1864.173018	-14.218931
1865.332922	-14.225394
1866.494270	-14.231229
1867.657065	-14.237114
1868.821309	-14.242644
1869.987006	-14.247297
1871.154158	-14.251554
1872.322768	-14.255926
1873.492839	-14.260429
1874.664373	-14.264953
1875.837373	-14.269583
1877.011841	-14.273920
1878.187782	-14.277114
1879.365197	-14.278963
1880.544089	-14.280109
1881.724460	-14.280803
1882.906315	-14.280938
1884.089655	-14.280509
1885.274483	-14.279786
1886.460803	-14.278310
1887.648616	-14.275532
1888.837927	-14.271666
1890.028736	-14.267504
1891.221049	-14.262902
1892.414866	-14.257478
1893.610192	-14.251313
1894.807028	-14.244492
1896.005379	-14.236681
1897.205246	-14.227882
1898.406633	-14.218707
1899.609542	-14.209576
1900.813977	-14.199656
1902.019940	-14.188337
1903.227434	-14.175995
1904.436462	-14.162803
1905.647028	-14.148487
1906.859133	-14.133751
1908.072781	-14.119265
1909.287976	-14.104235
1910.504719	-14.088065
1911.723013	-14.071856
1912.942863	-14.056035
1914.164270	-14.039813
1915.387238	-14.022963
1916.611770	-14.006071
1917.837868	-13.988754
1919.065536	-13.970784
1920.294777	-13.953039
1921.525594	-13.935827
1922.757989	-13.918411
1923.991967	-13.900494
1925.227529	-13.882195
1926.464679	-13.863569
1927.703420	-13.844942
1928.943755	-13.826517
1930.185688	-13.808237
1931.429221	-13.790330
1932.674356	-13.772807
1933.921099	-13.755126
1935.169451	-13.737208
1936.419415	-13.719369
1937.670996	-13.701475
1938.924195	-13.683146
1940.179017	-13.664792
1941.435463	-13.646387
1942.693538	-13.627321
1943.953245	-13.607398
1945.214586	-13.587162
1946.477566	-13.566172
1947.742186	-13.543978
1949.008451	-13.520992
1950.276363	-13.497705
1951.545926	-13.473990
1952.817143	-13.449832
1954.090017	-13.425338
1955.364551	-13.400270
1956.640749	-13.374788
1957.918615	-13.349640
1959.198150	-13.325292
1960.479359	-13.301153
1961.762244	-13.276523
1963.046810	-13.251194
1964.333059	-13.225521
1965.620995	-13.200025
1966.910621	-13.175063
1968.201940	-13.150584
1969.494956	-13.126304
1970.789672	-13.102138
1972.086091	-13.078121
1973.384217	-13.054309
1974.684053	-13.030769
1975.985602	-13.007836
1977.288869	-12.985596
1978.593855	-12.963716
1979.900566	-12.942064
1981.209003	-12.921113
1982.519171	-12.901378
1983.831073	-12.882745
1985.144712	-12.865014
1986.460093	-12.848021
1987.777217	-12.831456
1989.096089	-12.814694
1990.416713	-12.797647
1991.739092	-12.780969
1993.063228	-12.764833
1994.389127	-12.748720
1995.716791	-12.731894
1997.046223	-12.714263
1998.377428	-12.696174
1999.710409	-12.678037
2001.045169	-12.660054
2002.381713	-12.642073
2003.720043	-12.623873
2005.060163	-12.605380
2006.402077	-12.586713
2007.745788	-12.567742
2009.091301	-12.548636
2010.438618	-12.529651
2011.787743	-12.510749
2013.138680	-12.491593
2014.491433	-12.472067
2015.846005	-12.452686
2017.202399	-12.433997
2018.560621	-12.416218
2019.920673	-12.399118
2021.282558	-12.382427
2022.646281	-12.366176
2024.011846	-12.350585
2025.379256	-12.336042
2026.748515	-12.322564
2028.119626	-12.309998
2029.492594	-12.298068
2030.867422	-12.286454
2032.244114	-12.274791
2033.622673	-12.263112
2035.003104	-12.252027
2036.385411	-12.241824
2037.769597	-12.232454
2039.155665	-12.223623
2040.543621	-12.215137
2041.933467	-12.207381
2043.325208	-12.200778
2044.718847	-12.195205
2046.114389	-12.190322
2047.511837	-12.185784
2048.911195	-12.181490
2050.312467	-12.177269
2051.715657	-12.172929
2053.120769	-12.167862
2054.527807	-12.161366
2055.936775	-12.153393
2057.347677	-12.144380
2058.760516	-12.134497
2060.175297	-12.124014
2061.592025	-12.113347
2063.010701	-12.103091
2064.431332	-12.093847
2065.853921	-12.085995
2067.278472	-12.079881
2068.704988	-12.075993
2070.133475	-12.074820
2071.563936	-12.076243
2072.996375	-12.079536
2074.430796	-12.084419
2075.867204	-12.091298
2077.305603	-12.099889
2078.745996	-12.109128
2080.188389	-12.118243
2081.632784	-12.126679
2083.079187	-12.134023
2084.527601	-12.139965
2085.978030	-12.144321
2087.430480	-12.146625
2088.884954	-12.146709
2090.341455	-12.145146
2091.799990	-12.142359
2093.260561	-12.138356
2094.723173	-12.133329
2096.187831	-12.127958
2097.654538	-12.123392
2099.123300	-12.120364
2100.594119	-12.118864
2102.067001	-12.118905
2103.541950	-12.120600
2105.018971	-12.124206
2106.498067	-12.129697
2107.979243	-12.136901
2109.462503	-12.145746
2110.947853	-12.156398
2112.435295	-12.169044
2113.924836	-12.183421
2115.416478	-12.199069
2116.910227	-12.216451
2118.406087	-12.236199
2119.904063	-12.257991
2121.404158	-12.281335
2122.906378	-12.305974
2124.410727	-12.331628
2125.917210	-12.357389
2127.425831	-12.382556
2128.936594	-12.407130
2130.449505	-12.430731
2131.964567	-12.453048
2133.481786	-12.474044
2135.001166	-12.493042
2136.522711	-12.508951
2138.046427	-12.522022
2139.572317	-12.533374
2141.100388	-12.543905
2142.630642	-12.553564
2144.163085	-12.562662
2145.697722	-12.571697
2147.234558	-12.581328
2148.773596	-12.593027
2150.314842	-12.607612
2151.858301	-12.624651
2153.403977	-12.643851
2154.951875	-12.665895
2156.502000	-12.690888
2158.054357	-12.718006
2159.608950	-12.746637
2161.165785	-12.776548
2162.724866	-12.807367
2164.286198	-12.839210
2165.849786	-12.872044
2167.415635	-12.904775
2168.983749	-12.936737
2170.554134	-12.968531
2172.126795	-13.000410
2173.701737	-13.031821
2175.278964	-13.062201
2176.858481	-13.091877
2178.440294	-13.121382
2180.024408	-13.151353
2181.610827	-13.182213
2183.199557	-13.213360
2184.790602	-13.244564
2186.383968	-13.277101
2187.979660	-13.311624
2189.577683	-13.347538
2191.178041	-13.384415
2192.780741	-13.422740
2194.385787	-13.462905
2195.993185	-13.504704
2197.602939	-13.547684
2199.215054	-13.591750
2200.829537	-13.637571
2202.446392	-13.684976
2204.065624	-13.732779
2205.687239	-13.781437
2207.311242	-13.831573
2208.937638	-13.882678
2210.566433	-13.934323
2212.197631	-13.986213
2213.831239	-14.038216
2215.467261	-14.090784
2217.105703	-14.143421
2218.746570	-14.195106
2220.389867	-14.246804
2222.035601	-14.299104
2223.683776	-14.350814
2225.334398	-14.401420
2226.987472	-14.451198
2228.643004	-14.500240
2230.300999	-14.548956
2231.961463	-14.597623
2233.624402	-14.644765
2235.289820	-14.690662
2236.957723	-14.738183
2238.628118	-14.787989
2240.301009	-14.838954
2241.976402	-14.891122
2243.654303	-14.945986
2245.334717	-15.003843
2247.017650	-15.063234
2248.703108	-15.124629
2250.391096	-15.190112
2252.081620	-15.258820
2253.774686	-15.328981
2255.470300	-15.400652
2257.168467	-15.474041
2258.869193	-15.549422
2260.572484	-15.626555
2262.278345	-15.703941
2263.986783	-15.781500
2265.697804	-15.860422
2267.411412	-15.940652
2269.127615	-16.020047
2270.846417	-16.098242
2272.567826	-16.176661
2274.291846	-16.255679
2276.018484	-16.334889
2277.747745	-16.412273
2279.479637	-16.488272
2281.214164	-16.564654
2282.951333	-16.639516
2284.691149	-16.712386
2286.433619	-16.785510
2288.178750	-16.858517
2289.926546	-16.929147
2291.677014	-16.997673
2293.430161	-17.067725
2295.185992	-17.139826
2296.944513	-17.212470
2298.705732	-17.286301
2300.469653	-17.363619
2302.236283	-17.444525
2304.005629	-17.529854
2305.777696	-17.618349
2307.552492	-17.710632
2309.330022	-17.808524
2311.110292	-17.909788
2312.893310	-18.013562
2314.679080	-18.119748
2316.467611	-18.225587
2318.258907	-18.332086
2320.052976	-18.440446
2321.849824	-18.549185
2323.649457	-18.657676
2325.451883	-18.764334
2327.257106	-18.869719
2329.065135	-18.975003
2330.875975	-19.078704
2332.689633	-19.179607
2334.506116	-19.280052
2336.325430	-19.380295
2338.147581	-19.477772
2339.972578	-19.571848
2341.800425	-19.665452
2343.631130	-19.757157
2345.464700	-19.846980
2347.301141	-19.936773
2349.140461	-20.023907
2350.982665	-20.108894
2352.827760	-20.194815
2354.675754	-20.282706
2356.526653	-20.373521
2358.380464	-20.464629
2360.237195	-20.560240
2362.096851	-20.664979
2363.959440	-20.773460
2365.824968	-20.886148
2367.693444	-21.007131
2369.564873	-21.136621
2371.439263	-21.269976
2373.316620	-21.402209
2375.196953	-21.536843
2377.080267	-21.674569
2378.966570	-21.812029
2380.855869	-21.945686
2382.748171	-22.075177
2384.643484	-22.207882
2386.541815	-22.339333
2388.443170	-22.463438
2390.347557	-22.586703
2392.254984	-22.710283
2394.165457	-22.829762
2396.078984	-22.942245
2397.995572	-23.052585
2399.915229	-23.159840
2401.837961	-23.264185
2403.763777	-23.364919
2405.692684	-23.462370
2407.624689	-23.560366
2409.559800	-23.652080
2411.498023	-23.743859
2413.439368	-23.838392
2415.383840	-23.928351
2417.331449	-24.021582
2419.282201	-24.123664
2421.236104	-24.230667
2423.193165	-24.345140
2425.153393	-24.474994
2427.116795	-24.609575
2429.083378	-24.749249
2431.053151	-24.905956
2433.026121	-25.074455
2435.002297	-25.239582
2436.981685	-25.403277
2438.964293	-25.573371
2440.950131	-25.736041
2442.939204	-25.887669
2444.931522	-26.042702
2446.927092	-26.196486
2448.925923	-26.334622
2450.928022	-26.468547
2452.933397	-26.613163
2454.942056	-26.748692
2456.954008	-26.870976
2458.969260	-26.987822
2460.987821	-27.101983
2463.009699	-27.210620
2465.034902	-27.309240
2467.063437	-27.403711
2469.095315	-27.492180
2471.130542	-27.576493
2473.169127	-27.652647
2475.211078	-27.735454
2477.256404	-27.819392
2479.305112	-27.901988
2481.357212	-27.996773
2483.412713	-28.100509
2485.471621	-28.217871
2487.533946	-28.348873
2489.599696	-28.500745
2491.668880	-28.667076
2493.741507	-28.846825
2495.817585	-29.042723
2497.897122	-29.245374
2499.980127	-29.445864
2502.066609	-29.655253
2504.156578	-29.857195
2506.250040	-30.039719
2508.347006	-30.215761
2510.447483	-30.394716
2512.551482	-30.562764
2514.659010	-30.717412
2516.770076	-30.879677
2518.884690	-31.038234
2521.002861	-31.173558
2523.124597	-31.295523
2525.249907	-31.411217
2527.378801	-31.506698
2529.511287	-31.591092
2531.647375	-31.679300
2533.787074	-31.744871
2535.930393	-31.775690
2538.077340	-31.836241
2540.227927	-31.907583
2542.382160	-31.939138
2544.540051	-31.977874
2546.701608	-32.056375
2548.866840	-32.135746
2551.035757	-32.234977
2553.208369	-32.371852
2555.384684	-32.536668
2557.564713	-32.706847
2559.748465	-32.920658
2561.935948	-33.162801
2564.127174	-33.396418
2566.322152	-33.641554
2568.520890	-33.905357
2570.723399	-34.139175
2572.929689	-34.349437
2575.139769	-34.589877
2577.353649	-34.817581
2579.571340	-35.010958
2581.792849	-35.250440
2584.018189	-35.484294
2586.247368	-35.660611
2588.480396	-35.888011
2590.717284	-36.077427
2592.958041	-36.161890
2595.202678	-36.293930
2597.451204	-36.389481
2599.703630	-36.404655
2601.959966	-36.475961
2604.220222	-36.476685
2606.484408	-36.415703
2608.752535	-36.430532
2611.024612	-36.389873
2613.300651	-36.334583
2615.580661	-36.359965
2617.864653	-36.390165
2620.152638	-36.438425
2622.444625	-36.535642
2624.740626	-36.673115
2627.040651	-36.875752
2629.344710	-37.077672
2631.652814	-37.275573
2633.964974	-37.523115
2636.281200	-37.777440
2638.601504	-38.022232
2640.925896	-38.257433
2643.254386	-38.504392
2645.586987	-38.768615
2647.923707	-39.042281
2650.264559	-39.364469
2652.609554	-39.727112
2654.958702	-40.096284
2657.312015	-40.439646
2659.669503	-40.817002
2662.031178	-41.136525
2664.397051	-41.354438
2666.767132	-41.626926
2669.141434	-41.827436
2671.519968	-41.871165
2673.902745	-42.010572
2676.289776	-41.977060
2678.681072	-41.805753
2681.076646	-41.769332
2683.476508	-41.604361
2685.880671	-41.424512
2688.289145	-41.334782
2690.701942	-41.358198
2693.119075	-41.323278
2695.540554	-41.225089
2697.966391	-41.512118
2700.396599	-41.620367
2702.831189	-41.497763
2705.270172	-41.824327
2707.713561	-41.932019
2710.161368	-41.897885
2712.613605	-42.168527
2715.070283	-42.146646
2717.531416	-42.387093
2719.997014	-42.494511
2722.467090	-42.961559
2724.941657	-43.096907
2727.420726	-43.541353
2729.904310	-44.017854
2732.392421	-44.472443
2734.885072	-44.764440
2737.382275	-45.522681
2739.884042	-45.855772
2742.390387	-46.421213
2744.901321	-47.002157
2747.416857	-47.639886
2749.937008	-47.553911
2752.461787	-48.127285
2754.991206	-47.727559
2757.525279	-47.852437
2760.064017	-47.519885
2762.607434	-47.805636
2765.155544	-47.514241
2767.708358	-47.748638
2770.265890	-47.499299
2772.828153	-47.861559
2775.395160	-47.604383
2777.966924	-47.878742
2780.543459	-47.653231
2783.124778	-47.676033
2785.710894	-47.549599
2788.301821	-47.230216
2790.897572	-47.274419
2793.498160	-46.832234
2796.103599	-47.125385
2798.713903	-46.982004
2801.329085	-47.236173
2803.949159	-47.213384
2806.574139	-47.475693
2809.204038	-47.683612
2811.838871	-47.981260
2814.478650	-48.472596
2817.123391	-48.738753
2819.773107	-49.748421
2822.427812	-50.012178
2825.087521	-50.971187
2827.752247	-51.255506
2830.422005	-51.494258
2833.096808	-52.048861
2835.776672	-51.924120
2838.461611	-52.531110
2841.151638	-52.042269
2843.846769	-52.784746
2846.547019	-52.967351
2849.252401	-53.364521
2851.962930	-54.303936
2854.678621	-54.243488
2857.399489	-55.584255
2860.125549	-55.531943
2862.856815	-56.099754
2865.593302	-55.726435
2868.335026	-55.349929
2871.082002	-55.187066
2873.834244	-54.439611
2876.591767	-54.616538
2879.354588	-53.952658
2882.122721	-53.623370
2884.896181	-53.423557
2887.674984	-52.693751
2890.459146	-53.047787
2893.248681	-52.715664
2896.043606	-53.150384
2898.843937	-53.802494
2901.649687	-53.720016
2904.460875	-54.938372
2907.277515	-54.664005
2910.099623	-55.838084
2912.927215	-55.431416
2915.760308	-56.021904
2918.598916	-55.744503
2921.443057	-55.621452
2924.292747	-55.549130
2927.148002	-55.780159
2930.008837	-55.356394
2932.875270	-56.559907
2935.747318	-56.010829
2938.624995	-57.585401
2941.508320	-57.548671
2944.397308	-58.590694
2947.291977	-59.179757
2950.192343	-59.863390
2953.098423	-60.669022
2956.010234	-62.153637
2958.927792	-63.006231
2961.851116	-65.627318
2964.780221	-64.271048
2967.715126	-65.207721
2970.655847	-61.722423
2973.602402	-62.560713
2976.554808	-60.446726
2979.513083	-60.520199
2982.477243	-60.403408
2985.447308	-60.163188
2988.423293	-60.531414
2991.405218	-61.514877
2994.393099	-61.036119
2997.386955	-63.336971
