# 2022-03-22_09.12.47
# shape = sech2
# FWHM_ps = 0.11
# carrier_nm = 1542
# frep_MHz = 12126
# pow_mW = 8000
# GDD = 0.0
# propa_len = 0.10488888888888889
# untap_len = 0.01
# taper_len = 0.04488888888888889
# waist_len = 0.02
# uptap_len = 0.02
# untap_scale = 1.0
# waist_scale = 0.4
# workingDir = NL_20110305_12 (Spirou)
# axis = slow
# window_ps = 10.0
# steps = 200
# points = 21700
# 
# wavelength [nm]	 power spectral density [dB]
600.043425	-148.651598
600.163550	-148.960962
600.283723	-149.470902
600.403943	-150.147039
600.524212	-150.938961
600.644529	-151.756011
600.764895	-152.441974
600.885308	-152.790569
601.005770	-152.661258
601.126280	-152.112597
601.246839	-151.359529
601.367446	-150.618894
601.488101	-150.032378
601.608804	-149.673327
601.729557	-149.571962
601.850357	-149.730722
601.971206	-150.126389
602.092104	-150.700333
602.213050	-151.341600
602.334045	-151.883648
602.455089	-152.157914
602.576181	-152.104609
602.697322	-151.821709
602.818511	-151.481939
602.939749	-151.232241
603.061036	-151.163150
603.182372	-151.322983
603.303757	-151.738989
603.425191	-152.433074
603.546673	-153.431779
603.668204	-154.770734
603.789785	-156.484601
603.911414	-158.535429
604.033092	-160.512290
604.154820	-161.158210
604.276596	-159.758069
604.398422	-157.525996
604.520297	-155.375347
604.642220	-153.488102
604.764193	-151.828263
604.886216	-150.335639
605.008287	-148.969054
605.130408	-147.710787
605.252578	-146.560446
605.374798	-145.526670
605.497066	-144.620483
605.619385	-143.851594
605.741752	-143.227222
605.864169	-142.752381
605.986636	-142.430642
606.109152	-142.264729
606.231718	-142.256584
606.354333	-142.406795
606.476998	-142.713292
606.599712	-143.169408
606.722476	-143.761530
606.845290	-144.467175
606.968154	-145.255378
607.091067	-146.092421
607.214030	-146.955114
607.337043	-147.849119
607.460106	-148.824106
607.583219	-149.980247
607.706381	-151.474185
607.829594	-153.548428
607.952856	-156.622908
608.076169	-161.296092
608.199531	-163.282273
608.322944	-157.827760
608.446407	-153.505270
608.569920	-150.469408
608.693483	-148.189991
608.817096	-146.388430
608.940759	-144.912131
609.064473	-143.670321
609.188237	-142.606282
609.312051	-141.684588
609.435916	-140.884883
609.559831	-140.198658
609.683796	-139.627318
609.807812	-139.180649
609.931878	-138.875386
610.055995	-138.733909
610.180162	-138.783447
610.304380	-139.056205
610.428648	-139.590995
610.552967	-140.437194
610.677337	-141.662736
610.801757	-143.370187
610.926228	-145.731457
611.050750	-149.067977
611.175323	-153.975131
611.299946	-159.054473
611.424620	-155.559095
611.549345	-151.690477
611.674121	-149.406615
611.798948	-148.069691
611.923826	-147.300663
612.048755	-146.865596
612.173734	-146.596038
612.298765	-146.364804
612.423847	-146.084358
612.548980	-145.708250
612.674165	-145.227356
612.799400	-144.662833
612.924687	-144.058954
613.050025	-143.474918
613.175414	-142.975041
613.300854	-142.619992
613.426346	-142.461903
613.551889	-142.543442
613.677484	-142.898861
613.803130	-143.554148
613.928827	-144.522124
614.054576	-145.783931
614.180377	-147.239253
614.306229	-148.614000
614.432132	-149.441396
614.558087	-149.417816
614.684094	-148.781163
614.810153	-147.975392
614.936263	-147.268724
615.062425	-146.757123
615.188639	-146.458202
615.314904	-146.360428
615.441222	-146.433955
615.567591	-146.621640
615.694012	-146.827016
615.820486	-146.926077
615.947011	-146.828693
616.073588	-146.556066
616.200217	-146.245323
616.326898	-146.078579
616.453632	-146.225990
616.580417	-146.843858
616.707255	-148.114815
616.834144	-150.337415
616.961086	-154.169285
617.088081	-161.157441
617.215127	-160.329495
617.342226	-153.897497
617.469378	-150.471979
617.596581	-148.582884
617.723837	-147.652636
617.851146	-147.430100
617.978507	-147.778101
618.105920	-148.589414
618.233386	-149.729490
618.360905	-150.986386
618.488476	-152.072926
618.616100	-152.750548
618.743777	-152.948256
618.871506	-152.663079
618.999288	-151.868640
619.127123	-150.658548
619.255011	-149.308173
619.382951	-148.106961
619.510945	-147.240099
619.638991	-146.797077
619.767090	-146.808200
619.895243	-147.253959
620.023448	-148.026564
620.151706	-148.836662
620.280017	-149.197464
620.408382	-148.817775
620.536799	-147.987719
620.665270	-147.188018
620.793794	-146.701023
620.922371	-146.630870
621.051002	-147.003381
621.179686	-147.820732
621.308423	-149.083430
621.437213	-150.780344
621.566057	-152.743865
621.694954	-154.032559
621.823905	-152.939378
621.952909	-150.155934
622.081967	-147.352567
622.211079	-145.037940
622.340244	-143.251775
622.469462	-141.955201
622.598735	-141.107614
622.728061	-140.674119
622.857441	-140.618654
622.986874	-140.891074
623.116361	-141.408625
623.245903	-142.038048
623.375498	-142.605049
623.505147	-142.967922
623.634850	-143.117660
623.764606	-143.179584
623.894417	-143.309074
624.024282	-143.601565
624.154201	-144.055699
624.284174	-144.554747
624.414202	-144.872754
624.544283	-144.783013
624.674419	-144.248390
624.804609	-143.445520
624.934853	-142.592594
625.065151	-141.836271
625.195504	-141.255629
625.325911	-140.897884
625.456373	-140.802926
625.586889	-141.014571
625.717460	-141.585604
625.848085	-142.582398
625.978764	-144.092706
626.109498	-146.238479
626.240287	-149.188179
626.371131	-153.095941
626.502029	-157.405771
626.632982	-159.216834
626.763989	-158.882129
626.895052	-159.637698
627.026169	-162.141817
627.157341	-162.355867
627.288568	-157.835631
627.419850	-154.253909
627.551187	-152.177778
627.682579	-151.326999
627.814026	-151.603581
627.945528	-153.130258
628.077085	-156.362104
628.208697	-161.764054
628.340364	-160.695626
628.472087	-155.566153
628.603865	-152.669386
628.735698	-151.306990
628.867586	-151.051456
628.999530	-151.711115
629.131529	-153.120699
629.263584	-154.770109
629.395694	-155.244100
629.527859	-153.661682
629.660080	-151.198173
629.792357	-148.718661
629.924689	-146.407481
630.057077	-144.313584
630.189520	-142.489860
630.322019	-140.983190
630.454574	-139.821889
630.587184	-139.017928
630.719851	-138.574227
630.852573	-138.491158
630.985351	-138.771046
631.118185	-139.420941
631.251075	-140.453792
631.384021	-141.886535
631.517023	-143.727219
631.650081	-145.919936
631.783195	-148.157883
631.916365	-149.591961
632.049592	-149.478479
632.182874	-148.445031
632.316213	-147.408199
632.449608	-146.733518
632.583059	-146.478802
632.716567	-146.557388
632.850131	-146.715270
632.983751	-146.510766
633.117428	-145.615360
633.251161	-144.212393
633.384951	-142.742561
633.518797	-141.501736
633.652700	-140.608646
633.786660	-140.094619
633.920676	-139.960140
634.054749	-140.197836
634.188879	-140.800402
634.323065	-141.763546
634.457308	-143.088312
634.591608	-144.783618
634.725965	-146.864618
634.860379	-149.326905
634.994850	-152.032412
635.129377	-154.425776
635.263962	-155.613036
635.398604	-155.655486
635.533303	-155.368474
635.668058	-154.846395
635.802872	-153.567494
635.937742	-151.534685
636.072669	-149.411146
636.207654	-147.675315
636.342696	-146.472573
636.477796	-145.769021
636.612953	-145.386816
636.748167	-144.953367
636.883439	-144.012217
637.018768	-142.468233
637.154155	-140.688489
637.289599	-139.054678
637.425101	-137.753602
637.560660	-136.838388
637.696277	-136.300996
637.831952	-136.100666
637.967685	-136.164001
638.103475	-136.374320
638.239324	-136.574059
638.375230	-136.611996
638.511194	-136.427220
638.647215	-136.083018
638.783295	-135.704582
638.919433	-135.397959
639.055629	-135.215133
639.191883	-135.154076
639.328195	-135.169180
639.464565	-135.186477
639.600994	-135.128437
639.737481	-134.946224
639.874025	-134.641798
640.010629	-134.263228
640.147290	-133.880275
640.284010	-133.561072
640.420789	-133.360443
640.557625	-133.317494
640.694521	-133.457113
640.831474	-133.792235
640.968487	-134.325716
641.105558	-135.051374
641.242687	-135.954073
641.379876	-137.009041
641.517123	-138.180969
641.654429	-139.422965
641.791793	-140.673993
641.929216	-141.854195
642.066699	-142.867430
642.204240	-143.632231
642.341840	-144.135582
642.479499	-144.441041
642.617217	-144.606005
642.754994	-144.574102
642.892830	-144.168157
643.030726	-143.274379
643.168680	-142.032640
643.306694	-140.734686
643.444767	-139.620828
643.582899	-138.825515
643.721091	-138.413457
643.859342	-138.419044
643.997652	-138.870878
644.136022	-139.806384
644.274451	-141.279951
644.412940	-143.356891
644.551488	-146.039881
644.690096	-148.895821
644.828763	-150.362125
644.967490	-149.697596
645.106277	-148.519152
645.245124	-147.699049
645.384030	-147.238427
645.522997	-146.926980
645.662023	-146.599361
645.801109	-146.247117
645.940255	-145.992019
646.079460	-145.982022
646.218726	-146.328338
646.358052	-147.093360
646.497438	-148.259534
646.636884	-149.546662
646.776391	-149.990618
646.915957	-148.541069
647.055584	-145.882379
647.195271	-143.101208
647.335019	-140.582791
647.474826	-138.396033
647.614695	-136.543183
647.754623	-135.019606
647.894612	-133.821893
648.034662	-132.947220
648.174772	-132.393073
648.314943	-132.157947
648.455174	-132.241571
648.595466	-132.642947
648.735819	-133.354678
648.876233	-134.352160
649.016707	-135.576520
649.157242	-136.914477
649.297838	-138.194278
649.438495	-139.236381
649.579213	-139.954923
649.719992	-140.395931
649.860832	-140.646227
650.001733	-140.726020
650.142695	-140.572886
650.283718	-140.119114
650.424803	-139.385475
650.565949	-138.489777
650.707156	-137.578620
650.848424	-136.773830
650.989754	-136.164605
651.131145	-135.820621
651.272597	-135.805853
651.414111	-136.189577
651.555687	-137.059215
651.697324	-138.544029
651.839022	-140.870581
651.980782	-144.529808
652.122604	-151.063755
652.264488	-186.230462
652.406433	-152.725941
652.548441	-148.454820
652.690510	-147.231921
652.832640	-147.852067
652.974833	-150.284734
653.117088	-153.834966
653.259405	-150.819438
653.401784	-145.385720
653.544224	-141.440826
653.686727	-138.551260
653.829293	-136.380804
653.971920	-134.769290
654.114609	-133.642401
654.257361	-132.966545
654.400175	-132.727757
654.543052	-132.919743
654.685991	-133.530977
654.828992	-134.519783
654.972056	-135.763101
655.115183	-136.985513
655.258372	-137.792743
655.401623	-137.985240
655.544937	-137.776097
655.688314	-137.501957
655.831754	-137.353181
655.975256	-137.377144
656.118822	-137.556445
656.262450	-137.863949
656.406141	-138.282111
656.549894	-138.779407
656.693711	-139.247827
656.837591	-139.457729
656.981534	-139.168117
657.125540	-138.379969
657.269610	-137.348451
657.413742	-136.327986
657.557938	-135.434331
657.702196	-134.662966
657.846519	-133.943634
657.990904	-133.195415
658.135353	-132.377741
658.279866	-131.515041
658.424441	-130.680296
658.569081	-129.959352
658.713784	-129.426129
658.858550	-129.136295
659.003381	-129.132012
659.148274	-129.450960
659.293232	-130.137699
659.438253	-131.259379
659.583339	-132.932557
659.728488	-135.381023
659.873701	-139.093570
660.018978	-145.241204
660.164318	-148.796282
660.309723	-142.187741
660.455192	-138.283197
660.600725	-135.993308
660.746323	-134.579048
660.891984	-133.699250
661.037710	-133.153477
661.183500	-132.799971
661.329354	-132.533309
661.475272	-132.286676
661.621255	-132.040971
661.767303	-131.827523
661.913415	-131.720864
662.059591	-131.829585
662.205833	-132.296911
662.352138	-133.323767
662.498509	-135.246494
662.644944	-138.793301
662.791443	-145.523400
662.938008	-142.746137
663.084638	-135.964332
663.231332	-131.984203
663.378091	-129.401472
663.524915	-127.671393
663.671804	-126.547849
663.818759	-125.895225
663.965778	-125.624933
664.112863	-125.669565
664.260012	-125.969998
664.407227	-126.467238
664.554507	-127.096774
664.701853	-127.787104
664.849264	-128.467835
664.996740	-129.092606
665.144282	-129.670495
665.291889	-130.284395
665.439561	-131.084540
665.587300	-132.277806
665.735103	-134.149870
665.882973	-137.146042
666.030908	-141.620650
666.178909	-142.220711
666.326976	-137.297126
666.475109	-133.695220
666.623307	-131.397987
666.771571	-129.970643
666.919902	-129.164762
667.068298	-128.823299
667.216761	-128.821823
667.365289	-129.034337
667.513884	-129.315586
667.662545	-129.513561
667.811272	-129.523149
667.960065	-129.340051
668.108925	-129.046926
668.257851	-128.743356
668.406843	-128.489158
668.555902	-128.287343
668.705027	-128.093914
668.854219	-127.843685
669.003478	-127.485793
669.152803	-127.013452
669.302195	-126.468580
669.451653	-125.921356
669.601179	-125.445339
669.750771	-125.104107
669.900430	-124.949200
670.050156	-125.022693
670.199949	-125.360360
670.349808	-125.995041
670.499735	-126.961083
670.649729	-128.300871
670.799790	-130.075929
670.949918	-132.390324
671.100114	-135.450367
671.250377	-139.747574
671.400707	-146.747872
671.551104	-152.127875
671.701569	-144.296232
671.852101	-140.270919
672.002700	-137.957951
672.153368	-136.517533
672.304102	-135.630888
672.454905	-135.173972
672.605775	-135.130703
672.756713	-135.566558
672.907718	-136.632570
673.058791	-138.624906
673.209933	-142.243206
673.361142	-150.275018
673.512419	-154.611945
673.663764	-143.776842
673.815177	-139.696380
673.966658	-137.607248
674.118207	-136.582081
674.269825	-136.209812
674.421510	-136.194527
674.573264	-136.299044
674.725086	-136.431403
674.876977	-136.711476
675.028936	-137.389529
675.180963	-138.690991
675.333059	-140.469623
675.485224	-141.033695
675.637457	-138.675900
675.789758	-135.559925
675.942129	-133.017876
676.094568	-131.127767
676.247075	-129.754041
676.399652	-128.764104
676.552298	-128.051901
676.705012	-127.537908
676.857795	-127.167807
677.010648	-126.909488
677.163569	-126.746551
677.316560	-126.669251
677.469619	-126.665768
677.622748	-126.716050
677.775946	-126.789366
677.929214	-126.847593
678.082551	-126.857055
678.235957	-126.806989
678.389432	-126.723151
678.542977	-126.664438
678.696592	-126.704841
678.850276	-126.914709
679.004030	-127.351345
679.157853	-128.059182
679.311746	-129.074207
679.465709	-130.423607
679.619742	-132.099890
679.773844	-133.953165
679.928017	-135.436319
680.082259	-135.662836
680.236571	-134.587155
680.390954	-133.048276
680.545406	-131.572487
680.699929	-130.284989
680.854522	-129.175323
681.009185	-128.217763
681.163918	-127.404266
681.318722	-126.746663
681.473596	-126.269843
681.628540	-126.004844
681.783555	-125.985456
681.938641	-126.249241
682.093797	-126.843102
682.249023	-127.834489
682.404321	-129.333080
682.559689	-131.540338
682.715128	-134.897581
682.870637	-140.750114
683.026218	-156.367179
683.181869	-141.739783
683.337591	-136.057945
683.493385	-132.893583
683.649249	-130.724189
683.805185	-129.049482
683.961191	-127.663421
684.117269	-126.494715
684.273418	-125.541021
684.429639	-124.829775
684.585930	-124.395852
684.742294	-124.271859
684.898728	-124.486268
685.055234	-125.065373
685.211812	-126.035533
685.368461	-127.420511
685.525182	-129.221948
685.681975	-131.348645
685.838839	-133.425483
685.995775	-134.622773
686.152783	-134.382493
686.309863	-133.231794
686.467014	-131.825864
686.624238	-130.414810
686.781534	-129.068662
686.938902	-127.836874
687.096342	-126.779077
687.253854	-125.954287
687.411438	-125.409574
687.569095	-125.175892
687.726824	-125.267328
687.884626	-125.678566
688.042499	-126.375447
688.200446	-127.273687
688.358465	-128.209181
688.516556	-128.940347
688.674720	-129.261219
688.832957	-129.173130
688.991266	-128.876771
689.149649	-128.602859
689.308104	-128.513766
689.466632	-128.703565
689.625233	-129.217389
689.783906	-130.055465
689.942653	-131.163954
690.101473	-132.437889
690.260367	-133.788708
690.419333	-135.300446
690.578372	-137.399618
690.737485	-141.158811
690.896672	-150.020744
691.055931	-143.869175
691.215264	-136.335322
691.374671	-132.062509
691.534151	-129.200550
691.693704	-127.178559
691.853332	-125.760434
692.013033	-124.840281
692.172807	-124.375616
692.332656	-124.359851
692.492578	-124.810149
692.652575	-125.760672
692.812645	-127.254609
692.972789	-129.327612
693.133007	-131.967278
693.293300	-135.017488
693.453666	-138.004837
693.614107	-139.953006
693.774622	-139.662921
693.935211	-137.466955
694.095875	-134.957055
694.256613	-132.959019
694.417426	-131.652563
694.578313	-131.030417
694.739274	-131.061332
694.900311	-131.734025
695.061421	-133.065375
695.222607	-135.100274
695.383868	-137.937377
695.545203	-141.906085
695.706613	-148.569451
695.868098	-157.386592
696.029658	-144.569763
696.191293	-138.763599
696.353003	-135.000693
696.514789	-132.278465
696.676649	-130.241339
696.838585	-128.727436
697.000596	-127.672010
697.162682	-127.070602
697.324844	-126.949418
697.487081	-127.340991
697.649394	-128.269670
697.811782	-129.742016
697.974246	-131.722511
698.136786	-134.052508
698.299401	-136.269674
698.462092	-137.538243
698.624859	-137.326279
698.787702	-136.062412
698.950621	-134.515018
699.113616	-133.219908
699.276686	-132.457395
699.439833	-132.363178
699.603056	-132.971928
699.766355	-134.060103
699.929731	-134.634474
700.093183	-133.435567
700.256711	-131.214227
700.420315	-129.205203
700.583996	-127.787677
700.747754	-126.983509
700.911588	-126.743972
701.075499	-127.007756
701.239486	-127.690124
701.403550	-128.641207
701.567691	-129.599879
701.731909	-130.221158
701.896203	-130.226056
702.060575	-129.529492
702.225024	-128.263738
702.389549	-126.735939
702.554152	-125.274711
702.718832	-124.106801
702.883589	-123.357613
703.048424	-123.098341
703.213335	-123.383340
703.378324	-124.273036
703.543391	-125.843451
703.708535	-128.140287
703.873757	-130.836277
704.039056	-132.297146
704.204433	-131.427508
704.369887	-130.186087
704.535420	-129.824573
704.701030	-130.727675
704.866718	-133.453841
705.032484	-140.191603
705.198328	-143.586348
705.364250	-133.450540
705.530250	-128.886072
705.696328	-126.257980
705.862485	-124.704282
706.028720	-123.897653
706.195033	-123.674280
706.361424	-123.925293
706.527894	-124.548927
706.694442	-125.429991
706.861069	-126.463074
707.027775	-127.637895
707.194559	-129.129814
707.361422	-131.288018
707.528363	-134.184610
707.695384	-134.617241
707.862483	-130.527588
708.029661	-126.628897
708.196918	-123.783222
708.364254	-121.768991
708.531670	-120.398094
708.699164	-119.554011
708.866738	-119.163733
709.034391	-119.179282
709.202123	-119.567739
709.369935	-120.307257
709.537826	-121.390569
709.705796	-122.840618
709.873847	-124.742645
710.041976	-127.286349
710.210186	-130.664663
710.378475	-133.161906
710.546844	-130.229069
710.715292	-126.069920
710.883821	-122.852072
711.052429	-120.449115
711.221118	-118.661081
711.389887	-117.359733
711.558735	-116.458941
711.727664	-115.894904
711.896673	-115.615580
712.065763	-115.574026
712.234932	-115.726528
712.404183	-116.037902
712.573513	-116.492350
712.742924	-117.103551
712.912416	-117.918260
713.081988	-119.015244
713.251641	-120.511325
713.421375	-122.596957
713.591190	-125.655570
713.761085	-130.697878
713.931061	-139.700568
714.101119	-132.485704
714.271257	-126.686865
714.441476	-123.339158
714.611777	-121.101795
714.782159	-119.490535
714.952622	-118.282801
715.123166	-117.370224
715.293792	-116.710205
715.464499	-116.302116
715.635288	-116.170835
715.806158	-116.356199
715.977110	-116.910031
716.148143	-117.902594
716.319259	-119.443672
716.490456	-121.736395
716.661735	-125.238071
716.833096	-131.377206
717.004538	-144.511791
717.176063	-131.498580
717.347670	-126.320967
717.519359	-123.528089
717.691130	-121.803175
717.862984	-120.702224
718.034920	-120.020116
718.206938	-119.641431
718.379039	-119.487642
718.551222	-119.494055
718.723488	-119.602410
718.895836	-119.765261
719.068267	-119.954222
719.240781	-120.159747
719.413377	-120.377553
719.586057	-120.591093
719.758819	-120.764820
719.931664	-120.854976
720.104593	-120.831278
720.277604	-120.695614
720.450699	-120.489574
720.623876	-120.292029
720.797137	-120.211277
720.970482	-120.377520
721.143910	-120.942292
721.317421	-122.084011
721.491016	-123.969644
721.664694	-126.276815
721.838456	-126.454215
722.012302	-123.469252
722.186231	-120.376961
722.360244	-118.075081
722.534342	-116.486142
722.708523	-115.459275
722.882788	-114.868142
723.057137	-114.598519
723.231570	-114.534459
723.406088	-114.561975
723.580689	-114.594670
723.755375	-114.606197
723.930146	-114.638579
724.105000	-114.776216
724.279940	-115.110342
724.454963	-115.715567
724.630072	-116.630167
724.805265	-117.807714
724.980543	-119.000028
725.155905	-119.658875
725.331353	-119.330235
725.506885	-118.290121
725.682503	-117.124718
725.858205	-116.160248
726.033993	-115.483059
726.209865	-115.071457
726.385823	-114.859191
726.561866	-114.761571
726.737995	-114.698457
726.914209	-114.624323
727.090508	-114.550353
727.266893	-114.539119
727.443364	-114.677665
727.619920	-115.052540
727.796562	-115.739878
727.973290	-116.808217
728.150103	-118.324327
728.327003	-120.336661
728.503988	-122.729250
728.681060	-124.629415
728.858218	-124.312361
729.035461	-122.235460
729.212791	-119.987087
729.390208	-118.050741
729.567710	-116.441566
729.745299	-115.120649
729.922975	-114.073309
730.100737	-113.308201
730.278586	-112.845116
730.456521	-112.705329
730.634543	-112.905531
730.812652	-113.453458
730.990848	-114.341728
731.169130	-115.533494
731.347500	-116.929817
731.525957	-118.313316
731.704500	-119.318679
731.883131	-119.599758
732.061850	-119.165264
732.240655	-118.368885
732.419548	-117.588862
732.598528	-117.088899
732.777596	-117.052874
732.956751	-117.644342
733.135994	-119.053524
733.315325	-121.460827
733.494744	-124.081318
733.674250	-122.854649
733.853844	-119.118939
734.033526	-116.094445
734.213296	-113.982386
734.393154	-112.562849
734.573101	-111.657296
734.753135	-111.129587
734.933258	-110.864627
735.113469	-110.764946
735.293769	-110.766900
735.474157	-110.862582
735.654633	-111.105462
735.835198	-111.594267
736.015852	-112.453947
736.196594	-113.836460
736.377426	-115.958420
736.558346	-119.211332
736.739355	-124.402143
736.920453	-129.530493
737.101640	-124.436802
737.282916	-120.400701
737.464282	-118.108194
737.645736	-116.796049
737.827280	-116.086264
738.008914	-115.759350
738.190637	-115.668241
738.372449	-115.716403
738.554351	-115.849237
738.736342	-116.030007
738.918424	-116.205402
739.100595	-116.300763
739.282855	-116.279126
739.465206	-116.216775
739.647647	-116.295335
739.830178	-116.726135
740.012799	-117.709686
740.195510	-119.467158
740.378311	-122.329887
740.561203	-126.686419
740.744185	-129.199411
740.927258	-124.900208
741.110421	-121.065532
741.293674	-118.475172
741.477018	-116.680298
741.660453	-115.424162
741.843979	-114.567268
742.027596	-114.019913
742.211303	-113.715624
742.395102	-113.612402
742.578991	-113.705814
742.762972	-114.034125
742.947044	-114.664256
743.131207	-115.660982
743.315461	-117.033138
743.499807	-118.607411
743.684244	-119.799987
743.868773	-119.818581
744.053394	-118.766377
744.238106	-117.448172
744.422910	-116.359917
744.607805	-115.669371
744.792793	-115.433976
744.977872	-115.689151
745.163044	-116.461475
745.348307	-117.739162
745.533663	-119.365710
745.719111	-120.808412
745.904651	-121.224045
746.090283	-120.524047
746.276008	-119.444893
746.461826	-118.451467
746.647735	-117.622860
746.833738	-116.913051
747.019833	-116.279554
747.206021	-115.709735
747.392302	-115.210198
747.578676	-114.790971
747.765143	-114.448799
747.951703	-114.151723
748.138356	-113.842047
748.325102	-113.474871
748.511941	-113.069554
748.698874	-112.717689
748.885900	-112.538834
749.073019	-112.633450
749.260232	-113.061382
749.447539	-113.833803
749.634939	-114.895579
749.822433	-116.073414
750.010021	-116.988369
750.197703	-117.120492
750.385479	-116.316480
750.573348	-115.037957
750.761312	-113.834909
750.949370	-113.036286
751.137523	-112.818197
751.325769	-113.304407
751.514110	-114.603502
751.702545	-116.687746
751.891075	-118.588815
752.079700	-117.895717
752.268419	-115.463743
752.457233	-113.358037
752.646142	-111.951380
752.835145	-111.124376
753.024244	-110.710167
753.213437	-110.556027
753.402726	-110.534760
753.592110	-110.559752
753.781589	-110.605960
753.971163	-110.726541
754.160833	-111.053863
754.350598	-111.792423
754.540459	-113.240929
754.730415	-115.935129
754.920467	-121.395802
755.110615	-143.680722
755.300858	-121.115100
755.491198	-115.486120
755.681633	-112.630142
755.872164	-111.079031
756.062792	-110.354816
756.253515	-110.224956
756.444335	-110.535412
756.635252	-111.142474
756.826264	-111.870730
757.017373	-112.514568
757.208579	-112.936091
757.399881	-113.193005
757.591280	-113.504086
757.782776	-114.086696
757.974368	-115.046987
758.166058	-116.321405
758.357844	-117.601109
758.549728	-118.392919
758.741708	-118.493709
758.933786	-118.223276
759.125961	-117.949472
759.318233	-117.829471
759.510603	-117.876981
759.703071	-117.973895
759.895635	-117.805686
760.088298	-117.050608
760.281058	-115.847928
760.473916	-114.703441
760.666872	-114.022387
760.859926	-114.004547
761.053078	-114.724840
761.246328	-116.148773
761.439676	-117.980653
761.633122	-119.430560
761.826667	-119.895673
762.020310	-120.058475
762.214052	-120.835501
762.407892	-122.431575
762.601831	-123.446642
762.795868	-121.491405
762.990004	-118.417351
763.184239	-115.928401
763.378573	-114.165160
763.573006	-113.009361
763.767538	-112.385270
763.962169	-112.278953
764.156900	-112.719220
764.351729	-113.770717
764.546658	-115.555704
764.741687	-118.337741
764.936815	-122.861029
765.132042	-132.259563
765.327370	-128.208531
765.522797	-120.388877
765.718324	-115.934853
765.913950	-112.869632
766.109677	-110.697001
766.305504	-109.240914
766.501431	-108.419622
766.697458	-108.188465
766.893586	-108.523600
767.089814	-109.410797
767.286142	-110.818472
767.482571	-112.626603
767.679100	-114.490737
767.875730	-115.832785
768.072461	-116.385277
768.269293	-116.457227
768.466225	-116.109704
768.663259	-114.870645
768.860393	-112.739191
769.057629	-110.427918
769.254966	-108.467340
769.452404	-107.036570
769.649944	-106.164472
769.847585	-105.844403
770.045328	-106.076631
770.243172	-106.884409
770.441118	-108.313851
770.639166	-110.390541
770.837315	-112.906805
771.035567	-114.880729
771.233920	-115.195174
771.432376	-114.829190
771.630934	-115.076423
771.829594	-116.049062
772.028356	-116.130793
772.227220	-113.675835
772.426188	-110.617388
772.625257	-108.248837
772.824430	-106.683419
773.023705	-105.827731
773.223083	-105.607486
773.422563	-105.997216
773.622147	-107.025727
773.821834	-108.789287
774.021624	-111.498224
774.221517	-115.660445
774.421513	-123.165194
774.621613	-135.376414
774.821816	-120.478178
775.022122	-115.217103
775.222532	-111.792698
775.423046	-109.290350
775.623664	-107.484001
775.824385	-106.279701
776.025211	-105.615266
776.226140	-105.448315
776.427173	-105.759363
776.628311	-106.553332
776.829553	-107.856195
777.030899	-109.710242
777.232350	-112.188046
777.433905	-115.491324
777.635564	-120.174938
777.837328	-123.557597
778.039197	-117.648585
778.241171	-112.561264
778.443250	-109.096014
778.645433	-106.680851
778.847722	-105.022630
779.050116	-103.967984
779.252615	-103.446349
779.455219	-103.453114
779.657929	-104.040612
779.860744	-105.299635
780.063665	-107.284904
780.266691	-109.659477
780.469823	-110.897513
780.673061	-110.087774
780.876405	-108.996113
781.079855	-108.737231
781.283410	-109.508165
781.487072	-111.217336
781.690840	-113.290510
781.894715	-113.968358
782.098695	-112.235749
782.302783	-109.635346
782.506976	-107.221388
782.711277	-105.324954
782.915684	-104.086821
783.120198	-103.587016
783.324818	-103.889449
783.529546	-105.079250
783.734381	-107.307683
783.939322	-110.871603
784.144372	-116.337420
784.349528	-122.891497
784.554792	-121.858342
784.760163	-120.250891
784.965642	-121.131600
785.171228	-124.271783
785.376922	-126.900713
785.582724	-122.293536
785.788634	-117.715805
785.994651	-114.621002
786.200777	-112.596395
786.407011	-111.391371
786.613353	-110.849083
786.819804	-110.844785
787.026363	-111.273365
787.233030	-112.074891
787.439806	-113.293599
787.646691	-115.144641
787.853684	-117.843658
788.060786	-119.005677
788.267997	-114.786604
788.475317	-110.328590
788.682746	-107.154610
788.890285	-105.088887
789.097932	-103.968506
789.305689	-103.709728
789.513555	-104.258866
789.721531	-105.512587
789.929617	-107.164548
790.137812	-108.624538
790.346117	-109.611438
790.554531	-110.783368
790.763056	-113.147806
790.971691	-117.775851
791.180436	-123.892287
791.389291	-121.817669
791.598256	-122.078300
791.807332	-125.390904
792.016518	-114.767448
792.225815	-108.379351
792.435222	-104.644716
792.644740	-102.510939
792.854369	-101.581226
793.064109	-101.696171
793.273960	-102.810745
793.483922	-104.922806
793.693995	-107.876638
793.904180	-110.655411
794.114475	-111.434831
794.324882	-110.882610
794.535401	-110.300829
794.746031	-109.711995
794.956774	-109.093365
795.167627	-108.856008
795.378593	-109.468810
795.589671	-111.142880
795.800861	-112.959153
796.012162	-111.983609
796.223577	-109.411397
796.435103	-107.726935
796.646742	-107.368936
796.858493	-108.445813
797.070357	-111.382707
797.282334	-117.606431
797.494423	-119.161028
797.706626	-111.726119
797.918941	-107.668420
798.131369	-105.248319
798.343911	-103.819049
798.556566	-103.159138
798.769334	-103.147512
798.982215	-103.565900
799.195210	-103.928875
799.408319	-103.688483
799.621541	-102.943712
799.834877	-102.313434
800.048327	-102.250233
800.261890	-102.943644
800.475568	-104.448684
800.689360	-106.705413
800.903266	-109.245793
801.117287	-110.268433
801.331422	-108.328319
801.545671	-105.401342
801.760036	-102.910177
801.974514	-101.175043
802.189108	-100.250649
802.403816	-100.151733
802.618640	-100.899158
802.833578	-102.513644
803.048632	-104.906838
803.263800	-107.429558
803.479085	-108.527649
803.694484	-108.099029
803.909999	-107.611529
804.125630	-107.580612
804.341376	-107.798744
804.557239	-107.896947
804.773217	-107.645059
804.989311	-106.976342
805.205521	-105.902191
805.421847	-104.585499
805.638290	-103.321986
805.854849	-102.368745
806.071524	-101.864723
806.288316	-101.855837
806.505225	-102.335596
806.722250	-103.272792
806.939393	-104.627032
807.156652	-106.321676
807.374028	-108.027049
807.591521	-108.711325
807.809132	-107.603975
808.026859	-105.804626
808.244705	-104.417324
808.462667	-103.792286
808.680748	-103.974911
808.898946	-104.849949
809.117261	-105.987179
809.335695	-106.536656
809.554246	-106.100059
809.772916	-105.284151
809.991704	-104.573717
810.210610	-103.978607
810.429634	-103.449477
810.648777	-103.152455
810.868039	-103.352336
811.087419	-104.089334
811.306918	-104.653124
811.526535	-103.715762
811.746272	-101.706229
811.966127	-99.996800
812.186102	-99.108877
812.406196	-99.113501
812.626409	-99.972890
812.846742	-101.567688
813.067194	-103.522903
813.287766	-104.947187
813.508457	-105.059591
813.729269	-104.342093
813.950200	-103.619027
814.171251	-103.329402
814.392422	-103.752231
814.613714	-105.197730
814.835126	-108.114581
815.056658	-112.637302
815.278311	-112.821503
815.500084	-108.765382
815.721978	-106.321154
815.943993	-105.345540
816.166128	-105.435051
816.388385	-106.352383
816.610762	-107.757774
816.833261	-108.455473
817.055881	-106.982344
817.278623	-104.573679
817.501486	-102.713992
817.724471	-101.796249
817.947577	-101.886463
818.170805	-103.027225
818.394155	-105.261739
818.617627	-108.356522
818.841221	-110.678524
819.064937	-110.361454
819.288775	-109.211599
819.512736	-108.363726
819.736819	-107.763047
819.961025	-107.494417
820.185354	-107.921387
820.409805	-109.350911
820.634379	-111.299339
820.859076	-111.000849
821.083897	-108.397027
821.308840	-106.339769
821.533907	-105.492479
821.759097	-105.844435
821.984411	-107.408055
822.209848	-110.209100
822.435409	-112.988840
822.661093	-111.490676
822.886902	-108.208448
823.112834	-105.869050
823.338891	-104.555005
823.565072	-104.111579
823.791377	-104.445173
824.017807	-105.472206
824.244361	-106.954806
824.471039	-108.142465
824.697843	-107.943458
824.924771	-106.573150
825.151824	-105.119945
825.379002	-104.128073
825.606306	-103.733381
825.833734	-103.946741
826.061288	-104.732748
826.288967	-106.001630
826.516772	-107.570600
826.744703	-109.128410
826.972759	-110.252263
827.200941	-110.586921
827.429249	-110.209632
827.657683	-109.635189
827.886243	-109.359365
828.114930	-109.633747
828.343743	-110.489679
828.572682	-111.739916
828.801748	-112.931888
829.030941	-113.552382
829.260260	-113.642138
829.489706	-113.898079
829.719280	-115.276310
829.948980	-119.348202
830.178808	-123.987340
830.408763	-114.821265
830.638845	-109.627089
830.869055	-106.868672
831.099393	-105.683800
831.329858	-105.767393
831.560451	-106.911077
831.791173	-108.495017
832.022022	-108.974095
832.252999	-107.990197
832.484105	-107.112312
832.715339	-107.161303
832.946702	-108.138315
833.178193	-109.120978
833.409813	-108.158028
833.641561	-105.718619
833.873439	-103.595581
834.105445	-102.360568
834.337581	-102.123651
834.569846	-102.967743
834.802241	-104.817364
835.034764	-105.994515
835.267418	-103.615182
835.500201	-100.291795
835.733114	-97.844901
835.966157	-96.323482
836.199329	-95.569559
836.432632	-95.462489
836.666065	-95.917482
836.899629	-96.841704
837.133323	-98.043045
837.367147	-99.121252
837.601102	-99.635421
837.835188	-99.665169
838.069405	-99.777999
838.303752	-100.463019
838.538231	-101.931848
838.772841	-103.895037
839.007582	-104.857867
839.242455	-103.812971
839.477459	-102.443985
839.712595	-101.893219
839.947863	-102.420123
840.183263	-104.177893
840.418794	-107.612458
840.654458	-114.607060
840.890254	-127.087222
841.126182	-111.733086
841.362242	-106.789420
841.598435	-103.810284
841.834761	-101.685125
842.071220	-100.086892
842.307811	-98.914921
842.544536	-98.154472
842.781393	-97.827564
843.018384	-97.965514
843.255508	-98.573386
843.492765	-99.553441
843.730156	-100.567001
843.967681	-101.051939
844.205339	-100.830679
844.443132	-100.425805
844.681058	-100.402565
844.919118	-101.041866
845.157313	-102.420099
845.395642	-104.368212
845.634105	-106.064087
845.872703	-106.142650
846.111436	-104.876329
846.350303	-103.548152
846.589306	-102.750879
846.828443	-102.744081
847.067716	-103.855280
847.307124	-106.780306
847.546667	-113.095338
847.786345	-111.630143
848.026160	-105.121447
848.266110	-101.969597
848.506195	-100.840869
848.746417	-101.406227
848.986775	-103.991697
849.227269	-110.220657
849.467899	-113.517061
849.708666	-105.527779
849.949569	-102.133837
850.190609	-101.047882
850.431785	-101.657400
850.673099	-104.049530
850.914549	-109.213644
851.156137	-119.733619
851.397861	-111.121452
851.639723	-106.275489
851.881723	-103.953098
852.123860	-102.696041
852.366135	-102.106111
852.608547	-102.257854
852.851098	-103.513773
853.093786	-106.661965
853.336613	-114.640704
853.579578	-116.879127
853.822681	-107.490870
854.065923	-104.154314
854.309304	-103.117265
854.552823	-103.685453
854.796481	-105.784948
855.040278	-109.671113
855.284215	-114.655115
855.528290	-114.061288
855.772505	-111.834390
856.016859	-112.273752
856.261353	-117.353917
856.505987	-124.283791
856.750760	-109.962097
856.995673	-104.526404
857.240727	-101.489399
857.485920	-99.817532
857.731254	-99.157308
857.976729	-99.387737
858.222343	-100.553892
858.468099	-102.942561
858.713995	-107.249237
858.960032	-110.665724
859.206211	-104.940155
859.452530	-100.491466
859.698991	-97.905446
859.945593	-96.648024
860.192336	-96.575326
860.439222	-97.816671
860.686248	-100.868366
860.933417	-106.578484
861.180728	-106.194210
861.428181	-100.905676
861.675776	-98.416137
861.923514	-97.995510
862.171394	-99.556641
862.419417	-104.211203
862.667582	-122.730622
862.915890	-104.425001
863.164342	-98.734490
863.412936	-96.111795
863.661674	-95.027387
863.910555	-95.069265
864.159579	-96.165946
864.408747	-98.367235
864.658059	-100.879733
864.907515	-99.832638
865.157114	-96.308274
865.406858	-93.538724
865.656746	-91.824517
865.906778	-91.010786
866.156955	-90.992934
866.407277	-91.728697
866.657743	-93.189363
866.908354	-95.170450
867.159110	-96.690996
867.410011	-96.241524
867.661057	-94.558849
867.912249	-93.116790
868.163586	-92.400457
868.415069	-92.529547
868.666697	-93.643218
868.918472	-96.087251
869.170392	-100.810430
869.422458	-108.678039
869.674671	-102.629883
869.927030	-98.085617
870.179536	-96.394400
870.432188	-96.702890
870.684987	-99.269899
870.937933	-105.403655
871.191026	-102.664302
871.444266	-96.007096
871.697653	-92.418151
871.951188	-90.526929
872.204870	-89.848472
872.458700	-90.267769
872.712677	-91.914545
872.966803	-95.231618
873.221076	-100.189259
873.475498	-98.173877
873.730068	-93.351555
873.984787	-90.484875
874.239654	-89.001663
874.494669	-88.551980
874.749834	-89.027351
875.005147	-90.485724
875.260610	-93.150868
875.516222	-97.140078
875.771983	-98.897299
876.027894	-95.398251
876.283954	-92.456753
876.540164	-90.882812
876.796524	-90.429676
877.053033	-91.016727
877.309693	-92.782548
877.566503	-96.204097
877.823464	-102.065185
878.080575	-102.349482
878.337837	-97.334987
878.595249	-94.935229
878.852813	-94.513608
879.110528	-95.842973
879.368393	-98.906052
879.626410	-100.295374
879.884579	-96.226203
880.142899	-92.759064
880.401371	-90.825745
880.659994	-90.159778
880.918770	-90.693898
881.177698	-92.668522
881.436778	-97.101384
881.696010	-111.795518
881.955395	-100.401739
882.214933	-93.702136
882.474623	-90.625908
882.734467	-89.161234
882.994463	-88.808222
883.254613	-89.458935
883.514916	-91.267575
883.775372	-94.876233
884.035982	-103.316102
884.296746	-105.687271
884.557664	-95.590663
884.818735	-91.587368
885.079961	-89.547699
885.341341	-88.697064
885.602876	-88.817687
885.864565	-89.914876
886.126409	-92.176003
886.388407	-95.965476
886.650561	-100.114220
886.912870	-97.906429
887.175334	-94.489443
887.437953	-92.721541
887.700728	-92.290825
887.963658	-92.862607
888.226745	-93.825119
888.489987	-93.827287
888.753385	-92.351423
889.016940	-90.702112
889.280651	-89.792316
889.544518	-89.940852
889.808543	-91.435248
890.072723	-94.943940
890.337061	-101.056313
890.601556	-97.125687
890.866208	-91.704843
891.131017	-88.784805
891.395984	-87.357942
891.661109	-87.026691
891.926391	-87.686647
892.191831	-89.450090
892.457429	-92.790195
892.723186	-99.207220
892.989100	-102.027861
893.255173	-94.382832
893.521405	-90.382315
893.787796	-88.155519
894.054345	-87.006049
894.321053	-86.719357
894.587921	-87.299703
894.854948	-88.946522
895.122134	-92.231379
895.389480	-98.848398
895.656986	-100.663207
895.924651	-93.251439
896.192477	-89.680651
896.460463	-88.042467
896.728609	-87.704885
896.996915	-88.505425
897.265382	-90.491150
897.534010	-93.597493
897.802799	-95.576766
898.071749	-93.338030
898.340860	-90.682094
898.610132	-89.138887
898.879566	-88.609164
899.149162	-88.911876
899.418919	-89.896854
899.688838	-91.381678
899.958919	-93.057607
900.229162	-94.366554
900.499568	-94.524584
900.770136	-93.282142
901.040867	-91.406387
901.311761	-89.706992
901.582817	-88.579044
901.854037	-88.200771
902.125420	-88.711380
902.396966	-90.315119
902.668676	-93.352048
902.940550	-97.535002
903.212587	-96.920083
903.484788	-93.052526
903.757153	-90.590696
904.029683	-89.382295
904.302377	-89.001869
904.575236	-89.098672
904.848259	-89.404580
905.121447	-89.861414
905.394800	-90.711148
905.668319	-92.462416
905.942002	-95.992091
906.215852	-101.488491
906.489866	-96.902925
906.764047	-91.540524
907.038393	-88.499784
907.312906	-86.895624
907.587584	-86.359802
907.862429	-86.780575
908.137441	-88.225801
908.412619	-91.042323
908.687964	-96.504748
908.963476	-120.470105
909.239155	-97.860610
909.515002	-91.967288
909.791015	-88.973566
910.067197	-87.273878
910.343546	-86.438606
910.620063	-86.364739
910.896748	-87.125234
911.173601	-88.990880
911.450623	-92.664935
911.727813	-99.482307
912.005171	-96.508189
912.282699	-90.542135
912.560395	-87.407145
912.838261	-85.865422
913.116296	-85.467384
913.394500	-86.086026
913.672874	-87.791929
913.951418	-90.928647
914.230131	-96.573282
914.509015	-103.867012
914.788068	-96.376509
915.067292	-91.819399
915.346687	-89.290194
915.626252	-87.846000
915.905988	-87.220509
916.185895	-87.403620
916.465973	-88.526781
916.746223	-90.825563
917.026644	-94.168155
917.307236	-94.847963
917.588000	-91.481254
917.868937	-88.734833
918.150045	-87.246617
918.431325	-86.796193
918.712778	-87.232439
918.994404	-88.498800
919.276202	-90.612372
919.558173	-93.551015
919.840317	-96.244201
920.122634	-95.273642
920.405125	-92.095243
920.687789	-89.418430
920.970627	-87.598748
921.253639	-86.592472
921.536824	-86.378684
921.820184	-86.972680
922.103718	-88.346361
922.387427	-90.066195
922.671310	-90.599050
922.955368	-89.149985
923.239601	-87.333688
923.524009	-86.130219
923.808592	-85.686028
924.093351	-85.959170
924.378285	-86.904978
924.663396	-88.524128
924.948682	-90.882749
925.234144	-93.875728
925.519782	-95.356971
925.805597	-92.680959
926.091589	-89.404823
926.377757	-87.108740
926.664102	-85.819943
926.950624	-85.467760
927.237323	-86.057085
927.524200	-87.697391
927.811255	-90.679674
928.098487	-95.767872
928.385897	-105.596623
928.673485	-106.477845
928.961251	-101.438236
929.249196	-99.499129
929.537319	-96.293108
929.825621	-92.423078
930.114102	-89.414895
930.402762	-87.462462
930.691601	-86.439487
930.980620	-86.225138
931.269818	-86.736475
931.559196	-87.922394
931.848753	-89.767586
932.138491	-92.274920
932.428409	-94.893389
932.718508	-94.399495
933.008787	-90.591593
933.299246	-86.996400
933.589887	-84.309509
933.880709	-82.450194
934.171712	-81.312216
934.462896	-80.822528
934.754262	-80.926583
935.045810	-81.559353
935.337539	-82.585488
935.629451	-83.684266
935.921545	-84.291868
936.213822	-83.997977
936.506281	-83.035367
936.798922	-81.880123
937.091747	-80.807512
937.384755	-79.927268
937.677946	-79.296766
937.971321	-78.963541
938.264879	-78.963537
938.558621	-79.300289
938.852547	-79.905550
939.146657	-80.580566
939.440952	-80.989631
939.735431	-80.873067
940.030095	-80.322760
940.324943	-79.646374
940.619977	-79.070746
940.915196	-78.678383
941.210600	-78.473890
941.506189	-78.447241
941.801965	-78.602855
942.097926	-78.952088
942.394074	-79.474272
942.690407	-80.059589
942.986927	-80.480292
943.283634	-80.501473
943.580527	-80.111989
943.877608	-79.539584
944.174875	-79.020938
944.472330	-78.669116
944.769972	-78.490553
945.067802	-78.441417
945.365820	-78.473820
945.664026	-78.557288
945.962420	-78.671876
946.261002	-78.788455
946.559773	-78.862735
946.858733	-78.855145
947.157881	-78.757838
947.457219	-78.596709
947.756746	-78.404548
948.056462	-78.192629
948.356368	-77.942204
948.656464	-77.617606
948.956749	-77.193440
949.257225	-76.681895
949.557891	-76.141352
949.858748	-75.658770
950.159796	-75.319451
950.461034	-75.180842
950.762463	-75.252741
951.064084	-75.477684
951.365896	-75.716930
951.667900	-75.779865
951.970095	-75.533307
952.272483	-75.004514
952.575063	-74.339227
952.877835	-73.685033
953.180799	-73.140423
953.483956	-72.767403
953.787307	-72.611927
954.090850	-72.706292
954.394586	-73.050450
954.698516	-73.573259
955.002640	-74.086130
955.306957	-74.303618
955.611469	-74.038508
955.916174	-73.392932
956.221074	-72.630779
956.526169	-71.956339
956.831458	-71.465490
957.136942	-71.191506
957.442622	-71.146387
957.748496	-71.334770
958.054567	-71.743163
958.360833	-72.309686
958.667294	-72.886855
958.973952	-73.247763
959.280806	-73.213894
959.587857	-72.819056
959.895104	-72.265717
960.202548	-71.744993
960.510189	-71.354939
960.818027	-71.120659
961.126062	-71.035794
961.434295	-71.090667
961.742726	-71.280004
962.051355	-71.592490
962.360182	-71.991325
962.669207	-72.400055
962.978431	-72.711588
963.287854	-72.831454
963.597475	-72.731345
963.907296	-72.459972
964.217315	-72.101676
964.527535	-71.731336
964.837954	-71.399596
965.148573	-71.142677
965.459392	-70.997786
965.770411	-71.009677
966.081630	-71.223513
966.393051	-71.666575
966.704672	-72.320529
967.016494	-73.081826
967.328517	-73.725669
967.640742	-73.957002
967.953169	-73.621620
968.265797	-72.847215
968.578627	-71.890405
968.891660	-70.957902
969.204895	-70.181701
969.518332	-69.653365
969.831972	-69.445649
970.145816	-69.615970
970.459862	-70.197635
970.774112	-71.172523
971.088565	-72.403029
971.403223	-73.524662
971.718084	-74.008785
972.033149	-73.670329
972.348419	-72.870117
972.663893	-72.003617
972.979572	-71.254988
973.295456	-70.689822
973.611546	-70.348002
973.927840	-70.273813
974.244340	-70.515907
974.561046	-71.120926
974.877958	-72.124587
975.195076	-73.526968
975.512401	-75.213655
975.829932	-76.768357
976.147670	-77.402727
976.465615	-76.752746
976.783767	-75.410263
977.102126	-74.006045
977.420693	-72.831878
977.739468	-72.021457
978.058451	-71.667447
978.377642	-71.856437
978.697041	-72.685869
979.016649	-74.288755
979.336466	-76.884616
979.656492	-80.913184
979.976727	-87.525371
980.297171	-98.655152
980.617825	-92.191224
980.938689	-88.121132
981.259763	-84.851552
981.581048	-81.439576
981.902542	-78.583384
982.224248	-76.582892
982.546164	-75.410714
982.868291	-74.951154
983.190630	-75.037002
983.513180	-75.411614
983.835942	-75.744053
984.158916	-75.837836
984.482101	-75.847626
984.805500	-76.146644
985.129110	-77.110813
985.452934	-79.149730
985.776970	-82.996587
986.101220	-89.061003
986.425683	-84.738385
986.750359	-78.985218
987.075250	-75.340082
987.400354	-72.808735
987.725673	-70.983087
988.051206	-69.709129
988.376954	-68.937918
988.702916	-68.665382
989.029094	-68.907862
989.355487	-69.693328
989.682095	-71.056599
990.008919	-73.019260
990.335959	-75.465471
990.663216	-77.559202
990.990688	-77.270389
991.318377	-74.760771
991.646283	-71.949217
991.974406	-69.523489
992.302746	-67.593775
992.631304	-66.169081
992.960079	-65.244663
993.289072	-64.815411
993.618283	-64.878852
993.947713	-65.434821
994.277361	-66.478186
994.607227	-67.968135
994.937313	-69.719189
995.267618	-71.134697
995.598142	-71.233887
995.928886	-69.922697
996.259849	-68.107091
996.591033	-66.389547
996.922437	-64.961323
997.254061	-63.868506
997.585906	-63.121763
997.917972	-62.724910
998.250260	-62.681793
998.582768	-62.997241
998.915498	-63.671446
999.248450	-64.675817
999.581624	-65.879236
999.915020	-66.899516
1000.248639	-67.111484
1000.582480	-66.301044
1000.916545	-64.991424
1001.250832	-63.718772
1001.585343	-62.707381
1001.920077	-62.000683
1002.255035	-61.578886
1002.590218	-61.410341
1002.925624	-61.474297
1003.261255	-61.771451
1003.597111	-62.322677
1003.933192	-63.148232
1004.269497	-64.206822
1004.606029	-65.256797
1004.942785	-65.728980
1005.279768	-65.156886
1005.616977	-63.880104
1005.954412	-62.539145
1006.292074	-61.469101
1006.629962	-60.755491
1006.968077	-60.383863
1007.306420	-60.310040
1007.644990	-60.490411
1007.983787	-60.900827
1008.322813	-61.548643
1008.662067	-62.469242
1009.001549	-63.687597
1009.341259	-65.092317
1009.681199	-66.153395
1010.021367	-65.976872
1010.361765	-64.580411
1010.702392	-62.896719
1011.043250	-61.496969
1011.384337	-60.529710
1011.725654	-59.993263
1012.067202	-59.849879
1012.408980	-60.058440
1012.750989	-60.585680
1013.093230	-61.416035
1013.435702	-62.565385
1013.778405	-64.094402
1014.121341	-66.094184
1014.464508	-68.492141
1014.807908	-70.124552
1015.151540	-68.882034
1015.495405	-66.170551
1015.839503	-63.802291
1016.183835	-62.093812
1016.528400	-60.990637
1016.873198	-60.411728
1017.218231	-60.291658
1017.563498	-60.576094
1017.908999	-61.214562
1018.254735	-62.161771
1018.600707	-63.398067
1018.946913	-64.978465
1019.293354	-67.113919
1019.640032	-70.308668
1019.986945	-75.386179
1020.334094	-76.303693
1020.681480	-70.270496
1021.029102	-66.205534
1021.376961	-63.627109
1021.725058	-62.003233
1022.073391	-61.073532
1022.421962	-60.687580
1022.770772	-60.735463
1023.119819	-61.117738
1023.469104	-61.740524
1023.818628	-62.539661
1024.168391	-63.530455
1024.518393	-64.858983
1024.868634	-66.856271
1025.219115	-70.242938
1025.569836	-77.567945
1025.920796	-83.743496
1026.271997	-71.466232
1026.623438	-66.741948
1026.975121	-64.032936
1027.327044	-62.362066
1027.679208	-61.345794
1028.031614	-60.765910
1028.384262	-60.469448
1028.737152	-60.352893
1029.090284	-60.377610
1029.443659	-60.582969
1029.797276	-61.079786
1030.151137	-62.040701
1030.505240	-63.728193
1030.859587	-66.636967
1031.214178	-72.043079
1031.569013	-78.229281
1031.924093	-69.834495
1032.279417	-64.931844
1032.634985	-62.035367
1032.990799	-60.180682
1033.346858	-58.978138
1033.703162	-58.230314
1034.059712	-57.828059
1034.416509	-57.719546
1034.773551	-57.901393
1035.130841	-58.416439
1035.488377	-59.357153
1035.846160	-60.884821
1036.204190	-63.291000
1036.562468	-67.148292
1036.920994	-72.571506
1037.279768	-70.242472
1037.638790	-65.119550
1037.998061	-61.850864
1038.357581	-59.721501
1038.717350	-58.297715
1039.077368	-57.356533
1039.437636	-56.776867
1039.798154	-56.498264
1040.158922	-56.504811
1040.519940	-56.817902
1040.881209	-57.494388
1041.242729	-58.633791
1041.604501	-60.404881
1041.966524	-63.111079
1042.328798	-67.226877
1042.691325	-70.872131
1043.054103	-67.032106
1043.417135	-62.781428
1043.780419	-59.920622
1044.143956	-57.973733
1044.507746	-56.645395
1044.871791	-55.782195
1045.236088	-55.306379
1045.600641	-55.185488
1045.965447	-55.419551
1046.330508	-56.038204
1046.695824	-57.107129
1047.061395	-58.749632
1047.427222	-61.201719
1047.793304	-64.937412
1048.159642	-70.321298
1048.526237	-69.855328
1048.893088	-64.736136
1049.260196	-61.322037
1049.627561	-59.090844
1049.995183	-57.591945
1050.363063	-56.600137
1050.731201	-55.998845
1051.099597	-55.729587
1051.468251	-55.770531
1051.837164	-56.127427
1052.206336	-56.831944
1052.575767	-57.948393
1052.945458	-59.596549
1053.315409	-62.016577
1053.685619	-65.782387
1054.056090	-72.760038
1054.426821	-76.729364
1054.797814	-67.655461
1055.169067	-63.140148
1055.540582	-60.341968
1055.912359	-58.438414
1056.284398	-57.122412
1056.656698	-56.257321
1057.029262	-55.779334
1057.402088	-55.662216
1057.775177	-55.904002
1058.148530	-56.524641
1058.522146	-57.572812
1058.896027	-59.147093
1059.270171	-61.452105
1059.644580	-64.972109
1060.019254	-71.209306
1060.394193	-78.833232
1060.769397	-68.909631
1061.144867	-64.036183
1061.520602	-61.175219
1061.896604	-59.320253
1062.272872	-58.103777
1062.649407	-57.352915
1063.026210	-56.972299
1063.403279	-56.903949
1063.780616	-57.112709
1064.158221	-57.583271
1064.536094	-58.324350
1064.914235	-59.378999
1065.292645	-60.844312
1065.671325	-62.916309
1066.050273	-66.022283
1066.429491	-71.342898
1066.808979	-80.409724
1067.188738	-71.402205
1067.568766	-65.832511
1067.949066	-62.571585
1068.329636	-60.412723
1068.710478	-58.931351
1069.091592	-57.936216
1069.472977	-57.329686
1069.854635	-57.060782
1070.236565	-57.106901
1070.618768	-57.467349
1071.001243	-58.163649
1071.383993	-59.245660
1071.767016	-60.804863
1072.150313	-62.996261
1072.533884	-66.032876
1072.917730	-69.640224
1073.301850	-70.190862
1073.686246	-66.880347
1074.070917	-63.850257
1074.455864	-61.681779
1074.841087	-60.160716
1075.226586	-59.108739
1075.612362	-58.413827
1075.998415	-58.009246
1076.384745	-57.859724
1076.771353	-57.953433
1077.158238	-58.296811
1077.545401	-58.911327
1077.932843	-59.832383
1078.320564	-61.109720
1078.708564	-62.801994
1079.096842	-64.924491
1079.485401	-67.166593
1079.874240	-68.195247
1080.263358	-66.895643
1080.652757	-64.675377
1081.042438	-62.702060
1081.432399	-61.208094
1081.822641	-60.169211
1082.213166	-59.529642
1082.603972	-59.240920
1082.995061	-59.263337
1083.386433	-59.560584
1083.778087	-60.091012
1084.170025	-60.792908
1084.562246	-61.562311
1084.954751	-62.236277
1085.347541	-62.626037
1085.740615	-62.631254
1086.133973	-62.329526
1086.527617	-61.909674
1086.921546	-61.544813
1087.315761	-61.339965
1087.710262	-61.343050
1088.105050	-61.570072
1088.500124	-62.025535
1088.895485	-62.716891
1089.291134	-63.664554
1089.687070	-64.907618
1090.083294	-66.502587
1090.479806	-68.500971
1090.876607	-70.837769
1091.273696	-72.922004
1091.671075	-73.331227
1092.068744	-71.887808
1092.466702	-69.986047
1092.864950	-68.302238
1093.263489	-66.914396
1093.662319	-65.767131
1094.061440	-64.809211
1094.460852	-64.018990
1094.860555	-63.400512
1095.260551	-62.972098
1095.660840	-62.755492
1096.061421	-62.768270
1096.462295	-63.019036
1096.863462	-63.504117
1097.264923	-64.205498
1097.666678	-65.091374
1098.068727	-66.120951
1098.471071	-67.251515
1098.873710	-68.438164
1099.276644	-69.613805
1099.679874	-70.657074
1100.083400	-71.406444
1100.487222	-71.781483
1100.891340	-71.891484
1101.295756	-71.937854
1101.700468	-72.014027
1102.105478	-71.989169
1102.510787	-71.568740
1102.916393	-70.607911
1103.322298	-69.320582
1103.728502	-68.038548
1104.135005	-66.971762
1104.541807	-66.203743
1104.948909	-65.756751
1105.356312	-65.635397
1105.764015	-65.839545
1106.172019	-66.338820
1106.580324	-66.975047
1106.988931	-67.285853
1107.397840	-66.621717
1107.807051	-64.961518
1108.216564	-62.949986
1108.626380	-61.069449
1109.036500	-59.483581
1109.446923	-58.209149
1109.857649	-57.218661
1110.268680	-56.477967
1110.680016	-55.958954
1111.091657	-55.643659
1111.503602	-55.524765
1111.915854	-55.604070
1112.328411	-55.889925
1112.741275	-56.394612
1113.154445	-57.132511
1113.567922	-58.119452
1113.981706	-59.373288
1114.395798	-60.915300
1114.810198	-62.771413
1115.224906	-64.970569
1115.639923	-67.533796
1116.055249	-70.439253
1116.470884	-73.539352
1116.886829	-76.428062
1117.303084	-78.293578
1117.719650	-77.902784
1118.136526	-75.174391
1118.553713	-71.730627
1118.971212	-68.549683
1119.389022	-65.836744
1119.807145	-63.562093
1120.225580	-61.652497
1120.644328	-60.037937
1121.063389	-58.662097
1121.482763	-57.483597
1121.902452	-56.473710
1122.322454	-55.612300
1122.742771	-54.883605
1123.163404	-54.273504
1123.584351	-53.769162
1124.005614	-53.360924
1124.427193	-53.045118
1124.849089	-52.825886
1125.271301	-52.714734
1125.693830	-52.728183
1126.116677	-52.885126
1126.539842	-53.205628
1126.963324	-53.711996
1127.387126	-54.431889
1127.811246	-55.402041
1128.235685	-56.669133
1128.660444	-58.276368
1129.085522	-60.190459
1129.510922	-62.026964
1129.936641	-62.663889
1130.362682	-61.450887
1130.789044	-59.457948
1131.215728	-57.584887
1131.642734	-56.061249
1132.070063	-54.886011
1132.497714	-54.015323
1132.925689	-53.404862
1133.353987	-53.013602
1133.782610	-52.798181
1134.211556	-52.705114
1134.640827	-52.664356
1135.070424	-52.589688
1135.500345	-52.393565
1135.930593	-52.017322
1136.361166	-51.458569
1136.792067	-50.770293
1137.223294	-50.032298
1137.654848	-49.320838
1138.086730	-48.693887
1138.518940	-48.190403
1138.951479	-47.835731
1139.384346	-47.647986
1139.817543	-47.643677
1140.251069	-47.842518
1140.684925	-48.272132
1141.119111	-48.974054
1141.553628	-50.013980
1141.988475	-51.503450
1142.423655	-53.654369
1142.859166	-56.950022
1143.295009	-62.950048
1143.731185	-75.969636
1144.167694	-61.329404
1144.604536	-55.681415
1145.041711	-52.304508
1145.479221	-49.945055
1145.917065	-48.181040
1146.355245	-46.818334
1146.793759	-45.750748
1147.232609	-44.913288
1147.671795	-44.262954
1148.111317	-43.769642
1148.551177	-43.411231
1148.991373	-43.170606
1149.431907	-43.033669
1149.872779	-42.987991
1150.313989	-43.021947
1150.755538	-43.124268
1151.197426	-43.283931
1151.639653	-43.490334
1152.082220	-43.733693
1152.525128	-44.005649
1152.968376	-44.300095
1153.411966	-44.614206
1153.855897	-44.949597
1154.300169	-45.313381
1154.744784	-45.718922
1155.189742	-46.186204
1155.635042	-46.742030
1156.080687	-47.420578
1156.526674	-48.264926
1156.973007	-49.329784
1157.419683	-50.683597
1157.866705	-52.397237
1158.314072	-54.450409
1158.761786	-56.284785
1159.209845	-56.230241
1159.658251	-53.981724
1160.107004	-51.267098
1160.556104	-48.867031
1161.005553	-46.861807
1161.455349	-45.192892
1161.905494	-43.796986
1162.355989	-42.625333
1162.806832	-41.642793
1163.258026	-40.824527
1163.709570	-40.153151
1164.161464	-39.616549
1164.613710	-39.206256
1165.066307	-38.916392
1165.519256	-38.743117
1165.972558	-38.684524
1166.426212	-38.740819
1166.880219	-38.914648
1167.334580	-39.211435
1167.789295	-39.639728
1168.244364	-40.211614
1168.699788	-40.943388
1169.155567	-41.856662
1169.611702	-42.979783
1170.068193	-44.348313
1170.525041	-45.998860
1170.982245	-47.933201
1171.439807	-49.971971
1171.897726	-51.393487
1172.356004	-51.145485
1172.814640	-49.524138
1173.273635	-47.616113
1173.732989	-45.913317
1174.192703	-44.502359
1174.652778	-43.359604
1175.113213	-42.445186
1175.574009	-41.724358
1176.035167	-41.170468
1176.496687	-40.763859
1176.958569	-40.490185
1177.420814	-40.338973
1177.883422	-40.302623
1178.346394	-40.375835
1178.809730	-40.555384
1179.273430	-40.840164
1179.737496	-41.231359
1180.201927	-41.732692
1180.666723	-42.350692
1181.131886	-43.095061
1181.597416	-43.979246
1182.063312	-45.021243
1182.529576	-46.244295
1182.996209	-47.675649
1183.463209	-49.336391
1183.930579	-51.197508
1184.398317	-53.031795
1184.866426	-54.143657
1185.334904	-53.727517
1185.803754	-52.118665
1186.272974	-50.203099
1186.742566	-48.407221
1187.212529	-46.824551
1187.682865	-45.444909
1188.153574	-44.237857
1188.624656	-43.174694
1189.096112	-42.232686
1189.567942	-41.394720
1190.040147	-40.648045
1190.512726	-39.983076
1190.985681	-39.392499
1191.459012	-38.870650
1191.932720	-38.413099
1192.406804	-38.016375
1192.881265	-37.677735
1193.356104	-37.394937
1193.831322	-37.165982
1194.306918	-36.988859
1194.782893	-36.861332
1195.259248	-36.780840
1195.735982	-36.744516
1196.213097	-36.749314
1196.690593	-36.792203
1197.168471	-36.870334
1197.646730	-36.981162
1198.125371	-37.122557
1198.604395	-37.292962
1199.083803	-37.491689
1199.563594	-37.719353
1200.043769	-37.978444
1200.524329	-38.273967
1201.005273	-38.614136
1201.486604	-39.011107
1201.968320	-39.481855
1202.450422	-40.049463
1202.932912	-40.745388
1203.415789	-41.613765
1203.899054	-42.719942
1204.382707	-44.168423
1204.866748	-46.144642
1205.351179	-49.028560
1205.836000	-53.755300
1206.321211	-60.436156
1206.806812	-53.725935
1207.292805	-47.967945
1207.779189	-44.221830
1208.265965	-41.458748
1208.753134	-39.268896
1209.240696	-37.457646
1209.728651	-35.918308
1210.217000	-34.586327
1210.705744	-33.419848
1211.194883	-32.390321
1211.684417	-31.477478
1212.174347	-30.666420
1212.664673	-29.945841
1213.155396	-29.306924
1213.646516	-28.742616
1214.138034	-28.247131
1214.629951	-27.815586
1215.122266	-27.443704
1215.614980	-27.127560
1216.108095	-26.863342
1216.601609	-26.647123
1217.095524	-26.474661
1217.589841	-26.341247
1218.084559	-26.241596
1218.579679	-26.169762
1219.075202	-26.119032
1219.571128	-26.081819
1220.067458	-26.049619
1220.564191	-26.013122
1221.061330	-25.962571
1221.558874	-25.888403
1222.056823	-25.782118
1222.555178	-25.637257
1223.053940	-25.450258
1223.553109	-25.220951
1224.052686	-24.952534
1224.552671	-24.651048
1225.053065	-24.324522
1225.553867	-23.982010
1226.055079	-23.632737
1226.556702	-23.285438
1227.058735	-22.947938
1227.561179	-22.626947
1228.064035	-22.328023
1228.567303	-22.055668
1229.070983	-21.813491
1229.575077	-21.604394
1230.079585	-21.430738
1230.584506	-21.294502
1231.089842	-21.197395
1231.595594	-21.140969
1232.101761	-21.126707
1232.608345	-21.156094
1233.115345	-21.230689
1233.622762	-21.352182
1234.130597	-21.522474
1234.638851	-21.743761
1235.147523	-22.018645
1235.656615	-22.350268
1236.166126	-22.742470
1236.676058	-23.199980
1237.186411	-23.728666
1237.697185	-24.335867
1238.208381	-25.030852
1238.719999	-25.825448
1239.232040	-26.734902
1239.744505	-27.779015
1240.257394	-28.983500
1240.770708	-30.381035
1241.284446	-32.009501
1241.798610	-33.897009
1242.313201	-35.994048
1242.828218	-37.943381
1243.343662	-38.783962
1243.859534	-37.888335
1244.375834	-36.093750
1244.892563	-34.259657
1245.409721	-32.658363
1245.927309	-31.315035
1246.445327	-30.197719
1246.963777	-29.269631
1247.482657	-28.500054
1248.001970	-27.865161
1248.521716	-27.346823
1249.041894	-26.931309
1249.562506	-26.608240
1250.083553	-26.369825
1250.605034	-26.210307
1251.126950	-26.125595
1251.649302	-26.113012
1252.172091	-26.171146
1252.695316	-26.299777
1253.218979	-26.499874
1253.743079	-26.773675
1254.267619	-27.124855
1254.792597	-27.558803
1255.318015	-28.083060
1255.843874	-28.707980
1256.370173	-29.447757
1256.896913	-30.322029
1257.424095	-31.358480
1257.951720	-32.597182
1258.479787	-34.098030
1259.008298	-35.953393
1259.537254	-38.305761
1260.066654	-41.329010
1260.596499	-44.714957
1261.126790	-45.328958
1261.657527	-42.175098
1262.188711	-38.959124
1262.720342	-36.432314
1263.252422	-34.444471
1263.784950	-32.838182
1264.317928	-31.509269
1264.851355	-30.390159
1265.385232	-29.435621
1265.919560	-28.614237
1266.454340	-27.903434
1266.989572	-27.286512
1267.525256	-26.750797
1268.061394	-26.286454
1268.597985	-25.885698
1269.135031	-25.542263
1269.672531	-25.251024
1270.210487	-25.007729
1270.748899	-24.808793
1271.287768	-24.651135
1271.827094	-24.532058
1272.366877	-24.449148
1272.907119	-24.400191
1273.447820	-24.383108
1273.988981	-24.395889
1274.530601	-24.436529
1275.072683	-24.502966
1275.615226	-24.593016
1276.158230	-24.704319
1276.701697	-24.834274
1277.245627	-24.979982
1277.790021	-25.138191
1278.334879	-25.305263
1278.880202	-25.477165
1279.425991	-25.649501
1279.972245	-25.817591
1280.518966	-25.976587
1281.066155	-26.121655
1281.613811	-26.248207
1282.161936	-26.352186
1282.710529	-26.430364
1283.259593	-26.480615
1283.809126	-26.502106
1284.359131	-26.495357
1284.909607	-26.462168
1285.460555	-26.405420
1286.011976	-26.328799
1286.563870	-26.236486
1287.116237	-26.132869
1287.669080	-26.022290
1288.222397	-25.908854
1288.776191	-25.796292
1289.330460	-25.687877
1289.885207	-25.586380
1290.440431	-25.494060
1290.996133	-25.412678
1291.552314	-25.343511
1292.108975	-25.287391
1292.666115	-25.244725
1293.223737	-25.215522
1293.781839	-25.199407
1294.340424	-25.195628
1294.899491	-25.203057
1295.459041	-25.220188
1296.019075	-25.245137
1296.579593	-25.275634
1297.140597	-25.309020
1297.702086	-25.342246
1298.264061	-25.371906
1298.826524	-25.394293
1299.389474	-25.405517
1299.952912	-25.401658
1300.516839	-25.378949
1301.081255	-25.333983
1301.646162	-25.263911
1302.211559	-25.166629
1302.777448	-25.040916
1303.343829	-24.886522
1303.910702	-24.704175
1304.478069	-24.495504
1305.045930	-24.262896
1305.614285	-24.009292
1306.183136	-23.737980
1306.752483	-23.452392
1307.322326	-23.155933
1307.892666	-22.851849
1308.463504	-22.543134
1309.034841	-22.232463
1309.606677	-21.922168
1310.179012	-21.614227
1310.751849	-21.310287
1311.325186	-21.011693
1311.899025	-20.719523
1312.473366	-20.434624
1313.048211	-20.157642
1313.623559	-19.889051
1314.199412	-19.629182
1314.775770	-19.378241
1315.352634	-19.136334
1315.930004	-18.903484
1316.507881	-18.679656
1317.086266	-18.464769
1317.665159	-18.258709
1318.244562	-18.061335
1318.824474	-17.872483
1319.404897	-17.691974
1319.985831	-17.519614
1320.567276	-17.355206
1321.149234	-17.198552
1321.731706	-17.049450
1322.314691	-16.907696
1322.898190	-16.773083
1323.482205	-16.645399
1324.066736	-16.524431
1324.651783	-16.409967
1325.237347	-16.301794
1325.823430	-16.199698
1326.410031	-16.103464
1326.997151	-16.012869
1327.584791	-15.927686
1328.172952	-15.847677
1328.761634	-15.772596
1329.350839	-15.702188
1329.940566	-15.636195
1330.530817	-15.574355
1331.121592	-15.516404
1331.712891	-15.462074
1332.304716	-15.411095
1332.897068	-15.363193
1333.489946	-15.318094
1334.083352	-15.275518
1334.677287	-15.235185
1335.271750	-15.196816
1335.866744	-15.160133
1336.462268	-15.124867
1337.058323	-15.090754
1337.654910	-15.057541
1338.252029	-15.024983
1338.849682	-14.992838
1339.447869	-14.960876
1340.046591	-14.928878
1340.645848	-14.896634
1341.245641	-14.863946
1341.845972	-14.830624
1342.446840	-14.796486
1343.048246	-14.761365
1343.650191	-14.725103
1344.252677	-14.687553
1344.855702	-14.648578
1345.459269	-14.608051
1346.063379	-14.565852
1346.668030	-14.521869
1347.273226	-14.475996
1347.878965	-14.428133
1348.485250	-14.378182
1349.092080	-14.326049
1349.699456	-14.271644
1350.307380	-14.214882
1350.915851	-14.155682
1351.524871	-14.093963
1352.134441	-14.029645
1352.744560	-13.962650
1353.355231	-13.892894
1353.966453	-13.820299
1354.578227	-13.744783
1355.190555	-13.666270
1355.803436	-13.584684
1356.416872	-13.499956
1357.030863	-13.412021
1357.645411	-13.320825
1358.260515	-13.226320
1358.876177	-13.128470
1359.492397	-13.027248
1360.109176	-12.922638
1360.726516	-12.814640
1361.344416	-12.703266
1361.962877	-12.588541
1362.581901	-12.470511
1363.201487	-12.349235
1363.821637	-12.224792
1364.442352	-12.097276
1365.063632	-11.966795
1365.685478	-11.833474
1366.307891	-11.697449
1366.930871	-11.558865
1367.554420	-11.417881
1368.178538	-11.274665
1368.803226	-11.129395
1369.428485	-10.982258
1370.054315	-10.833451
1370.680717	-10.683174
1371.307693	-10.531636
1371.935242	-10.379041
1372.563366	-10.225599
1373.192065	-10.071515
1373.821341	-9.916991
1374.451193	-9.762229
1375.081623	-9.607425
1375.712632	-9.452773
1376.344221	-9.298462
1376.976389	-9.144676
1377.609139	-8.991593
1378.242470	-8.839384
1378.876384	-8.688209
1379.510881	-8.538219
1380.145963	-8.389557
1380.781629	-8.242353
1381.417881	-8.096730
1382.054720	-7.952800
1382.692147	-7.810668
1383.330161	-7.670431
1383.968765	-7.532180
1384.607959	-7.395998
1385.247743	-7.261960
1385.888119	-7.130136
1386.529087	-7.000589
1387.170648	-6.873374
1387.812804	-6.748544
1388.455554	-6.626141
1389.098899	-6.506208
1389.742842	-6.388780
1390.387381	-6.273888
1391.032519	-6.161563
1391.678256	-6.051830
1392.324592	-5.944714
1392.971529	-5.840239
1393.619068	-5.738427
1394.267208	-5.639300
1394.915952	-5.542880
1395.565300	-5.449185
1396.215253	-5.358237
1396.865812	-5.270053
1397.516977	-5.184649
1398.168749	-5.102042
1398.821130	-5.022245
1399.474120	-4.945274
1400.127719	-4.871142
1400.781930	-4.799865
1401.436752	-4.731458
1402.092186	-4.665937
1402.748234	-4.603320
1403.404897	-4.543625
1404.062174	-4.486871
1404.720067	-4.433077
1405.378577	-4.382263
1406.037705	-4.334446
1406.697451	-4.289641
1407.357817	-4.247861
1408.018803	-4.209116
1408.680410	-4.173413
1409.342639	-4.140757
1410.005492	-4.111154
1410.668968	-4.084609
1411.333068	-4.061129
1411.997795	-4.040721
1412.663147	-4.023396
1413.329127	-4.009163
1413.995736	-3.998031
1414.662973	-3.990005
1415.330840	-3.985091
1415.999339	-3.983288
1416.668469	-3.984592
1417.338232	-3.988998
1418.008628	-3.996497
1418.679659	-4.007078
1419.351325	-4.020733
1420.023628	-4.037454
1420.696568	-4.057240
1421.370145	-4.080092
1422.044362	-4.106018
1422.719219	-4.135030
1423.394717	-4.167148
1424.070856	-4.202393
1424.747638	-4.240788
1425.425064	-4.282357
1426.103134	-4.327123
1426.781850	-4.375104
1427.461212	-4.426314
1428.141221	-4.480764
1428.821878	-4.538458
1429.503185	-4.599396
1430.185141	-4.663576
1430.867749	-4.730993
1431.551008	-4.801645
1432.234920	-4.875529
1432.919486	-4.952650
1433.604707	-5.033015
1434.290583	-5.116639
1434.977116	-5.203537
1435.664307	-5.293729
1436.352156	-5.387233
1437.040664	-5.484062
1437.729833	-5.584218
1438.419663	-5.687696
1439.110156	-5.794470
1439.801312	-5.904501
1440.493132	-6.017730
1441.185617	-6.134083
1441.878768	-6.253473
1442.572586	-6.375802
1443.267072	-6.500969
1443.962228	-6.628876
1444.658053	-6.759434
1445.354549	-6.892566
1446.051717	-7.028212
1446.749558	-7.166335
1447.448073	-7.306914
1448.147263	-7.449948
1448.847128	-7.595447
1449.547671	-7.743425
1450.248891	-7.893892
1450.950789	-8.046838
1451.653368	-8.202226
1452.356627	-8.359973
1453.060568	-8.519941
1453.765192	-8.681924
1454.470500	-8.845638
1455.176492	-9.010718
1455.883170	-9.176714
1456.590534	-9.343097
1457.298586	-9.509265
1458.007327	-9.674565
1458.716758	-9.838302
1459.426880	-9.999770
1460.137693	-10.158277
1460.849199	-10.313166
1461.561398	-10.463846
1462.274293	-10.609807
1462.987883	-10.750646
1463.702170	-10.886069
1464.417155	-11.015905
1465.132838	-11.140095
1465.849222	-11.258691
1466.566306	-11.371835
1467.284093	-11.479738
1468.002582	-11.582657
1468.721775	-11.680864
1469.441674	-11.774618
1470.162278	-11.864134
1470.883590	-11.949561
1471.605609	-12.030955
1472.328338	-12.108269
1473.051777	-12.181337
1473.775928	-12.249878
1474.500790	-12.313501
1475.226367	-12.371713
1475.952657	-12.423948
1476.679663	-12.469592
1477.407386	-12.508016
1478.135826	-12.538612
1478.864985	-12.560839
1479.594863	-12.574264
1480.325463	-12.578598
1481.056784	-12.573738
1481.788828	-12.559799
1482.521597	-12.537132
1483.255090	-12.506341
1483.989309	-12.468280
1484.724256	-12.424043
1485.459931	-12.374942
1486.196336	-12.322475
1486.933471	-12.268291
1487.671337	-12.214147
1488.409937	-12.161864
1489.149270	-12.113283
1489.889337	-12.070229
1490.630141	-12.034468
1491.371682	-12.007681
1492.113961	-11.991435
1492.856979	-11.987162
1493.600738	-11.996139
1494.345238	-12.019476
1495.090481	-12.058101
1495.836467	-12.112747
1496.583198	-12.183943
1497.330675	-12.272001
1498.078899	-12.377005
1498.827872	-12.498797
1499.577593	-12.636968
1500.328065	-12.790856
1501.079289	-12.959540
1501.831265	-13.141859
1502.583995	-13.336440
1503.337480	-13.541750
1504.091721	-13.756176
1504.846719	-13.978133
1505.602475	-14.206208
1506.358991	-14.439326
1507.116268	-14.676943
1507.874306	-14.919235
1508.633108	-15.167291
1509.392673	-15.423267
1510.153004	-15.690518
1510.914101	-15.973676
1511.675965	-16.278706
1512.438599	-16.612936
1513.202002	-16.985080
1513.966176	-17.405274
1514.731122	-17.885108
1515.496842	-18.437582
1516.263336	-19.076802
1517.030607	-19.816855
1517.798654	-20.668543
1518.567479	-21.630679
1519.337083	-22.668733
1520.107468	-23.669924
1520.878634	-24.384309
1521.650584	-24.463722
1522.423317	-23.742988
1523.196836	-22.437390
1523.971141	-20.896264
1524.746233	-19.351648
1525.522115	-17.905249
1526.298786	-16.588770
1527.076249	-15.405044
1527.854504	-14.347010
1528.633553	-13.405332
1529.413397	-12.571214
1530.194037	-11.837312
1530.975474	-11.197921
1531.757709	-10.648914
1532.540745	-10.187610
1533.324581	-9.812664
1534.109220	-9.523986
1534.894662	-9.322702
1535.680909	-9.211187
1536.467961	-9.193154
1537.255821	-9.273836
1538.044489	-9.460283
1538.833967	-9.761849
1539.624256	-10.190940
1540.415357	-10.764231
1541.207271	-11.504654
1542.000000	-12.444821
1542.793545	-13.633251
1543.587907	-15.146609
1544.383087	-17.116422
1545.179088	-19.796404
1545.975909	-23.769920
1546.773552	-30.656510
1547.572019	-32.552140
1548.371311	-24.968591
1549.171428	-20.717774
1549.972373	-17.954186
1550.774147	-15.970173
1551.576751	-14.469845
1552.380185	-13.303317
1553.184453	-12.384255
1553.989554	-11.658267
1554.795490	-11.088768
1555.602263	-10.649897
1556.409873	-10.322658
1557.218322	-10.092686
1558.027612	-9.948863
1558.837743	-9.882439
1559.648717	-9.886443
1560.460536	-9.955277
1561.273200	-10.084416
1562.086710	-10.270192
1562.901069	-10.509614
1563.716278	-10.800205
1564.532337	-11.139861
1565.349249	-11.526685
1566.167014	-11.958811
1566.985634	-12.434171
1567.805111	-12.950207
1568.625444	-13.503497
1569.446637	-14.089261
1570.268690	-14.700752
1571.091605	-15.328545
1571.915382	-15.959821
1572.740024	-16.577866
1573.565532	-17.162161
1574.391907	-17.689595
1575.219150	-18.137188
1576.047262	-18.486147
1576.876246	-18.726115
1577.706103	-18.857811
1578.536833	-18.892681
1579.368439	-18.849764
1580.200922	-18.751305
1581.034282	-18.618875
1581.868522	-18.470929
1582.703643	-18.321824
1583.539646	-18.181840
1584.376532	-18.057707
1585.214304	-17.953282
1586.052962	-17.870195
1586.892508	-17.808391
1587.732943	-17.766552
1588.574269	-17.742426
1589.416487	-17.733090
1590.259599	-17.735168
1591.103605	-17.745038
1591.948508	-17.759031
1592.794309	-17.773639
1593.641009	-17.785721
1594.488609	-17.792703
1595.337112	-17.792749
1596.186518	-17.784884
1597.036829	-17.769065
1597.888047	-17.746166
1598.740172	-17.717905
1599.593207	-17.686706
1600.447153	-17.655531
1601.302010	-17.627689
1602.157782	-17.606653
1603.014469	-17.595894
1603.872072	-17.598744
1604.730593	-17.618282
1605.590034	-17.657254
1606.450397	-17.718001
1607.311681	-17.802411
1608.173890	-17.911868
1609.037024	-18.047206
1609.901085	-18.208655
1610.766075	-18.395776
1611.631995	-18.607402
1612.498846	-18.841558
1613.366630	-19.095394
1614.235349	-19.365138
1615.105004	-19.646080
1615.975596	-19.932624
1616.847128	-20.218437
1617.719600	-20.496715
1618.593014	-20.760585
1619.467372	-21.003612
1620.342675	-21.220374
1621.218924	-21.406992
1622.096122	-21.561502
1622.974270	-21.684003
1623.853369	-21.776512
1624.733420	-21.842576
1625.614427	-21.886729
1626.496389	-21.913898
1627.379308	-21.928865
1628.263187	-21.935842
1629.148026	-21.938196
1630.033828	-21.938308
1630.920593	-21.937563
1631.808324	-21.936432
1632.697022	-21.934638
1633.586688	-21.931372
1634.477324	-21.925541
1635.368932	-21.916033
1636.261514	-21.901958
1637.155070	-21.882854
1638.049602	-21.858827
1638.945113	-21.830610
1639.841603	-21.799548
1640.739075	-21.767501
1641.637529	-21.736700
1642.536968	-21.709569
1643.437393	-21.688538
1644.338806	-21.675878
1645.241209	-21.673549
1646.144602	-21.683097
1647.048988	-21.705586
1647.954368	-21.741560
1648.860744	-21.791058
1649.768118	-21.853651
1650.676491	-21.928513
1651.585865	-22.014514
1652.496241	-22.110342
1653.407621	-22.214619
1654.320008	-22.326030
1655.233401	-22.443430
1656.147804	-22.565932
1657.063218	-22.692953
1657.979645	-22.824223
1658.897085	-22.959748
1659.815542	-23.099742
1660.735016	-23.244527
1661.655509	-23.394417
1662.577023	-23.549614
1663.499560	-23.710107
1664.423121	-23.875605
1665.347709	-24.045507
1666.273324	-24.218902
1667.199969	-24.394619
1668.127645	-24.571301
1669.056353	-24.747508
1669.986097	-24.921824
1670.916877	-25.092966
1671.848695	-25.259865
1672.781553	-25.421712
1673.715452	-25.577967
1674.650395	-25.728323
1675.586383	-25.872646
1676.523418	-26.010893
1677.461501	-26.143037
1678.400635	-26.269000
1679.340821	-26.388625
1680.282061	-26.501673
1681.224357	-26.607853
1682.167710	-26.706883
1683.112122	-26.798555
1684.057595	-26.882798
1685.004132	-26.959729
1685.951732	-27.029668
1686.900400	-27.093131
1687.850135	-27.150788
1688.800940	-27.203395
1689.752818	-27.251735
1690.705768	-27.296543
1691.659795	-27.338461
1692.614898	-27.378007
1693.571081	-27.415573
1694.528345	-27.451432
1695.486691	-27.485775
1696.446122	-27.518741
1697.406640	-27.550453
1698.368245	-27.581046
1699.330941	-27.610678
1700.294729	-27.639530
1701.259611	-27.667795
1702.225588	-27.695662
1703.192664	-27.723299
1704.160838	-27.750835
1705.130114	-27.778365
1706.100493	-27.805953
1707.071977	-27.833645
1708.044568	-27.861497
1709.018268	-27.889586
1709.993079	-27.918032
1710.969003	-27.946998
1711.946041	-27.976691
1712.924196	-28.007343
1713.903469	-28.039189
1714.883862	-28.072437
1715.865378	-28.107246
1716.848017	-28.143712
1717.831783	-28.181851
1718.816677	-28.221606
1719.802701	-28.262848
1720.789857	-28.305390
1721.778147	-28.348992
1722.767573	-28.393377
1723.758136	-28.438229
1724.749840	-28.483196
1725.742685	-28.527881
1726.736673	-28.571838
1727.731808	-28.614574
1728.728090	-28.655545
1729.725521	-28.694175
1730.724105	-28.729875
1731.723842	-28.762066
1732.724735	-28.790213
1733.726785	-28.813848
1734.729995	-28.832589
1735.734366	-28.846158
1736.739902	-28.854382
1737.746603	-28.857192
1738.754472	-28.854621
1739.763510	-28.846788
1740.773721	-28.833896
1741.785105	-28.816228
1742.797665	-28.794134
1743.811403	-28.768035
1744.826321	-28.738411
1745.842422	-28.705789
1746.859706	-28.670730
1747.878177	-28.633811
1748.897835	-28.595602
1749.918685	-28.556653
1750.940726	-28.517472
1751.963963	-28.478514
1752.988395	-28.440178
1754.014027	-28.402801
1755.040860	-28.366661
1756.068895	-28.331973
1757.098135	-28.298895
1758.128583	-28.267528
1759.160240	-28.237915
1760.193109	-28.210050
1761.227191	-28.183876
1762.262488	-28.159295
1763.299004	-28.136176
1764.336740	-28.114363
1765.375697	-28.093686
1766.415880	-28.073971
1767.457288	-28.055044
1768.499926	-28.036742
1769.543794	-28.018911
1770.588895	-28.001408
1771.635231	-27.984108
1772.682805	-27.966900
1773.731619	-27.949694
1774.781674	-27.932413
1775.832973	-27.914998
1776.885519	-27.897397
1777.939312	-27.879563
1778.994357	-27.861443
1780.050654	-27.842974
1781.108207	-27.824074
1782.167017	-27.804636
1783.227087	-27.784529
1784.288418	-27.763592
1785.351013	-27.741639
1786.414875	-27.718463
1787.480006	-27.693838
1788.546407	-27.667525
1789.614082	-27.639283
1790.683032	-27.608871
1791.753259	-27.576063
1792.824767	-27.540659
1793.897557	-27.502497
1794.971632	-27.461464
1796.046994	-27.417505
1797.123645	-27.370630
1798.201588	-27.320918
1799.280824	-27.268522
1800.361357	-27.213662
1801.443188	-27.156629
1802.526320	-27.097774
1803.610756	-27.037505
1804.696497	-26.976276
1805.783546	-26.914579
1806.871906	-26.852931
1807.961578	-26.791863
1809.052565	-26.731905
1810.144870	-26.673577
1811.238494	-26.617373
1812.333441	-26.563753
1813.429713	-26.513133
1814.527311	-26.465873
1815.626239	-26.422274
1816.726499	-26.382563
1817.828094	-26.346891
1818.931025	-26.315325
1820.035295	-26.287843
1821.140906	-26.264331
1822.247862	-26.244573
1823.356165	-26.228255
1824.465816	-26.214959
1825.576819	-26.204162
1826.689175	-26.195234
1827.802888	-26.187440
1828.917960	-26.179943
1830.034394	-26.171805
1831.152191	-26.161994
1832.271354	-26.149395
1833.391887	-26.132820
1834.513790	-26.111021
1835.637068	-26.082711
1836.761722	-26.046579
1837.887755	-26.001319
1839.015169	-25.945651
1840.143968	-25.878351
1841.274153	-25.798282
1842.405727	-25.704419
1843.538693	-25.595882
1844.673053	-25.471961
1845.808810	-25.332141
1846.945966	-25.176115
1848.084525	-25.003803
1849.224488	-24.815356
1850.365858	-24.611149
1851.508638	-24.391778
1852.652831	-24.158042
1853.798438	-23.910918
1854.945463	-23.651543
1856.093909	-23.381173
1857.243777	-23.101162
1858.395071	-22.812919
1859.547794	-22.517884
1860.701947	-22.217494
1861.857533	-21.913161
1863.014556	-21.606246
1864.173018	-21.298041
1865.332922	-20.989757
1866.494270	-20.682507
1867.657065	-20.377306
1868.821309	-20.075058
1869.987006	-19.776563
1871.154158	-19.482510
1872.322768	-19.193484
1873.492839	-18.909973
1874.664373	-18.632371
1875.837373	-18.360986
1877.011841	-18.096053
1878.187782	-17.837733
1879.365197	-17.586136
1880.544089	-17.341318
1881.724460	-17.103302
1882.906315	-16.872084
1884.089655	-16.647645
1885.274483	-16.429962
1886.460803	-16.219020
1887.648616	-16.014822
1888.837927	-15.817401
1890.028736	-15.626825
1891.221049	-15.443211
1892.414866	-15.266728
1893.610192	-15.097608
1894.807028	-14.936151
1896.005379	-14.782727
1897.205246	-14.637781
1898.406633	-14.501833
1899.609542	-14.375476
1900.813977	-14.259382
1902.019940	-14.154292
1903.227434	-14.061020
1904.436462	-13.980448
1905.647028	-13.913522
1906.859133	-13.861253
1908.072781	-13.824711
1909.287976	-13.805025
1910.504719	-13.803381
1911.723013	-13.821017
1912.942863	-13.859227
1914.164270	-13.919359
1915.387238	-14.002811
1916.611770	-14.111029
1917.837868	-14.245499
1919.065536	-14.407739
1920.294777	-14.599276
1921.525594	-14.821615
1922.757989	-15.076188
1923.991967	-15.364270
1925.227529	-15.686858
1926.464679	-16.044471
1927.703420	-16.436862
1928.943755	-16.862585
1930.185688	-17.318370
1931.429221	-17.798256
1932.674356	-18.292470
1933.921099	-18.786141
1935.169451	-19.258181
1936.419415	-19.681064
1937.670996	-20.022633
1938.924195	-20.250950
1940.179017	-20.341846
1941.435463	-20.286415
1942.693538	-20.094317
1943.953245	-19.790762
1945.214586	-19.409132
1946.477566	-18.983376
1947.742186	-18.543031
1949.008451	-18.111321
1950.276363	-17.705333
1951.545926	-17.337138
1952.817143	-17.015113
1954.090017	-16.745100
1955.364551	-16.531324
1956.640749	-16.377060
1957.918615	-16.285113
1959.198150	-16.258148
1960.479359	-16.298920
1961.762244	-16.410398
1963.046810	-16.595802
1964.333059	-16.858496
1965.620995	-17.201642
1966.910621	-17.627428
1968.201940	-18.135467
1969.494956	-18.719709
1970.789672	-19.362736
1972.086091	-20.026274
1973.384217	-20.638597
1974.684053	-21.087148
1975.985602	-21.238101
1977.288869	-20.998939
1978.593855	-20.382394
1979.900566	-19.496696
1981.209003	-18.474832
1982.519171	-17.420560
1983.831073	-16.397060
1985.144712	-15.436854
1986.460093	-14.554040
1987.777217	-13.752888
1989.096089	-13.032854
1990.416713	-12.391270
1991.739092	-11.824729
1993.063228	-11.329757
1994.389127	-10.903128
1995.716791	-10.541977
1997.046223	-10.243823
1998.377428	-10.006534
1999.710409	-9.828253
2001.045169	-9.707304
2002.381713	-9.642060
2003.720043	-9.630772
2005.060163	-9.671339
2006.402077	-9.761005
2007.745788	-9.895946
2009.091301	-10.070743
2010.438618	-10.277725
2011.787743	-10.506231
2013.138680	-10.741939
2014.491433	-10.966557
2015.846005	-11.158348
2017.202399	-11.294025
2018.560621	-11.352273
2019.920673	-11.318276
2021.282558	-11.187672
2022.646281	-10.968044
2024.011846	-10.677156
2025.379256	-10.338885
2026.748515	-9.978745
2028.119626	-9.620536
2029.492594	-9.284607
2030.867422	-8.987432
2032.244114	-8.741964
2033.622673	-8.558274
2035.003104	-8.444183
2036.385411	-8.405692
2037.769597	-8.447110
2039.155665	-8.570736
2040.543621	-8.775880
2041.933467	-9.056898
2043.325208	-9.399747
2044.718847	-9.776735
2046.114389	-10.140112
2047.511837	-10.418285
2048.911195	-10.523419
2050.312467	-10.379009
2051.715657	-9.958147
2053.120769	-9.300133
2054.527807	-8.487748
2055.936775	-7.608951
2057.347677	-6.732961
2058.760516	-5.905502
2060.175297	-5.153619
2061.592025	-4.492149
2063.010701	-3.928802
2064.431332	-3.467517
2065.853921	-3.110511
2067.278472	-2.859498
2068.704988	-2.716442
2070.133475	-2.684043
2071.563936	-2.766108
2072.996375	-2.967894
2074.430796	-3.296485
2075.867204	-3.761245
2077.305603	-4.374387
2078.745996	-5.151671
2080.188389	-6.113122
2081.632784	-7.283288
2083.079187	-8.689323
2084.527601	-10.350960
2085.978030	-12.243289
2087.430480	-14.183276
2088.884954	-15.627407
2090.341455	-15.866026
2091.799990	-14.997822
2093.260561	-13.773659
2094.723173	-12.673459
2096.187831	-11.848931
2097.654538	-11.322390
2099.123300	-11.081919
2100.594119	-11.110626
2102.067001	-11.392571
2103.541950	-11.909689
2105.018971	-12.631818
2106.498067	-13.497136
2107.979243	-14.382452
2109.462503	-15.085666
2110.947853	-15.388403
2112.435295	-15.218499
2113.924836	-14.722234
2115.416478	-14.131336
2116.910227	-13.624829
2118.406087	-13.303092
2119.904063	-13.213734
2121.404158	-13.375479
2122.906378	-13.787522
2124.410727	-14.423348
2125.917210	-15.205704
2127.425831	-15.964181
2128.936594	-16.423122
2130.449505	-16.339063
2131.964567	-15.734409
2133.481786	-14.873108
2135.001166	-14.021127
2136.522711	-13.334883
2138.046427	-12.883829
2139.572317	-12.692013
2141.100388	-12.761326
2142.630642	-13.077873
2144.163085	-13.605420
2145.697722	-14.266954
2147.234558	-14.921089
2148.773596	-15.367841
2150.314842	-15.441136
2151.858301	-15.144223
2153.403977	-14.648688
2154.951875	-14.158289
2156.502000	-13.816593
2158.054357	-13.700147
2159.608950	-13.838700
2161.165785	-14.226488
2162.724866	-14.815614
2164.286198	-15.492623
2165.849786	-16.060538
2167.415635	-16.295117
2168.983749	-16.108521
2170.554134	-15.638378
2172.126795	-15.121290
2173.701737	-14.744455
2175.278964	-14.611287
2176.858481	-14.762184
2178.440294	-15.188978
2180.024408	-15.824428
2181.610827	-16.509715
2183.199557	-16.986099
2184.790602	-17.019769
2186.383968	-16.620512
2187.979660	-16.034803
2189.577683	-15.525198
2191.178041	-15.252352
2192.780741	-15.284838
2194.385787	-15.626786
2195.993185	-16.217240
2197.602939	-16.900012
2199.215054	-17.409783
2200.829537	-17.493420
2202.446392	-17.146955
2204.065624	-16.624362
2205.687239	-16.202273
2207.311242	-16.047754
2208.937638	-16.224154
2210.566433	-16.711285
2212.197631	-17.387901
2213.831239	-17.996485
2215.467261	-18.215299
2217.105703	-17.935743
2218.746570	-17.395027
2220.389867	-16.925379
2222.035601	-16.742915
2223.683776	-16.935246
2225.334398	-17.487325
2226.987472	-18.256177
2228.643004	-18.915238
2230.300999	-19.064281
2231.961463	-18.636170
2233.624402	-17.993707
2235.289820	-17.527072
2236.957723	-17.445502
2238.628118	-17.810167
2240.301009	-18.557483
2241.976402	-19.434675
2243.654303	-19.955956
2245.334717	-19.755496
2247.017650	-19.080025
2248.703108	-18.456404
2250.391096	-18.217658
2252.081620	-18.480949
2253.774686	-19.211283
2255.470300	-20.169248
2257.168467	-20.819541
2258.869193	-20.676566
2260.572484	-19.977097
2262.278345	-19.338262
2263.986783	-19.141346
2265.697804	-19.505288
2267.411412	-20.358548
2269.127615	-21.351248
2270.846417	-21.806972
2272.567826	-21.379336
2274.291846	-20.604010
2276.018484	-20.122707
2277.747745	-20.221533
2279.479637	-20.924318
2281.214164	-21.983280
2282.951333	-22.724290
2284.691149	-22.495164
2286.433619	-21.673523
2288.178750	-21.060953
2289.926546	-21.063239
2291.677014	-21.746329
2293.430161	-22.864078
2295.185992	-23.659124
2296.944513	-23.365457
2298.705732	-22.457405
2300.469653	-21.848455
2302.236283	-21.952163
2304.005629	-22.799387
2305.777696	-24.018224
2307.552492	-24.608279
2309.330022	-23.964613
2311.110292	-22.995658
2312.893310	-22.596206
2314.679080	-23.048589
2316.467611	-24.236393
2318.258907	-25.409016
2320.052976	-25.314237
2321.849824	-24.239983
2323.649457	-23.479670
2325.451883	-23.612406
2327.257106	-24.673836
2329.065135	-26.109837
2330.875975	-26.446337
2332.689633	-25.360378
2334.506116	-24.378510
2336.325430	-24.343118
2338.147581	-25.370299
2339.972578	-26.946209
2341.800425	-27.401407
2343.631130	-26.201596
2345.464700	-25.128959
2347.301141	-25.127904
2349.140461	-26.301757
2350.982665	-27.990534
2352.827760	-28.176684
2354.675754	-26.737917
2356.526653	-25.763741
2358.380464	-26.057182
2360.237195	-27.595239
2362.096851	-29.240399
2363.959440	-28.660794
2365.824968	-27.068170
2367.693444	-26.504579
2369.564873	-27.417583
2371.439263	-29.441382
2373.316620	-30.285828
2375.196953	-28.659738
2377.080267	-27.391074
2378.966570	-27.674321
2380.855869	-29.517072
2382.748171	-31.360331
2384.643484	-30.169950
2386.541815	-28.389801
2388.443170	-28.170517
2390.347557	-29.752976
2392.254984	-32.092896
2394.165457	-31.427715
2396.078984	-29.330136
2397.995572	-28.804020
2399.915229	-30.262979
2401.837961	-32.858709
2403.763777	-32.409405
2405.692684	-30.124918
2407.624689	-29.542647
2409.559800	-31.125876
2411.498023	-33.878840
2413.439368	-33.019766
2415.383840	-30.660461
2417.331449	-30.325987
2419.282201	-32.328761
2421.236104	-34.982568
2423.193165	-33.115941
2425.153393	-30.979228
2427.116795	-31.250159
2429.083378	-33.954917
2431.053151	-35.703359
2433.026121	-32.851855
2435.002297	-31.415132
2436.981685	-32.702787
2438.964293	-36.127258
2440.950131	-35.446681
2442.939204	-32.579248
2444.931522	-32.387701
2446.927092	-35.149264
2448.925923	-37.616384
2450.928022	-34.331967
2452.933397	-32.785415
2454.942056	-34.444284
2456.954008	-38.392427
2458.969260	-36.361122
2460.987821	-33.637746
2463.009699	-34.309447
2465.034902	-38.359380
2467.063437	-38.411125
2469.095315	-34.729533
2471.130542	-34.614032
2473.169127	-38.382259
2475.211078	-40.140138
2477.256404	-35.742322
2479.305112	-35.085064
2481.357212	-38.664408
2483.412713	-41.393260
2485.471621	-36.486256
2487.533946	-35.592576
2489.599696	-39.268405
2491.668880	-42.232868
2493.741507	-36.943620
2495.817585	-36.159933
2497.897122	-40.303207
2499.980127	-42.426139
2502.066609	-37.069733
2504.156578	-36.790495
2506.250040	-41.806506
2508.347006	-41.842417
2510.447483	-37.032041
2512.551482	-37.670845
2514.659010	-43.970779
2516.770076	-40.814216
2518.884690	-37.149893
2521.002861	-39.203746
2523.124597	-46.313377
2525.249907	-39.642611
2527.378801	-37.678068
2529.511287	-41.943288
2531.647375	-45.625685
2533.787074	-38.825099
2535.930393	-39.094884
2538.077340	-47.170360
2540.227927	-42.639965
2542.382160	-38.898235
2544.540051	-42.400426
2546.701608	-50.085027
2548.866840	-40.500651
2551.035757	-40.483085
2553.208369	-50.637490
2555.384684	-43.697413
2557.564713	-40.242469
2559.748465	-45.363961
2561.935948	-48.882748
2564.127174	-40.926440
2566.322152	-42.869225
2568.520890	-56.473316
2570.723399	-42.145453
2572.929689	-41.571031
2575.139769	-52.770451
2577.353649	-43.963879
2579.571340	-41.015371
2581.792849	-47.726838
2584.018189	-46.501368
2586.247368	-41.009941
2588.480396	-45.025756
2590.717284	-49.941961
2592.958041	-41.485562
2595.202678	-43.636853
2597.451204	-54.408803
2599.703630	-42.416572
2601.959966	-43.186506
2604.220222	-58.668589
2606.484408	-43.621665
2608.752535	-43.385344
2611.024612	-60.633316
2613.300651	-44.916940
2615.580661	-44.130139
2617.864653	-62.451491
2620.152638	-45.931606
2622.444625	-45.304945
2624.740626	-63.588716
2627.040651	-46.286231
2629.344710	-46.795665
2631.652814	-58.692760
2633.964974	-46.034818
2636.281200	-48.665887
2638.601504	-53.661408
2640.925896	-45.482001
2643.254386	-51.061472
2645.586987	-50.141792
2647.923707	-45.076745
2650.264559	-54.749816
2652.609554	-47.652837
2654.958702	-45.105732
2657.312015	-63.076894
2659.669503	-45.970794
2662.031178	-45.824348
2664.397051	-64.399563
2666.767132	-45.056540
2669.141434	-47.664028
2671.519968	-53.961144
2673.902745	-44.942392
2676.289776	-51.468397
2678.681072	-49.701055
2681.076646	-45.899908
2683.476508	-60.092951
2685.880671	-47.715218
2688.289145	-48.413342
2690.701942	-56.766959
2693.119075	-47.526023
2695.540554	-53.249222
2697.966391	-50.894821
2700.396599	-49.440574
2702.831189	-55.129694
2705.270172	-49.430266
2707.713561	-53.845518
2710.161368	-50.785537
2712.613605	-51.471668
2715.070283	-53.436488
2717.531416	-49.606384
2719.997014	-57.100286
2722.467090	-49.435644
2724.941657	-52.883160
2727.420726	-52.229185
2729.904310	-49.143769
2732.392421	-60.538142
2734.885072	-48.430546
2737.382275	-54.529116
2739.884042	-50.746485
2742.390387	-49.448993
2744.901321	-58.234139
2747.416857	-48.165627
2749.937008	-58.595467
2752.461787	-49.509923
2754.991206	-51.463424
2757.525279	-53.700013
2760.064017	-49.233790
2762.607434	-60.136383
2765.155544	-49.397961
2767.708358	-55.925873
2770.265890	-51.159476
2772.828153	-52.491396
2775.395160	-53.689263
2777.966924	-51.439848
2780.543459	-55.024313
2783.124778	-51.596738
2785.710894	-54.664482
2788.301821	-52.058150
2790.897572	-54.224665
2793.498160	-52.210440
2796.103599	-54.333142
2798.713903	-52.002837
2801.329085	-54.681016
2803.949159	-51.755785
2806.574139	-54.865100
2809.204038	-51.677860
2811.838871	-54.503187
2814.478650	-51.898960
2817.123391	-53.666166
2819.773107	-52.472439
2822.427812	-52.614323
2825.087521	-53.470011
2827.752247	-51.696992
2830.422005	-54.839746
2833.096808	-51.068648
2835.776672	-56.388550
2838.461611	-50.829599
2841.151638	-57.527595
2843.846769	-50.952704
2846.547019	-57.793162
2849.252401	-51.396417
2851.962930	-57.363777
2854.678621	-52.050790
2857.399489	-56.836699
2860.125549	-52.804800
2862.856815	-56.453284
2865.593302	-53.542911
2868.335026	-56.292985
2871.082002	-54.212246
2873.834244	-56.252608
2876.591767	-54.855658
2879.354588	-56.291140
2882.122721	-55.531312
2884.896181	-56.340415
2887.674984	-56.294197
2890.459146	-56.428737
2893.248681	-57.026588
2896.043606	-56.611243
2898.843937	-57.507389
2901.649687	-56.996969
2904.460875	-57.440561
2907.277515	-57.736360
2910.099623	-56.898031
2912.927215	-58.997163
2915.760308	-56.232354
2918.598916	-60.897005
2921.443057	-55.844661
2924.292747	-62.962962
2927.148002	-55.992694
2930.008837	-63.259041
2932.875270	-56.870210
2935.747318	-61.366327
2938.624995	-58.619686
2941.508320	-59.633454
2944.397308	-60.914203
2947.291977	-59.019976
2950.192343	-61.945782
2953.098423	-59.737228
2956.010234	-60.622785
2958.927792	-61.939315
2961.851116	-59.331056
2964.780221	-64.705788
2967.715126	-59.317176
2970.655847	-64.484401
2973.602402	-60.686047
2976.554808	-62.725834
2979.513083	-62.833039
2982.477243	-62.377549
2985.447308	-63.971538
2988.423293	-63.225371
2991.405218	-64.492113
2994.393099	-63.355494
2997.386955	-66.731435
