# 2022-03-21_21.56.29
# shape = sech2
# FWHM_ps = 0.1
# carrier_nm = 1542
# frep_MHz = 12126
# pow_mW = 8000
# GDD = 0.0
# propa_len = 0.10488888888888889
# untap_len = 0.01
# taper_len = 0.04488888888888889
# waist_len = 0.02
# uptap_len = 0.02
# untap_scale = 1.0
# waist_scale = 0.3210526315789474
# workingDir = NL_20110305_12 (Spirou)
# axis = slow
# window_ps = 10.0
# steps = 200
# points = 21700
# 
# wavelength [nm]	 power spectral density [dB]
600.043425	-97.275341
600.163550	-97.366132
600.283723	-97.512683
600.403943	-97.610283
600.524212	-97.555001
600.644529	-97.298862
600.764895	-96.883128
600.885308	-96.411019
601.005770	-95.992761
601.126280	-95.711986
601.246839	-95.619861
601.367446	-95.739858
601.488101	-96.069640
601.608804	-96.573302
601.729557	-97.161631
601.850357	-97.671408
601.971206	-97.890637
602.092104	-97.680712
602.213050	-97.097843
602.334045	-96.338482
602.455089	-95.593660
602.576181	-94.983687
602.697322	-94.568729
602.818511	-94.374917
602.939749	-94.412362
603.061036	-94.683940
603.182372	-95.187350
603.303757	-95.910853
603.425191	-96.819641
603.546673	-97.827111
603.668204	-98.753944
603.789785	-99.328089
603.911414	-99.333455
604.033092	-98.818374
604.154820	-98.041988
604.276596	-97.251238
604.398422	-96.589409
604.520297	-96.121033
604.642220	-95.871231
604.764193	-95.849162
604.886216	-96.058327
605.008287	-96.498763
605.130408	-97.162162
605.252578	-98.016156
605.374798	-98.969637
605.497066	-99.820368
605.619385	-100.253738
605.741752	-100.037758
605.864169	-99.271631
605.986636	-98.272405
606.109152	-97.304243
606.231718	-96.504666
606.354333	-95.929724
606.476998	-95.599402
606.599712	-95.521820
606.722476	-95.704302
606.845290	-96.158532
606.968154	-96.902987
607.091067	-97.962635
607.214030	-99.360115
607.337043	-101.074646
607.460106	-102.893917
607.583219	-104.106487
607.706381	-103.805687
607.829594	-102.305915
607.952856	-100.566037
608.076169	-99.037461
608.199531	-97.810898
608.322944	-96.871099
608.446407	-96.185166
608.569920	-95.724725
608.693483	-95.469932
608.817096	-95.408873
608.940759	-95.535573
609.064473	-95.846794
609.188237	-96.336256
609.312051	-96.983035
609.435916	-97.728666
609.559831	-98.440415
609.683796	-98.887850
609.807812	-98.823605
609.931878	-98.188093
610.055995	-97.173503
610.180162	-96.038786
610.304380	-94.960677
610.428648	-94.024915
610.552967	-93.263548
610.677337	-92.683669
610.801757	-92.282349
610.926228	-92.053346
611.050750	-91.989886
611.175323	-92.085584
611.299946	-92.334413
611.424620	-92.730033
611.549345	-93.264422
611.674121	-93.925506
611.798948	-94.693361
611.923826	-95.534829
612.048755	-96.397640
612.173734	-97.208432
612.298765	-97.883224
612.423847	-98.356117
612.548980	-98.612876
612.674165	-98.699355
612.799400	-98.695298
612.924687	-98.678626
613.050025	-98.704251
613.175414	-98.798927
613.300854	-98.963560
613.426346	-99.177447
613.551889	-99.404258
613.677484	-99.602392
613.803130	-99.740620
613.928827	-99.813785
614.054576	-99.848967
614.180377	-99.897967
614.306229	-100.022164
614.432132	-100.278849
614.558087	-100.711447
614.684094	-101.337622
614.810153	-102.122252
614.936263	-102.919153
615.062425	-103.407412
615.188639	-103.206285
615.314904	-102.263236
615.441222	-100.924747
615.567591	-99.552920
615.694012	-98.339096
615.820486	-97.352368
615.947011	-96.607683
616.073588	-96.101108
616.200217	-95.824242
616.326898	-95.769605
616.453632	-95.932571
616.580417	-96.312167
616.707255	-96.911627
616.834144	-97.739073
616.961086	-98.808611
617.088081	-100.142063
617.215127	-101.771376
617.342226	-103.740840
617.469378	-106.103787
617.596581	-108.886696
617.723837	-111.904273
617.851146	-114.220172
617.978507	-114.533015
618.105920	-113.594003
618.233386	-112.769903
618.360905	-112.568129
618.488476	-113.199467
618.616100	-115.026508
618.743777	-119.219289
618.871506	-134.750911
618.999288	-119.356964
619.127123	-111.988314
619.255011	-107.635597
619.382951	-104.540093
619.510945	-102.182107
619.638991	-100.337873
619.767090	-98.892350
619.895243	-97.780824
620.023448	-96.965998
620.151706	-96.427882
620.280017	-96.159323
620.408382	-96.164591
620.536799	-96.460353
620.665270	-97.079451
620.793794	-98.079388
620.922371	-99.560588
621.051002	-101.708336
621.179686	-104.898339
621.308423	-109.897897
621.437213	-114.284312
621.566057	-108.951626
621.694954	-104.637709
621.823905	-101.966723
621.952909	-100.266748
622.081967	-99.228200
622.211079	-98.705683
622.340244	-98.632450
622.469462	-98.987052
622.598735	-99.777924
622.728061	-101.025722
622.857441	-102.699401
622.986874	-104.460998
623.116361	-105.183952
623.245903	-103.975312
623.375498	-101.878301
623.505147	-99.921954
623.634850	-98.377864
623.764606	-97.252864
623.894417	-96.510094
624.024282	-96.120401
624.154201	-96.072308
624.284174	-96.375292
624.414202	-97.065756
624.544283	-98.221978
624.674419	-100.002069
624.804609	-102.754953
624.934853	-107.463530
625.065151	-119.421399
625.195504	-111.934843
625.325911	-104.675822
625.456373	-100.916492
625.586889	-98.512792
625.717460	-96.877659
625.848085	-95.770336
625.978764	-95.073617
626.109498	-94.727517
626.240287	-94.704607
626.371131	-95.000247
626.502029	-95.629700
626.632982	-96.629304
626.763989	-98.058758
626.895052	-99.990979
627.026169	-102.409391
627.157341	-104.657137
627.288568	-104.754983
627.419850	-102.665371
627.551187	-100.381796
627.682579	-98.591604
627.814026	-97.322070
627.945528	-96.507396
628.077085	-96.096682
628.208697	-96.066186
628.340364	-96.419933
628.472087	-97.194086
628.603865	-98.471623
628.735698	-100.420514
628.867586	-103.393067
628.999530	-108.134140
629.131529	-112.851007
629.263584	-107.592461
629.395694	-102.981349
629.527859	-100.055962
629.660080	-98.104955
629.792357	-96.794408
629.924689	-95.961225
630.057077	-95.521036
630.189520	-95.432207
630.322019	-95.681517
630.454574	-96.280116
630.587184	-97.266981
630.719851	-98.722323
630.852573	-100.801531
630.985351	-103.822391
631.118185	-108.476582
631.251075	-114.336945
631.384021	-110.257814
631.517023	-105.465886
631.650081	-102.531858
631.783195	-100.653067
631.916365	-99.446202
632.049592	-98.725185
632.182874	-98.390840
632.316213	-98.387704
632.449608	-98.685261
632.583059	-99.268903
632.716567	-100.134964
632.850131	-101.286685
632.983751	-102.726920
633.117428	-104.437269
633.251161	-106.315617
633.384951	-108.027547
633.518797	-108.906369
633.652700	-108.513171
633.786660	-107.274346
633.920676	-105.809747
634.054749	-104.413579
634.188879	-103.168993
634.323065	-102.091389
634.457308	-101.184166
634.591608	-100.453469
634.725965	-99.910251
634.860379	-99.569823
634.994850	-99.451825
635.129377	-99.581414
635.263962	-99.991967
635.398604	-100.728835
635.533303	-101.852030
635.668058	-103.425968
635.802872	-105.431258
635.937742	-107.335255
636.072669	-107.481581
636.207654	-105.463714
636.342696	-103.004445
636.477796	-100.922838
636.612953	-99.311732
636.748167	-98.118590
636.883439	-97.287338
637.018768	-96.779493
637.154155	-96.574331
637.289599	-96.667341
637.425101	-97.070674
637.560660	-97.817178
637.696277	-98.970836
637.831952	-100.651201
637.967685	-103.094551
638.103475	-106.828928
638.239324	-113.050106
638.375230	-114.631126
638.511194	-107.994675
638.647215	-103.996279
638.783295	-101.464642
638.919433	-99.767552
639.055629	-98.630314
639.191883	-97.917011
639.328195	-97.556086
639.464565	-97.511796
639.600994	-97.772882
639.737481	-98.349585
639.874025	-99.277123
640.010629	-100.627992
640.147290	-102.542837
640.284010	-105.313252
640.420789	-109.642640
640.557625	-117.041155
640.694521	-114.577437
640.831474	-108.293942
640.968487	-104.652827
641.105558	-102.272854
641.242687	-100.618210
641.379876	-99.451255
641.517123	-98.649926
641.654429	-98.146403
641.791793	-97.902677
641.929216	-97.899626
642.066699	-98.132198
642.204240	-98.608028
642.341840	-99.348719
642.479499	-100.394145
642.617217	-101.811320
642.754994	-103.710679
642.892830	-106.267210
643.030726	-109.651411
643.168680	-112.881765
643.306694	-111.791965
643.444767	-108.413834
643.582899	-105.701019
643.721091	-103.772303
643.859342	-102.432957
643.997652	-101.548744
644.136022	-101.042769
644.274451	-100.876009
644.412940	-101.037027
644.551488	-101.539596
644.690096	-102.427793
644.828763	-103.792934
644.967490	-105.819275
645.106277	-108.923702
645.245124	-114.349104
645.384030	-126.783499
645.522997	-115.159411
645.662023	-109.240065
645.801109	-105.907386
645.940255	-103.720945
646.079460	-102.217264
646.218726	-101.193316
646.358052	-100.546126
646.497438	-100.221050
646.636884	-100.191540
646.776391	-100.450801
646.915957	-101.009378
647.055584	-101.896698
647.195271	-103.166199
647.335019	-104.901917
647.474826	-107.206730
647.614695	-110.020512
647.754623	-112.089288
647.894612	-110.958022
648.034662	-108.231142
648.174772	-105.834034
648.314943	-104.018884
648.455174	-102.692032
648.595466	-101.756175
648.735819	-101.144451
648.876233	-100.814793
649.016707	-100.743106
649.157242	-100.919274
649.297838	-101.345765
649.438495	-102.038699
649.579213	-103.032101
649.719992	-104.387918
649.860832	-106.218978
650.001733	-108.747908
650.142695	-112.495582
650.283718	-119.201462
650.424803	-129.719415
650.565949	-116.964200
650.707156	-112.021550
650.848424	-109.186465
650.989754	-107.347874
651.131145	-106.121211
651.272597	-105.332315
651.414111	-104.892525
651.555687	-104.756585
651.697324	-104.906443
651.839022	-105.345641
651.980782	-106.100151
652.122604	-107.225722
652.264488	-108.825335
652.406433	-111.084754
652.548441	-114.307349
652.690510	-118.314703
652.832640	-118.147210
652.974833	-113.847504
653.117088	-110.336508
653.259405	-107.775628
653.401784	-105.856911
653.544224	-104.389072
653.686727	-103.261718
653.829293	-102.409377
653.971920	-101.792808
654.114609	-101.389544
654.257361	-101.189089
654.400175	-101.190876
654.543052	-101.404254
654.685991	-101.850225
654.828992	-102.565897
654.972056	-103.614022
655.115183	-105.102995
655.258372	-107.232924
655.401623	-110.410872
655.544937	-115.393734
655.688314	-118.157381
655.831754	-112.280237
655.975256	-107.832203
656.118822	-104.805819
656.262450	-102.598326
656.406141	-100.920555
656.549894	-99.623133
656.693711	-98.621485
656.837591	-97.864709
656.981534	-97.321311
657.125540	-96.972227
657.269610	-96.807257
657.413742	-96.823340
657.557938	-97.024185
657.702196	-97.420955
657.846519	-98.034225
657.990904	-98.898146
658.135353	-100.068787
658.279866	-101.641695
658.424441	-103.793711
658.569081	-106.903086
658.713784	-112.018685
658.858550	-122.964249
659.003381	-114.681500
659.148274	-108.392090
659.293232	-104.886696
659.438253	-102.565934
659.583339	-100.924151
659.728488	-99.742528
659.873701	-98.910040
660.018978	-98.365979
660.164318	-98.077407
660.309723	-98.029632
660.455192	-98.222455
660.600725	-98.669744
660.746323	-99.402315
660.891984	-100.475143
661.037710	-101.981841
661.183500	-104.080223
661.329354	-107.003069
661.475272	-110.592284
661.621255	-111.191874
661.767303	-107.483998
661.913415	-104.009394
662.059591	-101.403478
662.205833	-99.433631
662.352138	-97.917333
662.498509	-96.742953
662.644944	-95.841856
662.791443	-95.170966
662.938008	-94.703257
663.084638	-94.422575
663.231332	-94.320855
663.378091	-94.396929
663.524915	-94.656395
663.671804	-95.112248
663.818759	-95.786430
663.965778	-96.712472
664.112863	-97.939147
664.260012	-99.531684
664.407227	-101.548568
664.554507	-103.879174
664.701853	-105.591364
664.849264	-104.926340
664.996740	-102.574113
665.144282	-100.179153
665.291889	-98.193726
665.439561	-96.614138
665.587300	-95.372603
665.735103	-94.410940
665.882973	-93.687724
666.030908	-93.175291
666.178909	-92.856338
666.326976	-92.721700
666.475109	-92.769358
666.623307	-93.004465
666.771571	-93.440468
666.919902	-94.101765
667.068298	-95.029228
667.216761	-96.291235
667.365289	-98.008033
667.513884	-100.413113
667.662545	-104.043276
667.811272	-110.512967
667.960065	-115.217280
668.108925	-106.275643
668.257851	-101.529807
668.406843	-98.512175
668.555902	-96.365572
668.705027	-94.756199
668.854219	-93.522610
669.003478	-92.575886
669.152803	-91.863181
669.302195	-91.351949
669.451653	-91.022312
669.601179	-90.863119
669.750771	-90.869967
669.900430	-91.044322
670.050156	-91.393305
670.199949	-91.929914
670.349808	-92.673408
670.499735	-93.648547
670.649729	-94.879272
670.799790	-96.361886
670.949918	-97.970833
671.100114	-99.229852
671.250377	-99.290753
671.400707	-97.979262
671.551104	-96.095190
671.701569	-94.249050
671.852101	-92.633562
672.002700	-91.269909
672.153368	-90.135314
672.304102	-89.201507
672.454905	-88.444216
672.605775	-87.844709
672.756713	-87.389256
672.907718	-87.068254
673.058791	-86.875552
673.209933	-86.808081
673.361142	-86.865669
673.512419	-87.051041
673.663764	-87.370037
673.815177	-87.832242
673.966658	-88.451926
674.118207	-89.249227
674.269825	-90.251860
674.421510	-91.496800
674.573264	-93.028234
674.725086	-94.876832
674.876977	-96.959314
675.028936	-98.736804
675.180963	-98.986997
675.333059	-97.475514
675.485224	-95.416385
675.637457	-93.527683
675.789758	-91.956369
675.942129	-90.684486
676.094568	-89.668816
676.247075	-88.871289
676.399652	-88.263167
676.552298	-87.824006
676.705012	-87.539991
676.857795	-87.402505
677.010648	-87.407185
677.163569	-87.553439
677.316560	-87.844173
677.469619	-88.285569
677.622748	-88.886556
677.775946	-89.657242
677.929214	-90.604507
678.082551	-91.719568
678.235957	-92.945763
678.389432	-94.110788
678.542977	-94.858722
678.696592	-94.796513
678.850276	-93.915510
679.004030	-92.602220
679.157853	-91.216873
679.311746	-89.935823
679.465709	-88.817035
679.619742	-87.868755
679.773844	-87.082490
679.928017	-86.445853
680.082259	-85.947131
680.236571	-85.576648
680.390954	-85.327060
680.545406	-85.193327
680.699929	-85.172650
680.854522	-85.264453
681.009185	-85.470350
681.163918	-85.794200
681.318722	-86.242356
681.473596	-86.824065
681.628540	-87.552052
681.783555	-88.442895
681.938641	-89.516893
682.093797	-90.795928
682.249023	-92.293697
682.404321	-93.981227
682.559689	-95.687084
682.715128	-96.923783
682.870637	-97.030601
683.026218	-96.012638
683.181869	-94.531423
683.337591	-93.068796
683.493385	-91.792511
683.649249	-90.729722
683.805185	-89.865532
683.961191	-89.176976
684.117269	-88.642701
684.273418	-88.245055
684.429639	-87.970075
684.585930	-87.806927
684.742294	-87.747290
684.898728	-87.784878
685.055234	-87.915080
685.211812	-88.134762
685.368461	-88.442245
685.525182	-88.837272
685.681975	-89.321057
685.838839	-89.896596
685.995775	-90.569038
686.152783	-91.346078
686.309863	-92.238188
686.467014	-93.257610
686.624238	-94.414224
686.781534	-95.703076
686.938902	-97.069560
687.096342	-98.330111
687.253854	-99.084312
687.411438	-98.891529
687.569095	-97.783361
687.726824	-96.222956
687.884626	-94.595174
688.042499	-93.070783
688.200446	-91.700220
688.358465	-90.487972
688.516556	-89.424379
688.674720	-88.497098
688.832957	-87.694847
688.991266	-87.008269
689.149649	-86.429891
689.308104	-85.953881
689.466632	-85.575803
689.625233	-85.292392
689.783906	-85.101403
689.942653	-85.001472
690.101473	-84.991924
690.260367	-85.072599
690.419333	-85.243546
690.578372	-85.504357
690.737485	-85.853093
690.896672	-86.284188
691.055931	-86.784829
691.215264	-87.329336
691.374671	-87.871579
691.534151	-88.338669
691.693704	-88.634928
691.853332	-88.668313
692.013033	-88.395499
692.172807	-87.848935
692.332656	-87.116237
692.492578	-86.294605
692.652575	-85.460073
692.812645	-84.661171
692.972789	-83.924729
693.133007	-83.263393
693.293300	-82.681496
693.453666	-82.178880
693.614107	-81.753096
693.774622	-81.400728
693.935211	-81.118151
694.095875	-80.901859
694.256613	-80.748617
694.417426	-80.655496
694.578313	-80.619944
694.739274	-80.639756
694.900311	-80.713000
695.061421	-80.837899
695.222607	-81.012535
695.383868	-81.234521
695.545203	-81.500673
695.706613	-81.806514
695.868098	-82.145640
696.029658	-82.508911
696.191293	-82.883557
696.353003	-83.252610
696.514789	-83.594920
696.676649	-83.886414
696.838585	-84.103302
697.000596	-84.226754
697.162682	-84.247446
697.324844	-84.168256
697.487081	-84.003592
697.649394	-83.775623
697.811782	-83.509493
697.974246	-83.229192
698.136786	-82.955026
698.299401	-82.702717
698.462092	-82.483643
698.624859	-82.305460
698.787702	-82.172804
698.950621	-82.087995
699.113616	-82.051587
699.276686	-82.062651
699.439833	-82.119080
699.603056	-82.217881
699.766355	-82.355446
699.929731	-82.527807
700.093183	-82.730818
700.256711	-82.960381
700.420315	-83.212570
700.583996	-83.483581
700.747754	-83.769598
700.911588	-84.066339
701.075499	-84.368329
701.239486	-84.668039
701.403550	-84.955164
701.567691	-85.216128
701.731909	-85.434170
701.896203	-85.590839
702.060575	-85.669026
702.225024	-85.656661
702.389549	-85.549830
702.554152	-85.354166
702.718832	-85.083565
702.883589	-84.756832
703.048424	-84.394093
703.213335	-84.013954
703.378324	-83.631861
703.543391	-83.259701
703.708535	-82.906248
703.873757	-82.577827
704.039056	-82.278986
704.204433	-82.013254
704.369887	-81.783696
704.535420	-81.593041
704.701030	-81.443739
704.866718	-81.338131
705.032484	-81.278369
705.198328	-81.266263
705.364250	-81.303305
705.530250	-81.390579
705.696328	-81.528613
705.862485	-81.717465
706.028720	-81.956778
706.195033	-82.245614
706.361424	-82.582362
706.527894	-82.964670
706.694442	-83.389267
706.861069	-83.851602
707.027775	-84.345279
707.194559	-84.861578
707.361422	-85.389122
707.528363	-85.913551
707.695384	-86.417837
707.862483	-86.883600
708.029661	-87.292730
708.196918	-87.629215
708.364254	-87.881278
708.531670	-88.042804
708.699164	-88.113484
708.866738	-88.098150
709.034391	-88.005860
709.202123	-87.848912
709.369935	-87.642016
709.537826	-87.401547
709.705796	-87.144322
709.873847	-86.886030
710.041976	-86.639974
710.210186	-86.416348
710.378475	-86.221815
710.546844	-86.059266
710.715292	-85.928105
710.883821	-85.824566
711.052429	-85.742176
711.221118	-85.672504
711.389887	-85.605985
711.558735	-85.532949
711.727664	-85.444561
711.896673	-85.333658
712.065763	-85.195470
712.234932	-85.028075
712.404183	-84.832416
712.573513	-84.611969
712.742924	-84.372092
712.912416	-84.119317
713.081988	-83.860713
713.251641	-83.603257
713.421375	-83.353506
713.591190	-83.117507
713.761085	-82.900883
713.931061	-82.709184
714.101119	-82.547861
714.271257	-82.422072
714.441476	-82.336524
714.611777	-82.295080
714.782159	-82.300251
714.952622	-82.352556
715.123166	-82.449787
715.293792	-82.586330
715.464499	-82.752659
715.635288	-82.935082
715.806158	-83.116256
715.977110	-83.276704
716.148143	-83.397338
716.319259	-83.462540
716.490456	-83.462857
716.661735	-83.395925
716.833096	-83.265309
717.004538	-83.078296
717.176063	-82.843649
717.347670	-82.569760
717.519359	-82.263740
717.691130	-81.931690
717.862984	-81.579221
718.034920	-81.211909
718.206938	-80.835549
718.379039	-80.456031
718.551222	-80.079137
718.723488	-79.710332
718.895836	-79.354588
719.068267	-79.016443
719.240781	-78.700136
719.413377	-78.409533
719.586057	-78.147989
719.758819	-77.918338
719.931664	-77.722710
720.104593	-77.562251
720.277604	-77.436893
720.450699	-77.345157
720.623876	-77.284233
720.797137	-77.250289
720.970482	-77.238894
721.143910	-77.245668
721.317421	-77.267032
721.491016	-77.300807
721.664694	-77.346711
721.838456	-77.406534
722.012302	-77.483722
722.186231	-77.582768
722.360244	-77.708406
722.534342	-77.864649
722.708523	-78.054113
722.882788	-78.277499
723.057137	-78.533230
723.231570	-78.817512
723.406088	-79.124671
723.580689	-79.447822
723.755375	-79.779911
723.930146	-80.114602
724.105000	-80.447185
724.279940	-80.775621
724.454963	-81.100806
724.630072	-81.425922
724.805265	-81.755375
724.980543	-82.093430
725.155905	-82.443034
725.331353	-82.804724
725.506885	-83.175683
725.682503	-83.549131
725.858205	-83.914470
726.033993	-84.258218
726.209865	-84.565699
726.385823	-84.823619
726.561866	-85.023107
726.737995	-85.161654
726.914209	-85.243238
727.090508	-85.276900
727.266893	-85.273600
727.443364	-85.242890
727.619920	-85.190406
727.796562	-85.116385
727.973290	-85.015979
728.150103	-84.880982
728.327003	-84.702645
728.503988	-84.475435
728.681060	-84.200001
728.858218	-83.884525
729.035461	-83.543992
729.212791	-83.197270
729.390208	-82.863736
729.567710	-82.560694
729.745299	-82.301846
729.922975	-82.096406
730.100737	-81.949071
730.278586	-81.860479
730.456521	-81.827651
730.634543	-81.844564
730.812652	-81.903103
730.990848	-81.994185
731.169130	-82.108855
731.347500	-82.239633
731.525957	-82.381857
731.704500	-82.534293
731.883131	-82.698891
732.061850	-82.880142
732.240655	-83.084004
732.419548	-83.316575
732.598528	-83.582859
732.777596	-83.885677
732.956751	-84.225063
733.135994	-84.597819
733.315325	-84.997121
733.494744	-85.412387
733.674250	-85.829748
733.853844	-86.232893
734.033526	-86.604013
734.213296	-86.925226
734.393154	-87.180947
734.573101	-87.360394
734.753135	-87.459426
734.933258	-87.481527
735.113469	-87.437345
735.293769	-87.343260
735.474157	-87.219479
735.654633	-87.087877
735.835198	-86.969907
736.015852	-86.885132
736.196594	-86.850202
736.377426	-86.878389
736.558346	-86.979579
736.739355	-87.160326
736.920453	-87.423471
737.101640	-87.767835
737.282916	-88.188287
737.464282	-88.674850
737.645736	-89.210792
737.827280	-89.769773
738.008914	-90.311665
738.190637	-90.778221
738.372449	-91.093406
738.554351	-91.176531
738.736342	-90.972367
738.918424	-90.482526
739.100595	-89.767317
739.282855	-88.915090
739.465206	-88.007903
739.647647	-87.104824
739.830178	-86.240393
740.012799	-85.429976
740.195510	-84.676395
740.378311	-83.975009
740.561203	-83.317905
740.744185	-82.696839
740.927258	-82.105072
741.110421	-81.538881
741.293674	-80.998094
741.477018	-80.485645
741.660453	-80.006274
741.843979	-79.565069
742.027596	-79.166559
742.211303	-78.814167
742.395102	-78.509847
742.578991	-78.253981
742.762972	-78.045643
742.947044	-77.882964
743.131207	-77.763537
743.315461	-77.684825
743.499807	-77.644416
743.684244	-77.640278
743.868773	-77.670885
744.053394	-77.735115
744.238106	-77.832088
744.422910	-77.961145
744.607805	-78.122117
744.792793	-78.315404
744.977872	-78.542041
745.163044	-78.804092
745.348307	-79.104825
745.533663	-79.448835
745.719111	-79.841888
745.904651	-80.290547
746.090283	-80.801693
746.276008	-81.381989
746.461826	-82.037179
746.647735	-82.771148
746.833738	-83.584951
747.019833	-84.475621
747.206021	-85.434531
747.392302	-86.444918
747.578676	-87.478396
747.765143	-88.491165
747.951703	-89.420752
748.138356	-90.188249
748.325102	-90.712891
748.511941	-90.940933
748.698874	-90.873450
748.885900	-90.567657
749.073019	-90.109464
749.260232	-89.581914
749.447539	-89.048667
749.634939	-88.551344
749.822433	-88.113808
750.010021	-87.747573
750.197703	-87.455343
750.385479	-87.233509
750.573348	-87.074177
750.761312	-86.966171
750.949370	-86.895135
751.137523	-86.843831
751.325769	-86.792434
751.514110	-86.718936
751.702545	-86.600534
751.891075	-86.416233
752.079700	-86.150636
752.268419	-85.796745
752.457233	-85.356819
752.646142	-84.841704
752.835145	-84.267878
753.024244	-83.653730
753.213437	-83.017071
753.402726	-82.373851
753.592110	-81.737510
753.781589	-81.118842
753.971163	-80.526249
754.160833	-79.966090
754.350598	-79.442842
754.540459	-78.959173
754.730415	-78.515901
754.920467	-78.112121
755.110615	-77.745490
755.300858	-77.412692
755.491198	-77.110053
755.681633	-76.834075
755.872164	-76.582094
756.062792	-76.352760
756.253515	-76.146282
756.444335	-75.964442
756.635252	-75.810351
756.826264	-75.688009
757.017373	-75.601616
757.208579	-75.555074
757.399881	-75.551692
757.591280	-75.593880
757.782776	-75.683074
757.974368	-75.819859
758.166058	-76.004050
758.357844	-76.234774
758.549728	-76.510857
758.741708	-76.831170
758.933786	-77.194707
759.125961	-77.600768
759.318233	-78.049221
759.510603	-78.540916
759.703071	-79.077935
759.895635	-79.663620
760.088298	-80.303149
760.281058	-81.004072
760.473916	-81.776065
760.666872	-82.630186
760.859926	-83.577662
761.053078	-84.626559
761.246328	-85.773752
761.439676	-86.987912
761.633122	-88.178795
761.826667	-89.161991
762.020310	-89.681383
762.214052	-89.573071
762.407892	-88.926816
762.601831	-87.989226
762.795868	-86.969852
762.990004	-85.980124
763.184239	-85.061555
763.378573	-84.221017
763.573006	-83.451894
763.767538	-82.744901
763.962169	-82.092952
764.156900	-81.492258
764.351729	-80.941853
764.546658	-80.442700
764.741687	-79.996637
764.936815	-79.605157
765.132042	-79.268790
765.327370	-78.986793
765.522797	-78.757079
765.718324	-78.576402
765.913950	-78.440466
766.109677	-78.344323
766.305504	-78.282713
766.501431	-78.250055
766.697458	-78.240494
766.893586	-78.248065
767.089814	-78.266760
767.286142	-78.290541
767.482571	-78.313411
767.679100	-78.329798
767.875730	-78.335118
768.072461	-78.326524
768.269293	-78.303417
768.466225	-78.267690
768.663259	-78.223892
768.860393	-78.178941
769.057629	-78.141196
769.254966	-78.119522
769.452404	-78.122417
769.649944	-78.157189
769.847585	-78.229238
770.045328	-78.341242
770.243172	-78.492779
770.441118	-78.680222
770.639166	-78.896659
770.837315	-79.132139
771.035567	-79.374402
771.233920	-79.610442
771.432376	-79.828687
771.630934	-80.020939
771.829594	-80.184024
772.028356	-80.320540
772.227220	-80.437878
772.426188	-80.546241
772.625257	-80.656380
772.824430	-80.777708
773.023705	-80.917306
773.223083	-81.078948
773.422563	-81.262454
773.622147	-81.464235
773.821834	-81.678222
774.021624	-81.896715
774.221517	-82.110576
774.421513	-82.309901
774.621613	-82.485521
774.821816	-82.629752
775.022122	-82.737115
775.222532	-82.804994
775.423046	-82.833643
775.623664	-82.825791
775.824385	-82.786172
776.025211	-82.721080
776.226140	-82.637963
776.427173	-82.544690
776.628311	-82.448871
776.829553	-82.357911
777.030899	-82.278906
777.232350	-82.218379
777.433905	-82.181731
777.635564	-82.172271
777.837328	-82.190967
778.039197	-82.236183
778.241171	-82.302759
778.443250	-82.381818
778.645433	-82.461312
778.847722	-82.526610
779.050116	-82.561755
779.252615	-82.551995
779.455219	-82.486342
779.657929	-82.359254
779.860744	-82.171094
780.063665	-81.927957
780.266691	-81.640586
780.469823	-81.321842
780.673061	-80.984851
780.876405	-80.642175
781.079855	-80.304973
781.283410	-79.981884
781.487072	-79.678662
781.690840	-79.398596
781.894715	-79.142385
782.098695	-78.907921
782.302783	-78.690705
782.506976	-78.484616
782.711277	-78.282657
782.915684	-78.077844
783.120198	-77.864151
783.324818	-77.637299
783.529546	-77.395237
783.734381	-77.138266
783.939322	-76.869214
784.144372	-76.593327
784.349528	-76.317856
784.554792	-76.051354
784.760163	-75.802885
784.965642	-75.581639
785.171228	-75.396371
785.376922	-75.254633
785.582724	-75.162249
785.788634	-75.122894
785.994651	-75.137799
786.200777	-75.205456
786.407011	-75.321454
786.613353	-75.478927
786.819804	-75.669203
787.026363	-75.882918
787.233030	-76.112083
787.439806	-76.352345
787.646691	-76.604511
787.853684	-76.875058
788.060786	-77.175713
788.267997	-77.522136
788.475317	-77.931752
788.682746	-78.421700
788.890285	-79.007453
789.097932	-79.701766
789.305689	-80.513798
789.513555	-81.448863
789.721531	-82.508493
789.929617	-83.689921
790.137812	-84.986484
790.346117	-86.389982
790.554531	-87.891682
790.763056	-89.472336
790.971691	-91.058059
791.180436	-92.398540
791.389291	-92.943164
791.598256	-92.234957
791.807332	-90.600998
792.016518	-88.695499
792.225815	-86.886635
792.435222	-85.293740
792.644740	-83.936505
792.854369	-82.804174
793.064109	-81.877744
793.273960	-81.137655
793.483922	-80.566163
793.693995	-80.146358
793.904180	-79.861129
794.114475	-79.692847
794.324882	-79.623209
794.535401	-79.633360
794.746031	-79.704513
794.956774	-79.819774
795.167627	-79.967881
795.378593	-80.146172
795.589671	-80.361939
795.800861	-80.632227
796.012162	-80.981641
796.223577	-81.439677
796.435103	-82.038150
796.646742	-82.809556
796.858493	-83.785897
797.070357	-84.996155
797.282334	-86.462056
797.494423	-88.184525
797.706626	-90.103489
797.918941	-92.010993
798.131369	-93.473076
798.343911	-94.038645
798.556566	-93.703869
798.769334	-92.788984
798.982215	-91.492429
799.195210	-89.883484
799.408319	-88.061316
799.621541	-86.173544
799.834877	-84.352578
800.048327	-82.680113
800.261890	-81.193232
800.475568	-79.903259
800.689360	-78.808851
800.903266	-77.903268
801.117287	-77.177966
801.331422	-76.623940
801.545671	-76.231941
801.760036	-75.991777
801.974514	-75.890695
802.189108	-75.910793
802.403816	-76.026152
802.618640	-76.199626
802.833578	-76.381914
803.048632	-76.516891
803.263800	-76.555602
803.479085	-76.475376
803.694484	-76.291454
803.909999	-76.051927
804.125630	-75.820616
804.341376	-75.660266
804.557239	-75.624402
804.773217	-75.757588
804.989311	-76.099728
805.205521	-76.692538
805.421847	-77.587930
805.638290	-78.860939
805.854849	-80.635705
806.071524	-83.148032
806.288316	-86.940576
806.505225	-93.782856
806.722250	-101.424572
806.939393	-90.850705
807.156652	-86.303138
807.374028	-83.759688
807.591521	-82.236529
807.809132	-81.382837
808.026859	-81.040984
808.244705	-81.129170
808.462667	-81.588705
808.680748	-82.331502
808.898946	-83.148543
809.117261	-83.603823
809.335695	-83.204551
809.554246	-81.962700
809.772916	-80.361322
809.991704	-78.793849
810.210610	-77.422766
810.429634	-76.285447
810.648777	-75.374103
810.868039	-74.668226
811.087419	-74.145270
811.306918	-73.784058
811.526535	-73.565923
811.746272	-73.475063
811.966127	-73.498917
812.186102	-73.628942
812.406196	-73.861301
812.626409	-74.197142
812.846742	-74.642836
813.067194	-75.209362
813.287766	-75.909310
813.508457	-76.750444
813.729269	-77.722214
813.950200	-78.767520
814.171251	-79.737213
814.392422	-80.368292
814.613714	-80.407578
814.835126	-79.859214
815.056658	-78.989089
815.278311	-78.079669
815.500084	-77.301719
815.721978	-76.734150
815.943993	-76.409430
816.166128	-76.342095
816.388385	-76.543196
816.610762	-77.027208
816.833261	-77.816603
817.055881	-78.945501
817.278623	-80.461625
817.501486	-82.415169
817.724471	-84.774374
817.947577	-87.043585
818.170805	-87.704227
818.394155	-86.215673
818.617627	-84.120754
818.841221	-82.267206
819.064937	-80.766571
819.288775	-79.560381
819.512736	-78.579475
819.736819	-77.772465
819.961025	-77.107488
820.185354	-76.569345
820.409805	-76.154417
820.634379	-75.865612
820.859076	-75.709747
821.083897	-75.695507
821.308840	-75.830249
821.533907	-76.116540
821.759097	-76.546302
821.984411	-77.088405
822.209848	-77.667318
822.435409	-78.138483
822.661093	-78.295222
822.886902	-77.968666
823.112834	-77.170447
823.338891	-76.081621
823.565072	-74.906056
823.791377	-73.781327
824.017807	-72.779120
824.244361	-71.931126
824.471039	-71.249733
824.697843	-70.740099
824.924771	-70.405918
825.151824	-70.252437
825.379002	-70.288749
825.606306	-70.529858
825.833734	-70.999342
826.061288	-71.733959
826.288967	-72.792519
826.516772	-74.274116
826.744703	-76.361502
826.972759	-79.446934
827.200941	-84.639137
827.429249	-96.469996
827.657683	-86.958152
827.886243	-80.739587
828.114930	-77.333283
828.343743	-75.139147
828.572682	-73.661661
828.801748	-72.691169
829.030941	-72.126766
829.260260	-71.921214
829.489706	-72.061161
829.719280	-72.560849
829.948980	-73.464903
830.178808	-74.858391
830.408763	-76.875449
830.638845	-79.616219
830.869055	-82.243855
831.099393	-81.376396
831.329858	-78.025208
831.560451	-75.037783
831.791173	-72.751986
832.022022	-71.021910
832.252999	-69.717543
832.484105	-68.753998
832.715339	-68.078125
832.946702	-67.657536
833.178193	-67.474215
833.409813	-67.521405
833.641561	-67.802873
833.873439	-68.334069
834.105445	-69.145862
834.337581	-70.293275
834.569846	-71.874160
834.802241	-74.073778
835.034764	-77.291563
835.267418	-82.583253
835.500201	-90.221203
835.733114	-82.752404
835.966157	-77.438235
836.199329	-74.227240
836.432632	-72.040912
836.666065	-70.471240
836.899629	-69.328300
837.133323	-68.510799
837.367147	-67.960090
837.601102	-67.641056
837.835188	-67.532799
838.069405	-67.623489
838.303752	-67.907310
838.538231	-68.381529
838.772841	-69.041596
839.007582	-69.870989
839.242455	-70.819738
839.477459	-71.764873
839.712595	-72.469871
839.947863	-72.640910
840.183263	-72.159833
840.418794	-71.215784
840.654458	-70.106665
840.890254	-69.041644
841.126182	-68.122516
841.362242	-67.388891
841.598435	-66.853151
841.834761	-66.517963
842.071220	-66.383413
842.307811	-66.449127
842.544536	-66.712751
842.781393	-67.164278
843.018384	-67.772550
843.255508	-68.457439
843.492765	-69.049490
843.730156	-69.284465
843.967681	-68.938315
844.205339	-68.037609
844.443132	-66.829151
844.681058	-65.560869
844.919118	-64.378863
845.157313	-63.346908
845.395642	-62.485638
845.634105	-61.796956
845.872703	-61.275623
846.111436	-60.914045
846.350303	-60.703738
846.589306	-60.635108
846.828443	-60.696220
847.067716	-60.870458
847.307124	-61.133073
847.546667	-61.447236
847.786345	-61.760989
848.026160	-62.009017
848.266110	-62.124910
848.506195	-62.063843
848.746417	-61.822772
848.986775	-61.441271
849.227269	-60.982069
849.467899	-60.507682
849.708666	-60.066803
849.949569	-59.691100
850.190609	-59.397156
850.431785	-59.189462
850.673099	-59.062593
850.914549	-59.002142
851.156137	-58.985006
851.397861	-58.980188
851.639723	-58.951663
851.881723	-58.864448
852.123860	-58.693241
852.366135	-58.430130
852.608547	-58.086997
852.851098	-57.691052
853.093786	-57.276402
853.336613	-56.876200
853.579578	-56.517939
853.822681	-56.221986
854.065923	-56.001992
854.309304	-55.865873
854.552823	-55.816727
854.796481	-55.853303
855.040278	-55.969803
855.284215	-56.155133
855.528290	-56.391767
855.772505	-56.654531
856.016859	-56.910365
856.261353	-57.120649
856.505987	-57.247416
856.750760	-57.262890
856.995673	-57.158456
857.240727	-56.947455
857.485920	-56.659758
857.731254	-56.331793
857.976729	-55.997596
858.222343	-55.683770
858.468099	-55.407956
858.713995	-55.179397
858.960032	-55.000245
859.206211	-54.866846
859.452530	-54.770865
859.698991	-54.700422
859.945593	-54.641388
860.192336	-54.579085
860.439222	-54.500363
860.686248	-54.395732
860.933417	-54.261056
861.180728	-54.098256
861.428181	-53.914689
861.675776	-53.721473
861.923514	-53.531410
862.171394	-53.357003
862.419417	-53.208877
862.667582	-53.094758
862.915890	-53.018916
863.164342	-52.981851
863.412936	-52.980131
863.661674	-53.006399
863.910555	-53.049611
864.159579	-53.095796
864.408747	-53.129468
864.658059	-53.135742
864.907515	-53.102951
865.157114	-53.025019
865.406858	-52.902681
865.656746	-52.743089
865.906778	-52.557982
866.156955	-52.361170
866.407277	-52.166059
866.657743	-51.983782
866.908354	-51.822147
867.159110	-51.685169
867.410011	-51.573063
867.661057	-51.482493
867.912249	-51.407044
868.163586	-51.338022
868.415069	-51.265607
868.666697	-51.180250
868.918472	-51.074254
869.170392	-50.943245
869.422458	-50.787035
869.674671	-50.609637
869.927030	-50.418486
870.179536	-50.223125
870.432188	-50.033683
870.684987	-49.859555
870.937933	-49.708476
871.191026	-49.585962
871.444266	-49.495053
871.697653	-49.436248
871.951188	-49.407582
872.204870	-49.404816
872.458700	-49.421748
872.712677	-49.450665
872.966803	-49.482994
873.221076	-49.510158
873.475498	-49.524548
873.730068	-49.520489
873.984787	-49.494958
874.239654	-49.447793
874.494669	-49.381459
874.749834	-49.300373
875.005147	-49.209915
875.260610	-49.115445
875.516222	-49.021493
875.771983	-48.931215
876.027894	-48.846136
876.283954	-48.766212
876.540164	-48.690133
876.796524	-48.615797
877.053033	-48.540889
877.309693	-48.463459
877.566503	-48.382451
877.823464	-48.298055
878.080575	-48.211831
878.337837	-48.126603
878.595249	-48.046142
878.852813	-47.974747
879.110528	-47.916799
879.368393	-47.876321
879.626410	-47.856594
879.884579	-47.859876
880.142899	-47.887176
880.401371	-47.938092
880.659994	-48.010799
880.918770	-48.102072
881.177698	-48.207461
881.436778	-48.321604
881.696010	-48.438694
881.955395	-48.553082
882.214933	-48.659922
882.474623	-48.755806
882.734467	-48.839184
882.994463	-48.910451
883.254613	-48.971719
883.514916	-49.026315
883.775372	-49.078104
884.035982	-49.130820
884.296746	-49.187468
884.557664	-49.249906
884.818735	-49.318647
885.079961	-49.392858
885.341341	-49.470573
885.602876	-49.549086
885.864565	-49.625441
886.126409	-49.696962
886.388407	-49.761768
886.650561	-49.819135
886.912870	-49.869580
887.175334	-49.914704
887.437953	-49.956844
887.700728	-49.998518
887.963658	-50.041773
888.226745	-50.087611
888.489987	-50.135597
888.753385	-50.183589
889.016940	-50.227702
889.280651	-50.262556
889.544518	-50.281797
889.808543	-50.278865
890.072723	-50.247933
890.337061	-50.184777
890.601556	-50.087415
890.866208	-49.956412
891.131017	-49.794724
891.395984	-49.607095
891.661109	-49.399243
891.926391	-49.176991
892.191831	-48.945490
892.457429	-48.708664
892.723186	-48.468919
892.989100	-48.227054
893.255173	-47.982422
893.521405	-47.733265
893.787796	-47.477196
894.054345	-47.211779
894.321053	-46.935063
894.587921	-46.645998
894.854948	-46.344691
895.122134	-46.032407
895.389480	-45.711373
895.656986	-45.384408
895.924651	-45.054511
896.192477	-44.724526
896.460463	-44.396888
896.728609	-44.073478
896.996915	-43.755601
897.265382	-43.444069
897.534010	-43.139315
897.802799	-42.841508
898.071749	-42.550706
898.340860	-42.266959
898.610132	-41.990378
898.879566	-41.721198
899.149162	-41.459799
899.418919	-41.206734
899.688838	-40.962717
899.958919	-40.728580
900.229162	-40.505220
900.499568	-40.293532
900.770136	-40.094314
901.040867	-39.908163
901.311761	-39.735383
901.582817	-39.575913
901.854037	-39.429283
902.125420	-39.294623
902.396966	-39.170709
902.668676	-39.056029
902.940550	-38.948890
903.212587	-38.847523
903.484788	-38.750193
903.757153	-38.655294
904.029683	-38.561409
904.302377	-38.467356
904.575236	-38.372198
904.848259	-38.275237
905.121447	-38.175992
905.394800	-38.074175
905.668319	-37.969681
905.942002	-37.862551
906.215852	-37.752949
906.489866	-37.641130
906.764047	-37.527410
907.038393	-37.412147
907.312906	-37.295730
907.587584	-37.178579
907.862429	-37.061163
908.137441	-36.944026
908.412619	-36.827811
908.687964	-36.713283
908.963476	-36.601333
909.239155	-36.492960
909.515002	-36.389234
909.791015	-36.291236
910.067197	-36.199997
910.343546	-36.116444
910.620063	-36.041350
910.896748	-35.975312
911.173601	-35.918743
911.450623	-35.871887
911.727813	-35.834847
912.005171	-35.807609
912.282699	-35.790075
912.560395	-35.782074
912.838261	-35.783375
913.116296	-35.793692
913.394500	-35.812675
913.672874	-35.839910
913.951418	-35.874932
914.230131	-35.917226
914.509015	-35.966243
914.788068	-36.021426
915.067292	-36.082234
915.346687	-36.148148
915.626252	-36.218660
915.905988	-36.293275
916.185895	-36.371493
916.465973	-36.452782
916.746223	-36.536544
917.026644	-36.622109
917.307236	-36.708739
917.588000	-36.795647
917.868937	-36.882028
918.150045	-36.967093
918.431325	-37.050123
918.712778	-37.130511
918.994404	-37.207779
919.276202	-37.281587
919.558173	-37.351715
919.840317	-37.418044
920.122634	-37.480512
920.405125	-37.539071
920.687789	-37.593643
920.970627	-37.644105
921.253639	-37.690266
921.536824	-37.731862
921.820184	-37.768572
922.103718	-37.800037
922.387427	-37.825892
922.671310	-37.845779
922.955368	-37.859357
923.239601	-37.866326
923.524009	-37.866425
923.808592	-37.859406
924.093351	-37.845027
924.378285	-37.823046
924.663396	-37.793211
924.948682	-37.755254
925.234144	-37.708903
925.519782	-37.653896
925.805597	-37.590001
926.091589	-37.517026
926.377757	-37.434836
926.664102	-37.343361
926.950624	-37.242582
927.237323	-37.132517
927.524200	-37.013221
927.811255	-36.884779
928.098487	-36.747299
928.385897	-36.600925
928.673485	-36.445872
928.961251	-36.282460
929.249196	-36.111152
929.537319	-35.932584
929.825621	-35.747587
930.114102	-35.557176
930.402762	-35.362527
930.691601	-35.164928
930.980620	-34.965704
931.269818	-34.766145
931.559196	-34.567453
931.848753	-34.370679
932.138491	-34.176683
932.428409	-33.986140
932.718508	-33.799541
933.008787	-33.617223
933.299246	-33.439401
933.589887	-33.266206
933.880709	-33.097720
934.171712	-32.933979
934.462896	-32.774982
934.754262	-32.620687
935.045810	-32.470988
935.337539	-32.325703
935.629451	-32.184568
935.921545	-32.047246
936.213822	-31.913334
936.506281	-31.782396
936.798922	-31.653992
937.091747	-31.527710
937.384755	-31.403184
937.677946	-31.280090
937.971321	-31.158147
938.264879	-31.037096
938.558621	-30.916669
938.852547	-30.796564
939.146657	-30.676437
939.440952	-30.555903
939.735431	-30.434551
940.030095	-30.311986
940.324943	-30.187874
940.619977	-30.061985
940.915196	-29.934226
941.210600	-29.804662
941.506189	-29.673507
941.801965	-29.541094
942.097926	-29.407838
942.394074	-29.274198
942.690407	-29.140622
942.986927	-29.007520
943.283634	-28.875252
943.580527	-28.744129
943.877608	-28.614418
944.174875	-28.486366
944.472330	-28.360226
944.769972	-28.236269
945.067802	-28.114797
945.365820	-27.996130
945.664026	-27.880606
945.962420	-27.768557
946.261002	-27.660293
946.559773	-27.556083
946.858733	-27.456147
947.157881	-27.360655
947.457219	-27.269730
947.756746	-27.183460
948.056462	-27.101905
948.356368	-27.025108
948.656464	-26.953104
948.956749	-26.885924
949.257225	-26.823586
949.557891	-26.766090
949.858748	-26.713417
950.159796	-26.665514
950.461034	-26.622295
950.762463	-26.583643
951.064084	-26.549412
951.365896	-26.519443
951.667900	-26.493567
951.970095	-26.471625
952.272483	-26.453465
952.575063	-26.438940
952.877835	-26.427909
953.180799	-26.420225
953.483956	-26.415725
953.787307	-26.414210
954.090850	-26.415436
954.394586	-26.419115
954.698516	-26.424906
955.002640	-26.432423
955.306957	-26.441250
955.611469	-26.450953
955.916174	-26.461097
956.221074	-26.471259
956.526169	-26.481042
956.831458	-26.490079
957.136942	-26.498032
957.442622	-26.504592
957.748496	-26.509467
958.054567	-26.512377
958.360833	-26.513040
958.667294	-26.511172
958.973952	-26.506487
959.280806	-26.498699
959.587857	-26.487532
959.895104	-26.472732
960.202548	-26.454081
960.510189	-26.431414
960.818027	-26.404634
961.126062	-26.373718
961.434295	-26.338729
961.742726	-26.299820
962.051355	-26.257223
962.360182	-26.211245
962.669207	-26.162257
962.978431	-26.110678
963.287854	-26.056965
963.597475	-26.001597
963.907296	-25.945058
964.217315	-25.887833
964.527535	-25.830387
964.837954	-25.773161
965.148573	-25.716563
965.459392	-25.660968
965.770411	-25.606710
966.081630	-25.554082
966.393051	-25.503334
966.704672	-25.454679
967.016494	-25.408295
967.328517	-25.364335
967.640742	-25.322931
967.953169	-25.284205
968.265797	-25.248270
968.578627	-25.215237
968.891660	-25.185211
969.204895	-25.158291
969.518332	-25.134566
969.831972	-25.114102
970.145816	-25.096934
970.459862	-25.083063
970.774112	-25.072444
971.088565	-25.064986
971.403223	-25.060557
971.718084	-25.058983
972.033149	-25.060067
972.348419	-25.063603
972.663893	-25.069380
972.979572	-25.077203
973.295456	-25.086899
973.611546	-25.098321
973.927840	-25.111356
974.244340	-25.125920
974.561046	-25.141953
974.877958	-25.159413
975.195076	-25.178267
975.512401	-25.198478
975.829932	-25.219997
976.147670	-25.242763
976.465615	-25.266694
976.783767	-25.291686
977.102126	-25.317615
977.420693	-25.344339
977.739468	-25.371706
978.058451	-25.399547
978.377642	-25.427691
978.697041	-25.455962
979.016649	-25.484182
979.336466	-25.512170
979.656492	-25.539748
979.976727	-25.566731
980.297171	-25.592924
980.617825	-25.618118
980.938689	-25.642084
981.259763	-25.664570
981.581048	-25.685296
981.902542	-25.703947
982.224248	-25.720171
982.546164	-25.733584
982.868291	-25.743775
983.190630	-25.750308
983.513180	-25.752734
983.835942	-25.750599
984.158916	-25.743456
984.482101	-25.730886
984.805500	-25.712506
985.129110	-25.687977
985.452934	-25.657020
985.776970	-25.619420
986.101220	-25.575021
986.425683	-25.523735
986.750359	-25.465524
987.075250	-25.400403
987.400354	-25.328431
987.725673	-25.249709
988.051206	-25.164370
988.376954	-25.072577
988.702916	-24.974526
989.029094	-24.870444
989.355487	-24.760601
989.682095	-24.645313
990.008919	-24.524933
990.335959	-24.399858
990.663216	-24.270528
990.990688	-24.137415
991.318377	-24.001025
991.646283	-23.861885
991.974406	-23.720537
992.302746	-23.577524
992.631304	-23.433385
992.960079	-23.288641
993.289072	-23.143793
993.618283	-22.999313
993.947713	-22.855644
994.277361	-22.713198
994.607227	-22.572361
994.937313	-22.433486
995.267618	-22.296901
995.598142	-22.162913
995.928886	-22.031811
996.259849	-21.903870
996.591033	-21.779352
996.922437	-21.658512
997.254061	-21.541594
997.585906	-21.428837
997.917972	-21.320466
998.250260	-21.216691
998.582768	-21.117710
998.915498	-21.023702
999.248450	-20.934833
999.581624	-20.851244
999.915020	-20.773056
1000.248639	-20.700368
1000.582480	-20.633262
1000.916545	-20.571799
1001.250832	-20.516025
1001.585343	-20.465969
1001.920077	-20.421650
1002.255035	-20.383074
1002.590218	-20.350241
1002.925624	-20.323146
1003.261255	-20.301779
1003.597111	-20.286131
1003.933192	-20.276192
1004.269497	-20.271946
1004.606029	-20.273371
1004.942785	-20.280437
1005.279768	-20.293105
1005.616977	-20.311321
1005.954412	-20.335009
1006.292074	-20.364078
1006.629962	-20.398412
1006.968077	-20.437872
1007.306420	-20.482294
1007.644990	-20.531482
1007.983787	-20.585216
1008.322813	-20.643253
1008.662067	-20.705330
1009.001549	-20.771161
1009.341259	-20.840436
1009.681199	-20.912826
1010.021367	-20.987982
1010.361765	-21.065533
1010.702392	-21.145079
1011.043250	-21.226186
1011.384337	-21.308385
1011.725654	-21.391161
1012.067202	-21.473957
1012.408980	-21.556160
1012.750989	-21.637110
1013.093230	-21.716099
1013.435702	-21.792370
1013.778405	-21.865130
1014.121341	-21.933550
1014.464508	-21.996795
1014.807908	-22.054037
1015.151540	-22.104471
1015.495405	-22.147329
1015.839503	-22.181904
1016.183835	-22.207572
1016.528400	-22.223805
1016.873198	-22.230183
1017.218231	-22.226390
1017.563498	-22.212230
1017.908999	-22.187624
1018.254735	-22.152610
1018.600707	-22.107330
1018.946913	-22.052032
1019.293354	-21.987064
1019.640032	-21.912867
1019.986945	-21.829963
1020.334094	-21.738936
1020.681480	-21.640432
1021.029102	-21.535151
1021.376961	-21.423837
1021.725058	-21.307265
1022.073391	-21.186229
1022.421962	-21.061531
1022.770772	-20.933964
1023.119819	-20.804304
1023.469104	-20.673299
1023.818628	-20.541659
1024.168391	-20.410048
1024.518393	-20.279073
1024.868634	-20.149290
1025.219115	-20.021196
1025.569836	-19.895228
1025.920796	-19.771764
1026.271997	-19.651128
1026.623438	-19.533596
1026.975121	-19.419401
1027.327044	-19.308745
1027.679208	-19.201800
1028.031614	-19.098709
1028.384262	-18.999595
1028.737152	-18.904568
1029.090284	-18.813732
1029.443659	-18.727181
1029.797276	-18.644997
1030.151137	-18.567256
1030.505240	-18.494028
1030.859587	-18.425373
1031.214178	-18.361340
1031.569013	-18.301965
1031.924093	-18.247268
1032.279417	-18.197252
1032.634985	-18.151902
1032.990799	-18.111187
1033.346858	-18.075065
1033.703162	-18.043483
1034.059712	-18.016380
1034.416509	-17.993688
1034.773551	-17.975334
1035.130841	-17.961242
1035.488377	-17.951343
1035.846160	-17.945584
1036.204190	-17.943925
1036.562468	-17.946338
1036.920994	-17.952801
1037.279768	-17.963303
1037.638790	-17.977848
1037.998061	-17.996456
1038.357581	-18.019155
1038.717350	-18.045982
1039.077368	-18.076980
1039.437636	-18.112190
1039.798154	-18.151654
1040.158922	-18.195415
1040.519940	-18.243513
1040.881209	-18.295984
1041.242729	-18.352865
1041.604501	-18.414190
1041.966524	-18.479987
1042.328798	-18.550281
1042.691325	-18.625100
1043.054103	-18.704471
1043.417135	-18.788426
1043.780419	-18.876990
1044.143956	-18.970192
1044.507746	-19.068057
1044.871791	-19.170609
1045.236088	-19.277876
1045.600641	-19.389883
1045.965447	-19.506641
1046.330508	-19.628157
1046.695824	-19.754430
1047.061395	-19.885451
1047.427222	-20.021188
1047.793304	-20.161585
1048.159642	-20.306555
1048.526237	-20.455983
1048.893088	-20.609722
1049.260196	-20.767596
1049.627561	-20.929392
1049.995183	-21.094842
1050.363063	-21.263633
1050.731201	-21.435412
1051.099597	-21.609784
1051.468251	-21.786310
1051.837164	-21.964511
1052.206336	-22.143855
1052.575767	-22.323747
1052.945458	-22.503541
1053.315409	-22.682557
1053.685619	-22.860088
1054.056090	-23.035384
1054.426821	-23.207657
1054.797814	-23.376087
1055.169067	-23.539830
1055.540582	-23.698025
1055.912359	-23.849822
1056.284398	-23.994381
1056.656698	-24.130875
1057.029262	-24.258507
1057.402088	-24.376536
1057.775177	-24.484294
1058.148530	-24.581193
1058.522146	-24.666747
1058.896027	-24.740592
1059.270171	-24.802480
1059.644580	-24.852298
1060.019254	-24.890067
1060.394193	-24.915929
1060.769397	-24.930142
1061.144867	-24.933080
1061.520602	-24.925210
1061.896604	-24.907055
1062.272872	-24.879173
1062.649407	-24.842152
1063.026210	-24.796599
1063.403279	-24.743110
1063.780616	-24.682249
1064.158221	-24.614528
1064.536094	-24.540420
1064.914235	-24.460365
1065.292645	-24.374775
1065.671325	-24.284023
1066.050273	-24.188447
1066.429491	-24.088346
1066.808979	-23.983994
1067.188738	-23.875651
1067.568766	-23.763582
1067.949066	-23.648054
1068.329636	-23.529333
1068.710478	-23.407685
1069.091592	-23.283383
1069.472977	-23.156717
1069.854635	-23.027996
1070.236565	-22.897539
1070.618768	-22.765658
1071.001243	-22.632661
1071.383993	-22.498854
1071.767016	-22.364543
1072.150313	-22.230014
1072.533884	-22.095529
1072.917730	-21.961333
1073.301850	-21.827653
1073.686246	-21.694675
1074.070917	-21.562544
1074.455864	-21.431387
1074.841087	-21.301317
1075.226586	-21.172416
1075.612362	-21.044735
1075.998415	-20.918313
1076.384745	-20.793190
1076.771353	-20.669410
1077.158238	-20.547008
1077.545401	-20.425990
1077.932843	-20.306359
1078.320564	-20.188131
1078.708564	-20.071321
1079.096842	-19.955937
1079.485401	-19.841981
1079.874240	-19.729440
1080.263358	-19.618282
1080.652757	-19.508466
1081.042438	-19.399949
1081.432399	-19.292667
1081.822641	-19.186534
1082.213166	-19.081437
1082.603972	-18.977245
1082.995061	-18.873818
1083.386433	-18.771009
1083.778087	-18.668652
1084.170025	-18.566576
1084.562246	-18.464607
1084.954751	-18.362575
1085.347541	-18.260318
1085.740615	-18.157688
1086.133973	-18.054550
1086.527617	-17.950781
1086.921546	-17.846280
1087.315761	-17.740970
1087.710262	-17.634801
1088.105050	-17.527748
1088.500124	-17.419807
1088.895485	-17.310988
1089.291134	-17.201326
1089.687070	-17.090887
1090.083294	-16.979748
1090.479806	-16.867984
1090.876607	-16.755676
1091.273696	-16.642905
1091.671075	-16.529755
1092.068744	-16.416323
1092.466702	-16.302696
1092.864950	-16.188935
1093.263489	-16.075079
1093.662319	-15.961161
1094.061440	-15.847220
1094.460852	-15.733282
1094.860555	-15.619353
1095.260551	-15.505438
1095.660840	-15.391550
1096.061421	-15.277695
1096.462295	-15.163879
1096.863462	-15.050112
1097.264923	-14.936405
1097.666678	-14.822778
1098.068727	-14.709256
1098.471071	-14.595871
1098.873710	-14.482661
1099.276644	-14.369668
1099.679874	-14.256943
1100.083400	-14.144544
1100.487222	-14.032534
1100.891340	-13.920979
1101.295756	-13.809951
1101.700468	-13.699531
1102.105478	-13.589807
1102.510787	-13.480867
1102.916393	-13.372803
1103.322298	-13.265707
1103.728502	-13.159657
1104.135005	-13.054721
1104.541807	-12.950964
1104.948909	-12.848436
1105.356312	-12.747166
1105.764015	-12.647159
1106.172019	-12.548413
1106.580324	-12.450917
1106.988931	-12.354641
1107.397840	-12.259547
1107.807051	-12.165585
1108.216564	-12.072702
1108.626380	-11.980856
1109.036500	-11.890010
1109.446923	-11.800136
1109.857649	-11.711219
1110.268680	-11.623258
1110.680016	-11.536262
1111.091657	-11.450252
1111.503602	-11.365255
1111.915854	-11.281315
1112.328411	-11.198486
1112.741275	-11.116833
1113.154445	-11.036419
1113.567922	-10.957307
1113.981706	-10.879567
1114.395798	-10.803279
1114.810198	-10.728523
1115.224906	-10.655378
1115.639923	-10.583914
1116.055249	-10.514205
1116.470884	-10.446322
1116.886829	-10.380330
1117.303084	-10.316280
1117.719650	-10.254210
1118.136526	-10.194148
1118.553713	-10.136113
1118.971212	-10.080110
1119.389022	-10.026121
1119.807145	-9.974111
1120.225580	-9.924035
1120.644328	-9.875841
1121.063389	-9.829465
1121.482763	-9.784836
1121.902452	-9.741879
1122.322454	-9.700519
1122.742771	-9.660682
1123.163404	-9.622300
1123.584351	-9.585314
1124.005614	-9.549676
1124.427193	-9.515346
1124.849089	-9.482290
1125.271301	-9.450472
1125.693830	-9.419876
1126.116677	-9.390490
1126.539842	-9.362309
1126.963324	-9.335331
1127.387126	-9.309557
1127.811246	-9.284996
1128.235685	-9.261662
1128.660444	-9.239574
1129.085522	-9.218752
1129.510922	-9.199226
1129.936641	-9.181028
1130.362682	-9.164197
1130.789044	-9.148771
1131.215728	-9.134789
1131.642734	-9.122288
1132.070063	-9.111310
1132.497714	-9.101896
1132.925689	-9.094085
1133.353987	-9.087911
1133.782610	-9.083396
1134.211556	-9.080555
1134.640827	-9.079405
1135.070424	-9.079963
1135.500345	-9.082241
1135.930593	-9.086238
1136.361166	-9.091949
1136.792067	-9.099375
1137.223294	-9.108519
1137.654848	-9.119380
1138.086730	-9.131947
1138.518940	-9.146202
1138.951479	-9.162140
1139.384346	-9.179746
1139.817543	-9.198993
1140.251069	-9.219843
1140.684925	-9.242263
1141.119111	-9.266217
1141.553628	-9.291657
1141.988475	-9.318532
1142.423655	-9.346783
1142.859166	-9.376358
1143.295009	-9.407216
1143.731185	-9.439313
1144.167694	-9.472608
1144.604536	-9.507064
1145.041711	-9.542653
1145.479221	-9.579354
1145.917065	-9.617154
1146.355245	-9.656047
1146.793759	-9.696028
1147.232609	-9.737088
1147.671795	-9.779227
1148.111317	-9.822452
1148.551177	-9.866777
1148.991373	-9.912214
1149.431907	-9.958776
1149.872779	-10.006483
1150.313989	-10.055363
1150.755538	-10.105445
1151.197426	-10.156763
1151.639653	-10.209363
1152.082220	-10.263295
1152.525128	-10.318599
1152.968376	-10.375308
1153.411966	-10.433462
1153.855897	-10.493099
1154.300169	-10.554246
1154.744784	-10.616924
1155.189742	-10.681145
1155.635042	-10.746918
1156.080687	-10.814247
1156.526674	-10.883131
1156.973007	-10.953577
1157.419683	-11.025587
1157.866705	-11.099161
1158.314072	-11.174299
1158.761786	-11.251009
1159.209845	-11.329303
1159.658251	-11.409180
1160.107004	-11.490632
1160.556104	-11.573662
1161.005553	-11.658273
1161.455349	-11.744451
1161.905494	-11.832170
1162.355989	-11.921409
1162.806832	-12.012145
1163.258026	-12.104347
1163.709570	-12.197994
1164.161464	-12.293075
1164.613710	-12.389560
1165.066307	-12.487414
1165.519256	-12.586613
1165.972558	-12.687141
1166.426212	-12.788960
1166.880219	-12.892006
1167.334580	-12.996219
1167.789295	-13.101548
1168.244364	-13.207913
1168.699788	-13.315218
1169.155567	-13.423377
1169.611702	-13.532302
1170.068193	-13.641889
1170.525041	-13.752048
1170.982245	-13.862708
1171.439807	-13.973790
1171.897726	-14.085212
1172.356004	-14.196902
1172.814640	-14.308811
1173.273635	-14.420889
1173.732989	-14.533070
1174.192703	-14.645287
1174.652778	-14.757481
1175.113213	-14.869595
1175.574009	-14.981576
1176.035167	-15.093400
1176.496687	-15.205042
1176.958569	-15.316464
1177.420814	-15.427646
1177.883422	-15.538589
1178.346394	-15.649302
1178.809730	-15.759783
1179.273430	-15.870031
1179.737496	-15.980029
1180.201927	-16.089751
1180.666723	-16.199162
1181.131886	-16.308209
1181.597416	-16.416824
1182.063312	-16.524936
1182.529576	-16.632479
1182.996209	-16.739378
1183.463209	-16.845538
1183.930579	-16.950884
1184.398317	-17.055357
1184.866426	-17.158881
1185.334904	-17.261367
1185.803754	-17.362726
1186.272974	-17.462840
1186.742566	-17.561578
1187.212529	-17.658837
1187.682865	-17.754534
1188.153574	-17.848560
1188.624656	-17.940810
1189.096112	-18.031203
1189.567942	-18.119688
1190.040147	-18.206261
1190.512726	-18.290925
1190.985681	-18.373641
1191.459012	-18.454363
1191.932720	-18.533097
1192.406804	-18.609877
1192.881265	-18.684685
1193.356104	-18.757485
1193.831322	-18.828274
1194.306918	-18.897053
1194.782893	-18.963818
1195.259248	-19.028586
1195.735982	-19.091384
1196.213097	-19.152233
1196.690593	-19.211168
1197.168471	-19.268235
1197.646730	-19.323419
1198.125371	-19.376666
1198.604395	-19.427961
1199.083803	-19.477301
1199.563594	-19.524633
1200.043769	-19.569920
1200.524329	-19.613166
1201.005273	-19.654361
1201.486604	-19.693513
1201.968320	-19.730662
1202.450422	-19.765816
1202.932912	-19.798993
1203.415789	-19.830276
1203.899054	-19.859737
1204.382707	-19.887398
1204.866748	-19.913289
1205.351179	-19.937455
1205.836000	-19.959961
1206.321211	-19.980937
1206.806812	-20.000515
1207.292805	-20.018784
1207.779189	-20.035891
1208.265965	-20.052005
1208.753134	-20.067237
1209.240696	-20.081697
1209.728651	-20.095555
1210.217000	-20.108928
1210.705744	-20.121870
1211.194883	-20.134465
1211.684417	-20.146818
1212.174347	-20.159006
1212.664673	-20.171131
1213.155396	-20.183304
1213.646516	-20.195563
1214.138034	-20.207979
1214.629951	-20.220685
1215.122266	-20.233713
1215.614980	-20.247004
1216.108095	-20.260538
1216.601609	-20.274343
1217.095524	-20.288452
1217.589841	-20.302862
1218.084559	-20.317512
1218.579679	-20.332397
1219.075202	-20.347609
1219.571128	-20.363169
1220.067458	-20.379010
1220.564191	-20.395116
1221.061330	-20.411484
1221.558874	-20.428091
1222.056823	-20.444922
1222.555178	-20.461939
1223.053940	-20.479108
1223.553109	-20.496450
1224.052686	-20.513997
1224.552671	-20.531792
1225.053065	-20.549868
1225.553867	-20.568208
1226.055079	-20.586802
1226.556702	-20.605674
1227.058735	-20.624789
1227.561179	-20.644137
1228.064035	-20.663765
1228.567303	-20.683666
1229.070983	-20.703818
1229.575077	-20.724300
1230.079585	-20.745177
1230.584506	-20.766438
1231.089842	-20.788086
1231.595594	-20.810127
1232.101761	-20.832562
1232.608345	-20.855380
1233.115345	-20.878540
1233.622762	-20.902017
1234.130597	-20.925850
1234.638851	-20.950099
1235.147523	-20.974775
1235.656615	-20.999856
1236.166126	-21.025325
1236.676058	-21.051154
1237.186411	-21.077326
1237.697185	-21.103828
1238.208381	-21.130607
1238.719999	-21.157600
1239.232040	-21.184794
1239.744505	-21.212225
1240.257394	-21.239877
1240.770708	-21.267708
1241.284446	-21.295710
1241.798610	-21.323843
1242.313201	-21.351986
1242.828218	-21.380048
1243.343662	-21.407992
1243.859534	-21.435805
1244.375834	-21.463475
1244.892563	-21.490963
1245.409721	-21.518225
1245.927309	-21.545236
1246.445327	-21.571953
1246.963777	-21.598299
1247.482657	-21.624185
1248.001970	-21.649552
1248.521716	-21.674379
1249.041894	-21.698652
1249.562506	-21.722370
1250.083553	-21.745568
1250.605034	-21.768266
1251.126950	-21.790427
1251.649302	-21.812024
1252.172091	-21.833063
1252.695316	-21.853504
1253.218979	-21.873321
1253.743079	-21.892583
1254.267619	-21.911404
1254.792597	-21.929846
1255.318015	-21.947936
1255.843874	-21.965752
1256.370173	-21.983328
1256.896913	-22.000646
1257.424095	-22.017755
1257.951720	-22.034692
1258.479787	-22.051500
1259.008298	-22.068293
1259.537254	-22.085157
1260.066654	-22.102158
1260.596499	-22.119336
1261.126790	-22.136669
1261.657527	-22.154125
1262.188711	-22.171679
1262.720342	-22.189319
1263.252422	-22.207078
1263.784950	-22.225007
1264.317928	-22.243118
1264.851355	-22.261354
1265.385232	-22.279610
1265.919560	-22.297789
1266.454340	-22.315789
1266.989572	-22.333471
1267.525256	-22.350746
1268.061394	-22.367607
1268.597985	-22.383979
1269.135031	-22.399746
1269.672531	-22.414825
1270.210487	-22.429024
1270.748899	-22.442109
1271.287768	-22.453974
1271.827094	-22.464534
1272.366877	-22.473689
1272.907119	-22.481400
1273.447820	-22.487685
1273.988981	-22.492473
1274.530601	-22.495598
1275.072683	-22.496954
1275.615226	-22.496503
1276.158230	-22.494228
1276.701697	-22.490161
1277.245627	-22.484456
1277.790021	-22.477278
1278.334879	-22.468621
1278.880202	-22.458472
1279.425991	-22.446943
1279.972245	-22.434139
1280.518966	-22.420151
1281.066155	-22.405149
1281.613811	-22.389427
1282.161936	-22.373205
1282.710529	-22.356595
1283.259593	-22.339763
1283.809126	-22.322826
1284.359131	-22.305849
1284.909607	-22.288994
1285.460555	-22.272492
1286.011976	-22.256556
1286.563870	-22.241402
1287.116237	-22.227172
1287.669080	-22.213831
1288.222397	-22.201362
1288.776191	-22.189791
1289.330460	-22.179159
1289.885207	-22.169602
1290.440431	-22.161219
1290.996133	-22.154046
1291.552314	-22.147958
1292.108975	-22.142725
1292.666115	-22.138234
1293.223737	-22.134371
1293.781839	-22.131022
1294.340424	-22.128152
1294.899491	-22.125677
1295.459041	-22.123419
1296.019075	-22.121082
1296.579593	-22.118332
1297.140597	-22.114890
1297.702086	-22.110595
1298.264061	-22.105362
1298.826524	-22.099020
1299.389474	-22.091346
1299.952912	-22.082116
1300.516839	-22.071020
1301.081255	-22.057753
1301.646162	-22.042207
1302.211559	-22.024336
1302.777448	-22.004058
1303.343829	-21.981383
1303.910702	-21.956276
1304.478069	-21.928565
1305.045930	-21.898047
1305.614285	-21.864773
1306.183136	-21.828957
1306.752483	-21.790786
1307.322326	-21.750453
1307.892666	-21.708078
1308.463504	-21.663715
1309.034841	-21.617407
1309.606677	-21.569360
1310.179012	-21.519874
1310.751849	-21.469304
1311.325186	-21.417995
1311.899025	-21.366155
1312.473366	-21.313955
1313.048211	-21.261520
1313.623559	-21.209028
1314.199412	-21.156795
1314.775770	-21.105213
1315.352634	-21.054569
1315.930004	-21.005066
1316.507881	-20.956836
1317.086266	-20.909944
1317.665159	-20.864468
1318.244562	-20.820626
1318.824474	-20.778746
1319.404897	-20.739040
1319.985831	-20.701617
1320.567276	-20.666412
1321.149234	-20.633361
1321.731706	-20.602542
1322.314691	-20.574119
1322.898190	-20.548261
1323.482205	-20.525024
1324.066736	-20.504371
1324.651783	-20.486141
1325.237347	-20.470254
1325.823430	-20.456719
1326.410031	-20.445562
1326.997151	-20.436799
1327.584791	-20.430404
1328.172952	-20.426218
1328.761634	-20.424042
1329.350839	-20.423733
1329.940566	-20.425205
1330.530817	-20.428399
1331.121592	-20.433280
1331.712891	-20.439707
1332.304716	-20.447423
1332.897068	-20.456200
1333.489946	-20.465822
1334.083352	-20.476182
1334.677287	-20.487189
1335.271750	-20.498688
1335.866744	-20.510445
1336.462268	-20.522167
1337.058323	-20.533545
1337.654910	-20.544410
1338.252029	-20.554653
1338.849682	-20.564103
1339.447869	-20.572537
1340.046591	-20.579684
1340.645848	-20.585218
1341.245641	-20.588955
1341.845972	-20.590771
1342.446840	-20.590502
1343.048246	-20.587986
1343.650191	-20.583018
1344.252677	-20.575350
1344.855702	-20.564776
1345.459269	-20.551168
1346.063379	-20.534447
1346.668030	-20.514528
1347.273226	-20.491277
1347.878965	-20.464572
1348.485250	-20.434288
1349.092080	-20.400322
1349.699456	-20.362663
1350.307380	-20.321357
1350.915851	-20.276383
1351.524871	-20.227746
1352.134441	-20.175378
1352.744560	-20.119257
1353.355231	-20.059501
1353.966453	-19.996202
1354.578227	-19.929441
1355.190555	-19.859298
1355.803436	-19.785804
1356.416872	-19.709008
1357.030863	-19.629026
1357.645411	-19.545977
1358.260515	-19.460016
1358.876177	-19.371274
1359.492397	-19.279811
1360.109176	-19.185702
1360.726516	-19.089042
1361.344416	-18.990030
1361.962877	-18.888894
1362.581901	-18.785759
1363.201487	-18.680701
1363.821637	-18.573793
1364.442352	-18.465166
1365.063632	-18.355052
1365.685478	-18.243632
1366.307891	-18.130993
1366.930871	-18.017170
1367.554420	-17.902222
1368.178538	-17.786267
1368.803226	-17.669449
1369.428485	-17.551899
1370.054315	-17.433642
1370.680717	-17.314646
1371.307693	-17.194944
1371.935242	-17.074626
1372.563366	-16.953784
1373.192065	-16.832505
1373.821341	-16.710793
1374.451193	-16.588641
1375.081623	-16.466068
1375.712632	-16.343149
1376.344221	-16.220014
1376.976389	-16.096717
1377.609139	-15.973206
1378.242470	-15.849421
1378.876384	-15.725369
1379.510881	-15.601102
1380.145963	-15.476640
1380.781629	-15.351909
1381.417881	-15.226795
1382.054720	-15.101241
1382.692147	-14.975269
1383.330161	-14.848920
1383.968765	-14.722210
1384.607959	-14.595111
1385.247743	-14.467612
1385.888119	-14.339795
1386.529087	-14.211752
1387.170648	-14.083572
1387.812804	-13.955293
1388.455554	-13.826903
1389.098899	-13.698409
1389.742842	-13.569860
1390.387381	-13.441318
1391.032519	-13.312782
1391.678256	-13.184211
1392.324592	-13.055583
1392.971529	-12.926931
1393.619068	-12.798348
1394.267208	-12.669916
1394.915952	-12.541694
1395.565300	-12.413743
1396.215253	-12.286180
1396.865812	-12.159184
1397.516977	-12.032930
1398.168749	-11.907552
1398.821130	-11.783158
1399.474120	-11.659863
1400.127719	-11.537829
1400.781930	-11.417208
1401.436752	-11.298106
1402.092186	-11.180580
1402.748234	-11.064690
1403.404897	-10.950522
1404.062174	-10.838178
1404.720067	-10.727746
1405.378577	-10.619268
1406.037705	-10.512783
1406.697451	-10.408367
1407.357817	-10.306162
1408.018803	-10.206320
1408.680410	-10.108941
1409.342639	-10.014124
1410.005492	-9.922017
1410.668968	-9.832835
1411.333068	-9.746765
1411.997795	-9.663920
1412.663147	-9.584393
1413.329127	-9.508281
1413.995736	-9.435695
1414.662973	-9.366677
1415.330840	-9.301186
1415.999339	-9.239151
1416.668469	-9.180493
1417.338232	-9.125148
1418.008628	-9.073050
1418.679659	-9.024109
1419.351325	-8.978247
1420.023628	-8.935445
1420.696568	-8.895766
1421.370145	-8.859335
1422.044362	-8.826262
1422.719219	-8.796657
1423.394717	-8.770672
1424.070856	-8.748499
1424.747638	-8.730291
1425.425064	-8.716077
1426.103134	-8.705800
1426.781850	-8.699364
1427.461212	-8.696631
1428.141221	-8.697367
1428.821878	-8.701217
1429.503185	-8.707791
1430.185141	-8.716754
1430.867749	-8.727849
1431.551008	-8.740845
1432.234920	-8.755555
1432.919486	-8.771926
1433.604707	-8.790099
1434.290583	-8.810352
1434.977116	-8.833001
1435.664307	-8.858368
1436.352156	-8.886833
1437.040664	-8.918824
1437.729833	-8.954694
1438.419663	-8.994605
1439.110156	-9.038554
1439.801312	-9.086429
1440.493132	-9.138046
1441.185617	-9.193063
1441.878768	-9.250929
1442.572586	-9.311034
1443.267072	-9.372850
1443.962228	-9.435955
1444.658053	-9.499935
1445.354549	-9.564417
1446.051717	-9.629248
1446.749558	-9.694531
1447.448073	-9.760499
1448.147263	-9.827382
1448.847128	-9.895429
1449.547671	-9.964980
1450.248891	-10.036380
1450.950789	-10.109776
1451.653368	-10.185009
1452.356627	-10.261699
1453.060568	-10.339345
1453.765192	-10.417195
1454.470500	-10.494094
1455.176492	-10.568561
1455.883170	-10.639028
1456.590534	-10.703912
1457.298586	-10.761511
1458.007327	-10.809995
1458.716758	-10.847693
1459.426880	-10.873321
1460.137693	-10.885955
1460.849199	-10.884911
1461.561398	-10.869882
1462.274293	-10.841174
1462.987883	-10.799710
1463.702170	-10.746795
1464.417155	-10.683998
1465.132838	-10.613260
1465.849222	-10.536927
1466.566306	-10.457512
1467.284093	-10.377423
1468.002582	-10.298936
1468.721775	-10.224304
1469.441674	-10.155644
1470.162278	-10.094668
1470.883590	-10.042587
1471.605609	-10.000270
1472.328338	-9.968301
1473.051777	-9.946812
1473.775928	-9.935372
1474.500790	-9.933190
1475.226367	-9.939346
1475.952657	-9.952792
1476.679663	-9.972283
1477.407386	-9.996618
1478.135826	-10.024993
1478.864985	-10.057108
1479.594863	-10.093070
1480.325463	-10.133476
1481.056784	-10.179665
1481.788828	-10.233692
1482.521597	-10.298052
1483.255090	-10.375504
1483.989309	-10.469102
1484.724256	-10.582099
1485.459931	-10.717643
1486.196336	-10.878536
1486.933471	-11.067212
1487.671337	-11.285749
1488.409937	-11.535682
1489.149270	-11.817749
1489.889337	-12.131846
1490.630141	-12.477121
1491.371682	-12.851833
1492.113961	-13.253031
1492.856979	-13.676438
1493.600738	-14.116610
1494.345238	-14.566866
1495.090481	-15.019073
1495.836467	-15.463742
1496.583198	-15.890582
1497.330675	-16.289088
1498.078899	-16.649100
1498.827872	-16.961699
1499.577593	-17.220510
1500.328065	-17.422730
1501.079289	-17.569552
1501.831265	-17.666103
1502.583995	-17.721156
1503.337480	-17.746412
1504.091721	-17.755314
1504.846719	-17.761757
1505.602475	-17.779270
1506.358991	-17.820572
1507.116268	-17.896984
1507.874306	-18.017729
1508.633108	-18.189502
1509.392673	-18.416052
1510.153004	-18.697134
1510.914101	-19.026737
1511.675965	-19.390935
1512.438599	-19.765828
1513.202002	-20.116386
1513.966176	-20.398272
1514.731122	-20.565770
1515.496842	-20.586094
1516.263336	-20.453475
1517.030607	-20.192985
1517.798654	-19.851303
1518.567479	-19.481927
1519.337083	-19.133727
1520.107468	-18.845850
1520.878634	-18.647291
1521.650584	-18.558717
1522.423317	-18.594328
1523.196836	-18.762037
1523.971141	-19.060332
1524.746233	-19.469827
1525.522115	-19.936306
1526.298786	-20.344499
1527.076249	-20.503109
1527.854504	-20.203564
1528.633553	-19.369817
1529.413397	-18.128668
1530.194037	-16.692175
1530.975474	-15.226872
1531.757709	-13.824040
1532.540745	-12.522423
1533.324581	-11.333180
1534.109220	-10.254988
1534.894662	-9.281524
1535.680909	-8.404880
1536.467961	-7.617105
1537.255821	-6.910904
1538.044489	-6.279833
1538.833967	-5.718289
1539.624256	-5.221513
1540.415357	-4.785611
1541.207271	-4.407464
1542.000000	-4.084631
1542.793545	-3.815335
1543.587907	-3.598442
1544.383087	-3.433368
1545.179088	-3.319975
1545.975909	-3.258536
1546.773552	-3.249677
1547.572019	-3.294264
1548.371311	-3.393301
1549.171428	-3.547875
1549.972373	-3.759101
1550.774147	-4.028010
1551.576751	-4.355447
1552.380185	-4.742030
1553.184453	-5.188088
1553.989554	-5.693516
1554.795490	-6.257672
1555.602263	-6.879331
1556.409873	-7.556588
1557.218322	-8.286723
1558.027612	-9.066175
1558.837743	-9.890630
1559.648717	-10.755122
1560.460536	-11.654162
1561.273200	-12.582080
1562.086710	-13.533387
1562.901069	-14.502781
1563.716278	-15.484677
1564.532337	-16.472256
1565.349249	-17.455410
1566.167014	-18.417414
1566.985634	-19.331450
1567.805111	-20.158799
1568.625444	-20.851477
1569.446637	-21.362949
1570.268690	-21.665420
1571.091605	-21.762973
1571.915382	-21.689628
1572.740024	-21.494020
1573.565532	-21.222087
1574.391907	-20.906575
1575.219150	-20.564797
1576.047262	-20.201868
1576.876246	-19.815839
1577.706103	-19.402747
1578.536833	-18.960932
1579.368439	-18.493690
1580.200922	-18.009582
1581.034282	-17.520906
1581.868522	-17.041504
1582.703643	-16.584587
1583.539646	-16.161005
1584.376532	-15.778286
1585.214304	-15.440299
1586.052962	-15.147298
1586.892508	-14.896100
1587.732943	-14.680421
1588.574269	-14.491529
1589.416487	-14.319120
1590.259599	-14.152377
1591.103605	-13.981405
1591.948508	-13.798824
1592.794309	-13.600917
1593.641009	-13.388120
1594.488609	-13.164854
1595.337112	-12.938618
1596.186518	-12.718493
1597.036829	-12.513656
1597.888047	-12.332316
1598.740172	-12.180823
1599.593207	-12.062995
1600.447153	-11.979997
1601.302010	-11.930396
1602.157782	-11.910084
1603.014469	-11.912634
1603.872072	-11.930039
1604.730593	-11.953391
1605.590034	-11.973889
1606.450397	-11.984257
1607.311681	-11.979842
1608.173890	-11.959169
1609.037024	-11.924114
1609.901085	-11.879420
1610.766075	-11.831423
1611.631995	-11.786705
1612.498846	-11.750996
1613.366630	-11.728118
1614.235349	-11.719244
1615.105004	-11.722841
1615.975596	-11.734919
1616.847128	-11.749467
1617.719600	-11.759567
1618.593014	-11.758847
1619.467372	-11.742696
1620.342675	-11.709360
1621.218924	-11.660659
1622.096122	-11.601652
1622.974270	-11.539637
1623.853369	-11.482974
1624.733420	-11.439670
1625.614427	-11.416030
1626.496389	-11.415878
1627.379308	-11.440101
1628.263187	-11.486370
1629.148026	-11.549430
1630.033828	-11.621904
1630.920593	-11.695282
1631.808324	-11.761388
1632.697022	-11.814133
1633.586688	-11.850764
1634.477324	-11.872418
1635.368932	-11.883940
1636.261514	-11.892689
1637.155070	-11.906771
1638.049602	-11.933350
1638.945113	-11.977214
1639.841603	-12.039681
1640.739075	-12.118214
1641.637529	-12.206769
1642.536968	-12.296640
1643.437393	-12.378102
1644.338806	-12.442698
1645.241209	-12.485289
1646.144602	-12.505446
1647.048988	-12.507816
1647.954368	-12.500883
1648.860744	-12.494785
1649.768118	-12.499046
1650.676491	-12.520443
1651.585865	-12.561541
1652.496241	-12.620217
1653.407621	-12.689984
1654.320008	-12.761173
1655.233401	-12.823166
1656.147804	-12.867148
1657.063218	-12.888534
1657.979645	-12.888511
1658.897085	-12.873889
1659.815542	-12.855173
1660.735016	-12.843826
1661.655509	-12.849545
1662.577023	-12.878008
1663.499560	-12.929711
1664.423121	-12.999936
1665.347709	-13.079700
1666.273324	-13.157928
1667.199969	-13.224502
1668.127645	-13.273276
1669.056353	-13.304207
1669.986097	-13.323676
1670.916877	-13.342680
1671.848695	-13.373718
1672.781553	-13.427487
1673.715452	-13.510132
1674.650395	-13.621560
1675.586383	-13.755185
1676.523418	-13.899078
1677.461501	-14.038650
1678.400635	-14.160737
1679.340821	-14.257726
1680.282061	-14.330157
1681.224357	-14.386646
1682.167710	-14.440763
1683.112122	-14.506341
1684.057595	-14.593049
1685.004132	-14.703170
1685.951732	-14.830404
1686.900400	-14.961095
1687.850135	-15.077839
1688.800940	-15.165112
1689.752818	-15.215185
1690.705768	-15.231429
1691.659795	-15.227267
1692.614898	-15.221315
1693.571081	-15.230886
1694.528345	-15.266540
1695.486691	-15.329142
1696.446122	-15.409613
1697.406640	-15.491720
1698.368245	-15.557662
1699.330941	-15.594870
1700.294729	-15.601558
1701.259611	-15.587948
1702.225588	-15.572310
1703.192664	-15.574115
1704.160838	-15.607176
1705.130114	-15.674964
1706.100493	-15.769188
1707.071977	-15.871856
1708.044568	-15.960970
1709.018268	-16.018883
1709.993079	-16.039881
1710.969003	-16.032880
1711.946041	-16.017419
1712.924196	-16.015003
1713.903469	-16.040294
1714.883862	-16.095359
1715.865378	-16.168328
1716.848017	-16.237199
1717.831783	-16.278377
1718.816677	-16.277420
1719.802701	-16.236561
1720.789857	-16.174079
1721.778147	-16.115793
1722.767573	-16.083729
1723.758136	-16.087347
1724.749840	-16.119971
1725.742685	-16.161243
1726.736673	-16.185526
1727.731808	-16.173941
1728.728090	-16.124404
1729.725521	-16.053207
1730.724105	-15.986770
1731.723842	-15.948888
1732.724735	-15.950078
1733.726785	-15.982848
1734.729995	-16.024309
1735.734366	-16.045988
1736.739902	-16.028023
1737.746603	-15.970366
1738.754472	-15.893036
1739.763510	-15.825031
1740.773721	-15.789166
1741.785105	-15.790881
1742.797665	-15.815275
1743.811403	-15.833440
1744.826321	-15.816950
1745.842422	-15.754223
1746.859706	-15.657958
1747.878177	-15.557775
1748.897835	-15.483379
1749.918685	-15.449017
1750.940726	-15.446551
1751.963963	-15.449404
1752.988395	-15.426668
1754.014027	-15.361576
1755.040860	-15.262589
1756.068895	-15.158331
1757.098135	-15.080115
1758.128583	-15.044091
1759.160240	-15.042433
1760.193109	-15.046996
1761.227191	-15.024804
1762.262488	-14.958593
1763.299004	-14.858579
1764.336740	-14.755681
1765.375697	-14.681490
1766.415880	-14.649311
1767.457288	-14.646691
1768.499926	-14.642594
1769.543794	-14.606721
1770.588895	-14.530419
1771.635231	-14.433283
1772.682805	-14.349528
1773.731619	-14.305107
1774.781674	-14.301305
1775.832973	-14.313497
1776.885519	-14.306120
1777.939312	-14.256804
1778.994357	-14.172870
1780.050654	-14.085694
1781.108207	-14.027580
1782.167017	-14.009473
1783.227087	-14.013656
1784.288418	-14.005489
1785.351013	-13.958362
1786.414875	-13.874570
1787.480006	-13.783807
1788.546407	-13.720260
1789.614082	-13.697721
1790.683032	-13.699977
1791.753259	-13.692224
1792.824767	-13.647336
1793.897557	-13.567942
1794.971632	-13.484317
1796.046994	-13.429706
1797.123645	-13.414678
1798.201588	-13.419272
1799.280824	-13.408086
1800.361357	-13.358963
1801.443188	-13.282184
1802.526320	-13.211609
1803.610756	-13.176047
1804.696497	-13.176008
1805.783546	-13.183153
1806.871906	-13.163308
1807.961578	-13.106259
1809.052565	-13.035149
1810.144870	-12.985461
1811.238494	-12.973957
1812.333441	-12.984352
1813.429713	-12.980791
1814.527311	-12.939754
1815.626239	-12.872403
1816.726499	-12.814188
1817.828094	-12.791987
1818.931025	-12.800025
1820.035295	-12.804711
1821.140906	-12.775367
1822.247862	-12.714224
1823.356165	-12.654504
1824.465816	-12.627991
1825.576819	-12.634881
1826.689175	-12.643139
1827.802888	-12.618857
1828.917960	-12.560685
1830.034394	-12.501843
1831.152191	-12.476595
1832.271354	-12.486496
1833.391887	-12.498493
1834.513790	-12.477517
1835.637068	-12.423464
1836.761722	-12.371840
1837.887755	-12.356309
1839.015169	-12.373813
1840.143968	-12.386749
1841.274153	-12.361595
1842.405727	-12.305758
1843.538693	-12.259753
1844.673053	-12.252951
1845.808810	-12.272029
1846.945966	-12.274391
1848.084525	-12.234845
1849.224488	-12.175127
1850.365858	-12.139567
1851.508638	-12.145638
1852.652831	-12.164635
1853.798438	-12.153135
1854.945463	-12.103495
1856.093909	-12.053630
1857.243777	-12.042523
1858.395071	-12.065289
1859.547794	-12.077994
1860.701947	-12.048562
1861.857533	-11.995980
1863.014556	-11.966963
1864.173018	-11.979367
1865.332922	-12.000643
1866.494270	-11.986338
1867.657065	-11.935616
1868.821309	-11.892816
1869.987006	-11.891919
1871.154158	-11.915110
1872.322768	-11.914791
1873.492839	-11.874261
1874.664373	-11.829833
1875.837373	-11.823249
1877.011841	-11.848203
1878.187782	-11.858143
1879.365197	-11.826743
1880.544089	-11.783096
1881.724460	-11.771813
1882.906315	-11.793583
1884.089655	-11.804495
1885.274483	-11.775390
1886.460803	-11.732351
1887.648616	-11.719944
1888.837927	-11.740108
1890.028736	-11.750223
1891.221049	-11.722902
1892.414866	-11.684939
1893.610192	-11.677926
1894.807028	-11.699002
1896.005379	-11.705502
1897.205246	-11.676923
1898.406633	-11.644783
1899.609542	-11.645023
1900.813977	-11.665520
1902.019940	-11.664966
1903.227434	-11.635393
1904.436462	-11.613743
1905.647028	-11.624549
1906.859133	-11.642988
1908.072781	-11.633495
1909.287976	-11.605190
1910.504719	-11.596426
1911.723013	-11.613845
1912.942863	-11.622672
1914.164270	-11.602982
1915.387238	-11.582079
1916.611770	-11.589505
1917.837868	-11.609238
1919.065536	-11.606274
1920.294777	-11.584593
1921.525594	-11.579686
1922.757989	-11.598327
1923.991967	-11.607090
1925.227529	-11.588961
1926.464679	-11.572534
1927.703420	-11.582820
1928.943755	-11.598941
1930.185688	-11.590837
1931.429221	-11.572071
1932.674356	-11.575654
1933.921099	-11.595829
1935.169451	-11.598068
1936.419415	-11.579854
1937.670996	-11.574099
1938.924195	-11.589558
1940.179017	-11.596101
1941.435463	-11.580212
1942.693538	-11.569470
1943.953245	-11.581652
1945.214586	-11.593506
1946.477566	-11.584895
1947.742186	-11.575054
1949.008451	-11.584142
1950.276363	-11.595599
1951.545926	-11.589268
1952.817143	-11.579463
1954.090017	-11.585457
1955.364551	-11.595279
1956.640749	-11.592295
1957.918615	-11.588214
1959.198150	-11.597039
1960.479359	-11.606348
1961.762244	-11.604272
1963.046810	-11.603730
1964.333059	-11.613420
1965.620995	-11.619320
1966.910621	-11.616574
1968.201940	-11.621516
1969.494956	-11.635904
1970.789672	-11.641739
1972.086091	-11.640505
1973.384217	-11.650661
1974.684053	-11.666102
1975.985602	-11.667782
1977.288869	-11.666493
1978.593855	-11.681123
1979.900566	-11.697006
1981.209003	-11.697582
1982.519171	-11.701669
1983.831073	-11.721331
1985.144712	-11.733240
1986.460093	-11.730309
1987.777217	-11.738422
1989.096089	-11.758062
1990.416713	-11.763531
1991.739092	-11.763009
1993.063228	-11.780017
1994.389127	-11.797660
1995.716791	-11.797046
1997.046223	-11.801613
1998.377428	-11.821345
1999.710409	-11.828976
2001.045169	-11.826621
2002.381713	-11.842071
2003.720043	-11.861127
2005.060163	-11.861395
2006.402077	-11.867403
2007.745788	-11.889538
2009.091301	-11.896812
2010.438618	-11.894886
2011.787743	-11.914371
2013.138680	-11.933730
2014.491433	-11.932480
2015.846005	-11.944546
2017.202399	-11.971985
2018.560621	-11.977015
2019.920673	-11.979291
2021.282558	-12.007852
2022.646281	-12.025429
2024.011846	-12.024457
2025.379256	-12.048801
2026.748515	-12.078279
2028.119626	-12.079282
2029.492594	-12.095028
2030.867422	-12.132019
2032.244114	-12.140606
2033.622673	-12.148815
2035.003104	-12.189228
2036.385411	-12.208342
2037.769597	-12.210186
2039.155665	-12.248378
2040.543621	-12.278654
2041.933467	-12.277909
2043.325208	-12.310571
2044.718847	-12.350567
2046.114389	-12.350494
2047.511837	-12.375572
2048.911195	-12.422237
2050.312467	-12.425231
2051.715657	-12.443071
2053.120769	-12.493808
2054.527807	-12.500384
2055.936775	-12.511513
2057.347677	-12.564753
2058.760516	-12.575662
2060.175297	-12.581731
2061.592025	-12.636301
2063.010701	-12.650784
2064.431332	-12.653330
2065.853921	-12.709188
2067.278472	-12.726935
2068.704988	-12.728713
2070.133475	-12.786468
2071.563936	-12.805165
2072.996375	-12.807601
2074.430796	-12.868896
2075.867204	-12.888088
2077.305603	-12.893943
2078.745996	-12.959283
2080.188389	-12.976128
2081.632784	-12.987060
2083.079187	-13.056785
2084.527601	-13.070850
2085.978030	-13.090807
2087.430480	-13.162787
2088.884954	-13.171016
2090.341455	-13.202617
2091.799990	-13.274355
2093.260561	-13.278183
2094.723173	-13.324951
2096.187831	-13.389969
2097.654538	-13.390443
2099.123300	-13.453385
2100.594119	-13.506550
2102.067001	-13.511606
2103.541950	-13.587930
2105.018971	-13.621404
2106.498067	-13.639028
2107.979243	-13.721828
2109.462503	-13.737081
2110.947853	-13.777063
2112.435295	-13.850924
2113.924836	-13.853813
2115.416478	-13.919493
2116.910227	-13.972076
2118.406087	-13.981530
2119.904063	-14.062965
2121.404158	-14.085056
2122.906378	-14.119812
2124.410727	-14.198288
2125.917210	-14.203970
2127.425831	-14.271259
2128.936594	-14.320551
2130.449505	-14.336728
2131.964567	-14.423837
2133.481786	-14.442802
2135.001166	-14.495611
2136.522711	-14.566135
2138.046427	-14.579545
2139.572317	-14.669063
2141.100388	-14.704693
2142.630642	-14.751715
2144.163085	-14.836699
2145.697722	-14.855708
2147.234558	-14.948622
2148.773596	-14.995954
2150.314842	-15.045303
2151.858301	-15.138562
2153.403977	-15.163533
2154.951875	-15.262049
2156.502000	-15.311947
2158.054357	-15.368549
2159.608950	-15.462534
2161.165785	-15.491475
2162.724866	-15.595632
2164.286198	-15.638217
2165.849786	-15.706988
2167.415635	-15.792268
2168.983749	-15.826674
2170.554134	-15.932214
2172.126795	-15.962918
2173.701737	-16.048723
2175.278964	-16.114144
2176.858481	-16.162437
2178.440294	-16.258163
2180.024408	-16.283588
2181.610827	-16.384297
2183.199557	-16.424069
2184.790602	-16.497254
2186.383968	-16.567131
2187.979660	-16.608763
2189.577683	-16.707540
2191.178041	-16.735161
2192.780741	-16.833587
2194.385787	-16.874447
2195.993185	-16.956164
2197.602939	-17.027785
2199.215054	-17.081442
2200.829537	-17.181174
2202.446392	-17.223035
2204.065624	-17.337565
2205.687239	-17.381488
2207.311242	-17.489814
2208.937638	-17.557920
2210.566433	-17.649953
2212.197631	-17.743677
2213.831239	-17.814154
2215.467261	-17.935666
2217.105703	-17.993030
2218.746570	-18.125460
2220.389867	-18.178269
2222.035601	-18.314503
2223.683776	-18.375132
2225.334398	-18.497481
2226.987472	-18.572970
2228.643004	-18.680762
2230.300999	-18.774695
2231.961463	-18.858747
2233.624402	-18.972684
2235.289820	-19.040257
2236.957723	-19.168675
2238.628118	-19.217587
2240.301009	-19.360880
2241.976402	-19.399349
2243.654303	-19.547949
2245.334717	-19.577301
2247.017650	-19.733798
2248.703108	-19.757512
2250.391096	-19.913337
2252.081620	-19.935002
2253.774686	-20.094376
2255.470300	-20.111471
2257.168467	-20.270961
2258.869193	-20.289084
2260.572484	-20.451872
2262.278345	-20.465995
2263.986783	-20.635419
2265.697804	-20.650278
2267.411412	-20.826189
2269.127615	-20.838840
2270.846417	-21.027841
2272.567826	-21.038895
2274.291846	-21.237439
2276.018484	-21.248762
2277.747745	-21.458784
2279.479637	-21.468527
2281.214164	-21.684735
2282.951333	-21.700820
2284.691149	-21.914275
2286.433619	-21.940448
2288.178750	-22.143062
2289.926546	-22.190511
2291.677014	-22.365590
2293.430161	-22.448899
2295.185992	-22.585544
2296.944513	-22.712536
2298.705732	-22.801472
2300.469653	-22.978984
2302.236283	-23.018275
2304.005629	-23.237816
2305.777696	-23.245034
2307.552492	-23.480857
2309.330022	-23.484696
2311.110292	-23.701751
2312.893310	-23.739962
2314.679080	-23.898665
2316.467611	-24.005450
2318.258907	-24.083014
2320.052976	-24.263010
2321.849824	-24.273397
2323.649457	-24.492841
2325.451883	-24.486543
2327.257106	-24.684651
2329.065135	-24.727897
2330.875975	-24.849078
2332.689633	-24.983839
2334.506116	-25.020187
2336.325430	-25.227241
2338.147581	-25.236341
2339.972578	-25.439165
2341.800425	-25.509816
2343.631130	-25.633782
2345.464700	-25.811419
2347.301141	-25.856143
2349.140461	-26.089837
2350.982665	-26.142085
2352.827760	-26.322768
2354.675754	-26.476254
2356.526653	-26.550275
2358.380464	-26.794274
2360.237195	-26.835226
2362.096851	-27.047992
2363.959440	-27.185696
2365.824968	-27.275879
2367.693444	-27.527354
2369.564873	-27.565414
2371.439263	-27.785465
2373.316620	-27.928360
2375.196953	-28.003632
2377.080267	-28.255949
2378.966570	-28.291846
2380.855869	-28.465078
2382.748171	-28.636281
2384.643484	-28.652790
2386.541815	-28.882871
2388.443170	-28.940343
2390.347557	-29.006215
2392.254984	-29.225019
2394.165457	-29.199415
2396.078984	-29.350590
2397.995572	-29.508402
2399.915229	-29.475194
2401.837961	-29.702502
2403.763777	-29.788414
2405.692684	-29.803867
2407.624689	-30.072460
2409.559800	-30.115316
2411.498023	-30.191146
2413.439368	-30.491779
2415.383840	-30.512035
2417.331449	-30.650568
2419.282201	-30.974096
2421.236104	-30.969465
2423.193165	-31.145155
2425.153393	-31.471197
2427.116795	-31.454592
2429.083378	-31.636399
2431.053151	-31.981683
2433.026121	-31.969249
2435.002297	-32.134354
2436.981685	-32.533325
2438.964293	-32.535504
2440.950131	-32.647632
2442.939204	-33.073404
2444.931522	-33.118109
2446.927092	-33.146460
2448.925923	-33.562418
2450.928022	-33.700947
2452.933397	-33.596715
2454.942056	-33.901153
2456.954008	-34.140795
2458.969260	-33.957378
2460.987821	-34.067510
2463.009699	-34.388813
2465.034902	-34.287299
2467.063437	-34.175918
2469.095315	-34.470704
2471.130542	-34.584284
2473.169127	-34.388356
2475.211078	-34.535209
2477.256404	-34.873743
2479.305112	-34.833750
2481.357212	-34.786473
2483.412713	-35.136625
2485.471621	-35.420838
2487.533946	-35.355752
2489.599696	-35.498103
2491.668880	-35.972342
2493.741507	-36.185793
2495.817585	-36.154185
2497.897122	-36.418257
2499.980127	-36.915952
2502.066609	-37.076352
2504.156578	-37.055649
2506.250040	-37.379579
2508.347006	-37.875526
2510.447483	-38.006417
2512.551482	-37.966270
2514.659010	-38.254544
2516.770076	-38.745769
2518.884690	-38.883916
2521.002861	-38.765800
2523.124597	-38.910858
2525.249907	-39.320125
2527.378801	-39.517245
2529.511287	-39.339697
2531.647375	-39.269470
2533.787074	-39.535204
2535.930393	-39.805118
2538.077340	-39.715803
2540.227927	-39.439150
2542.382160	-39.435214
2544.540051	-39.696481
2546.701608	-39.870332
2548.866840	-39.712404
2551.035757	-39.517140
2553.208369	-39.604958
2555.384684	-39.959739
2557.564713	-40.238963
2559.748465	-40.219994
2561.935948	-40.147450
2564.127174	-40.297691
2566.322152	-40.780491
2568.520890	-41.278923
2570.723399	-41.508592
2572.929689	-41.586323
2575.139769	-41.686158
2577.353649	-42.077928
2579.571340	-42.747784
2581.792849	-43.267638
2584.018189	-43.551290
2586.247368	-43.711007
2588.480396	-43.879836
2590.717284	-44.176661
2592.958041	-44.590040
2595.202678	-45.054884
2597.451204	-45.336654
2599.703630	-45.419164
2601.959966	-45.357117
2604.220222	-45.279043
2606.484408	-45.419875
2608.752535	-45.643083
2611.024612	-45.773360
2613.300651	-45.843175
2615.580661	-45.727941
2617.864653	-45.487818
2620.152638	-45.262982
2622.444625	-45.106676
2624.740626	-45.088544
2627.040651	-45.111701
2629.344710	-45.181959
2631.652814	-45.256393
2633.964974	-45.174976
2636.281200	-45.081508
2638.601504	-45.088464
2640.925896	-45.122932
2643.254386	-45.364526
2645.586987	-45.763062
2647.923707	-46.214848
2650.264559	-46.754482
2652.609554	-47.286150
2654.958702	-47.703244
2657.312015	-48.079451
2659.669503	-48.314706
2662.031178	-48.545427
2664.397051	-48.818061
2666.767132	-49.103468
2669.141434	-49.420951
2671.519968	-49.809899
2673.902745	-50.165441
2676.289776	-50.620063
2678.681072	-51.058218
2681.076646	-51.570728
2683.476508	-52.137734
2685.880671	-52.657459
2688.289145	-53.102835
2690.701942	-53.556493
2693.119075	-53.669611
2695.540554	-53.624342
2697.966391	-53.537057
2700.396599	-53.215217
2702.831189	-52.923203
2705.270172	-52.415973
2707.713561	-52.361156
2710.161368	-51.983030
2712.613605	-51.766450
2715.070283	-51.659321
2717.531416	-51.457149
2719.997014	-51.522201
2722.467090	-51.620518
2724.941657	-52.013912
2727.420726	-52.114300
2729.904310	-52.581844
2732.392421	-53.036353
2734.885072	-53.342580
2737.382275	-53.841415
2739.884042	-54.100400
2742.390387	-54.428511
2744.901321	-54.754229
2747.416857	-54.994635
2749.937008	-55.352583
2752.461787	-55.757112
2754.991206	-56.080037
2757.525279	-56.764529
2760.064017	-57.308728
2762.607434	-58.179288
2765.155544	-59.453585
2767.708358	-60.422684
2770.265890	-61.770183
2772.828153	-62.118408
2775.395160	-62.407664
2777.966924	-62.408365
2780.543459	-61.814728
2783.124778	-61.650704
2785.710894	-61.036578
2788.301821	-60.838399
2790.897572	-60.655470
2793.498160	-60.485337
2796.103599	-60.460823
2798.713903	-59.934670
2801.329085	-59.240867
2803.949159	-58.325580
2806.574139	-57.621868
2809.204038	-57.106806
2811.838871	-56.919173
2814.478650	-57.162829
2817.123391	-57.683977
2819.773107	-58.965128
2822.427812	-60.270323
2825.087521	-61.257361
2827.752247	-61.059897
2830.422005	-60.060553
2833.096808	-58.953007
2835.776672	-58.729444
2838.461611	-58.518761
2841.151638	-59.719736
2843.846769	-60.577092
2846.547019	-62.173168
2849.252401	-62.521354
2851.962930	-63.066866
2854.678621	-63.164563
2857.399489	-63.933977
2860.125549	-65.845908
2862.856815	-68.671727
2865.593302	-75.191623
2868.335026	-84.240790
2871.082002	-75.938516
2873.834244	-73.262287
2876.591767	-74.045644
2879.354588	-73.823753
2882.122721	-69.646476
2884.896181	-66.202673
2887.674984	-64.646991
2890.459146	-64.494528
2893.248681	-66.036494
2896.043606	-67.139624
2898.843937	-66.682172
2901.649687	-65.731746
2904.460875	-66.404676
2907.277515	-68.961429
2910.099623	-71.410387
2912.927215	-67.969179
2915.760308	-65.309868
2918.598916	-65.389643
2921.443057	-67.362159
2924.292747	-66.693273
2927.148002	-63.543710
2930.008837	-62.882883
2932.875270	-65.070343
2935.747318	-67.467067
2938.624995	-64.799608
2941.508320	-63.495047
2944.397308	-65.531654
2947.291977	-68.953755
2950.192343	-67.404432
2953.098423	-66.928743
2956.010234	-69.490678
2958.927792	-76.073210
2961.851116	-74.405931
2964.780221	-77.336640
2967.715126	-86.644986
2970.655847	-77.731058
2973.602402	-72.881287
2976.554808	-73.298305
2979.513083	-71.650539
2982.477243	-69.863983
2985.447308	-69.130550
2988.423293	-70.990554
2991.405218	-72.529940
2994.393099	-71.143700
2997.386955	-74.521924
