# 2022-03-21_14.11.22
# shape = sech2
# FWHM_ps = 0.1
# carrier_nm = 1542
# frep_MHz = 12126
# pow_mW = 8000
# GDD = 0.0
# propa_len = 0.11333333333333334
# untap_len = 0.01
# taper_len = 0.05333333333333333
# waist_len = 0.02
# uptap_len = 0.02
# untap_scale = 1.0
# waist_scale = 0.4
# workingDir = NL_20110305_12 (Spirou)
# axis = slow
# window_ps = 10.0
# steps = 200
# points = 13000
# 
# wavelength [nm]	 power spectral density [dB]
1000.248639	-68.447775
1000.582480	-69.769985
1000.916545	-71.595618
1001.250832	-73.882642
1001.585343	-76.335329
1001.920077	-77.841551
1002.255035	-77.007150
1002.590218	-74.694892
1002.925624	-72.297029
1003.261255	-70.293056
1003.597111	-68.787637
1003.933192	-67.798504
1004.269497	-67.323380
1004.606029	-67.354013
1004.942785	-67.877149
1005.279768	-68.870719
1005.616977	-70.301350
1005.954412	-72.137561
1006.292074	-74.393971
1006.629962	-77.114867
1006.968077	-79.513983
1007.306420	-78.335665
1007.644990	-74.695591
1007.983787	-71.522526
1008.322813	-69.202283
1008.662067	-67.605293
1009.001549	-66.597169
1009.341259	-66.074350
1009.681199	-65.956370
1010.021367	-66.184384
1010.361765	-66.730847
1010.702392	-67.617409
1011.043250	-68.933781
1011.384337	-70.847174
1011.725654	-73.535653
1012.067202	-76.423990
1012.408980	-76.140399
1012.750989	-73.030337
1013.093230	-70.303567
1013.435702	-68.395049
1013.778405	-67.111637
1014.121341	-66.262289
1014.464508	-65.715934
1014.807908	-65.412161
1015.151540	-65.363597
1015.495405	-65.643095
1015.839503	-66.366357
1016.183835	-67.691748
1016.528400	-69.859488
1016.873198	-73.308767
1017.218231	-78.716018
1017.563498	-80.700293
1017.908999	-75.379305
1018.254735	-71.618157
1018.600707	-69.051857
1018.946913	-67.103824
1019.293354	-65.547353
1019.640032	-64.332785
1019.986945	-63.479792
1020.334094	-63.022248
1020.681480	-62.990354
1021.029102	-63.411744
1021.376961	-64.320520
1021.725058	-65.771275
1022.073391	-67.852566
1022.421962	-70.621215
1022.770772	-73.327018
1023.119819	-72.775306
1023.469104	-69.503046
1023.818628	-66.450083
1024.168391	-64.105753
1024.518393	-62.379392
1024.868634	-61.170665
1025.219115	-60.411922
1025.569836	-60.058649
1025.920796	-60.083061
1026.271997	-60.474546
1026.623438	-61.246221
1026.975121	-62.445568
1027.327044	-64.159506
1027.679208	-66.453422
1028.031614	-68.885856
1028.384262	-69.268127
1028.737152	-66.893477
1029.090284	-64.235316
1029.443659	-62.184259
1029.797276	-60.738061
1030.151137	-59.782098
1030.505240	-59.217529
1030.859587	-58.974421
1031.214178	-59.015067
1031.569013	-59.338742
1031.924093	-59.985608
1032.279417	-61.038986
1032.634985	-62.627711
1032.990799	-64.910454
1033.346858	-67.833282
1033.703162	-69.643255
1034.059712	-67.719763
1034.416509	-64.742221
1034.773551	-62.371919
1035.130841	-60.634821
1035.488377	-59.371729
1035.846160	-58.469243
1036.204190	-57.870188
1036.562468	-57.561237
1036.920994	-57.559735
1037.279768	-57.904311
1037.638790	-58.652262
1037.998061	-59.885421
1038.357581	-61.722747
1038.717350	-64.305214
1039.077368	-67.418492
1039.437636	-68.553600
1039.798154	-65.904726
1040.158922	-62.849189
1040.519940	-60.506326
1040.881209	-58.809456
1041.242729	-57.624111
1041.604501	-56.862255
1041.966524	-56.472046
1042.328798	-56.424880
1042.691325	-56.709942
1043.054103	-57.336147
1043.417135	-58.341884
1043.780419	-59.815575
1044.143956	-61.935342
1044.507746	-65.034249
1044.871791	-69.361658
1045.236088	-70.688867
1045.600641	-66.271303
1045.965447	-62.603465
1046.330508	-60.106733
1046.695824	-58.389017
1047.061395	-57.208027
1047.427222	-56.422083
1047.793304	-55.949608
1048.159642	-55.753811
1048.526237	-55.837085
1048.893088	-56.237759
1049.260196	-57.029494
1049.627561	-58.329286
1049.995183	-60.323661
1050.363063	-63.307583
1050.731201	-67.345631
1051.099597	-68.467746
1051.468251	-64.518090
1051.837164	-61.053110
1052.206336	-58.619696
1052.575767	-56.893088
1052.945458	-55.664398
1053.315409	-54.824648
1053.685619	-54.323986
1054.056090	-54.147847
1054.426821	-54.304247
1054.797814	-54.818950
1055.169067	-55.737945
1055.540582	-57.138887
1055.912359	-59.155154
1056.284398	-62.000189
1056.656698	-65.699974
1057.029262	-67.403018
1057.402088	-64.140573
1057.775177	-60.647967
1058.148530	-58.081209
1058.522146	-56.237793
1058.896027	-54.933864
1059.270171	-54.061321
1059.644580	-53.557626
1060.019254	-53.387158
1060.394193	-53.533660
1060.769397	-53.999771
1061.144867	-54.811564
1061.520602	-56.027694
1061.896604	-57.752703
1062.272872	-60.138280
1062.649407	-63.194210
1063.026210	-65.337227
1063.403279	-63.498221
1063.780616	-60.336925
1064.158221	-57.802694
1064.536094	-55.954547
1064.914235	-54.636287
1065.292645	-53.730917
1065.671325	-53.166032
1066.050273	-52.901672
1066.429491	-52.922279
1066.808979	-53.232881
1067.188738	-53.858700
1067.568766	-54.848417
1067.949066	-56.281880
1068.329636	-58.278581
1068.710478	-60.955755
1069.091592	-63.917977
1069.472977	-64.498446
1069.854635	-61.837655
1070.236565	-59.008227
1070.618768	-56.852255
1071.001243	-55.299555
1071.383993	-54.226429
1071.767016	-53.550042
1072.150313	-53.222899
1072.533884	-53.222914
1072.917730	-53.548337
1073.301850	-54.217670
1073.686246	-55.274825
1074.070917	-56.801218
1074.455864	-58.936694
1074.841087	-61.883099
1075.226586	-65.499469
1075.612362	-66.647366
1075.998415	-63.527389
1076.384745	-60.387815
1076.771353	-58.107296
1077.158238	-56.503168
1077.545401	-55.403816
1077.932843	-54.703610
1078.320564	-54.339980
1078.708564	-54.276823
1079.096842	-54.495701
1079.485401	-54.992129
1079.874240	-55.775387
1080.263358	-56.870674
1080.652757	-58.320058
1081.042438	-60.165226
1081.432399	-62.330046
1081.822641	-64.138658
1082.213166	-64.005382
1082.603972	-61.989494
1082.995061	-59.695536
1083.386433	-57.786093
1083.778087	-56.341114
1084.170025	-55.322797
1084.562246	-54.687477
1084.954751	-54.403918
1085.347541	-54.456172
1085.740615	-54.847590
1086.133973	-55.610545
1086.527617	-56.826584
1086.921546	-58.671176
1087.315761	-61.539260
1087.710262	-66.547048
1088.105050	-77.690187
1088.500124	-68.304826
1088.895485	-62.133019
1089.291134	-58.724690
1089.687070	-56.544484
1090.083294	-55.098116
1090.479806	-54.170057
1090.876607	-53.656885
1091.273696	-53.516461
1091.671075	-53.749715
1092.068744	-54.395700
1092.466702	-55.538522
1092.864950	-57.337326
1093.263489	-60.122101
1093.662319	-64.754707
1094.061440	-74.356657
1094.460852	-69.934089
1094.860555	-63.218224
1095.260551	-59.758947
1095.660840	-57.660285
1096.061421	-56.348629
1096.462295	-55.589250
1096.863462	-55.271031
1097.264923	-55.336484
1097.666678	-55.751463
1098.068727	-56.488536
1098.471071	-57.515103
1098.873710	-58.782438
1099.276644	-60.214947
1099.679874	-61.705140
1100.083400	-63.131783
1100.487222	-64.421234
1100.891340	-65.627956
1101.295756	-66.956943
1101.700468	-68.697381
1102.105478	-70.997158
1102.510787	-72.650669
1102.916393	-70.669128
1103.322298	-67.040642
1103.728502	-63.925273
1104.135005	-61.478009
1104.541807	-59.545091
1104.948909	-58.006334
1105.356312	-56.795745
1105.764015	-55.885977
1106.172019	-55.271184
1106.580324	-54.953327
1106.988931	-54.931961
1107.397840	-55.195108
1107.807051	-55.707815
1108.216564	-56.395711
1108.626380	-57.125979
1109.036500	-57.704566
1109.446923	-57.929613
1109.857649	-57.704289
1110.268680	-57.099845
1110.680016	-56.288535
1111.091657	-55.440855
1111.503602	-54.678961
1111.915854	-54.073870
1112.328411	-53.652673
1112.741275	-53.403289
1113.154445	-53.279127
1113.567922	-53.212478
1113.981706	-53.143020
1114.395798	-53.050798
1114.810198	-52.966791
1115.224906	-52.950154
1115.639923	-53.053344
1116.055249	-53.299422
1116.470884	-53.677653
1116.886829	-54.153340
1117.303084	-54.683893
1117.719650	-55.223992
1118.136526	-55.700237
1118.553713	-55.970016
1118.971212	-55.851375
1119.389022	-55.284870
1119.807145	-54.434566
1120.225580	-53.553181
1120.644328	-52.822003
1121.063389	-52.320236
1121.482763	-52.059034
1121.902452	-52.018921
1122.322454	-52.179499
1122.742771	-52.541730
1123.163404	-53.137778
1123.584351	-54.021319
1124.005614	-55.229064
1124.427193	-56.677858
1124.849089	-57.930222
1125.271301	-58.129508
1125.693830	-57.021896
1126.116677	-55.375787
1126.539842	-53.804000
1126.963324	-52.489340
1127.387126	-51.444976
1127.811246	-50.655586
1128.235685	-50.118229
1128.660444	-49.846523
1129.085522	-49.864911
1129.510922	-50.204115
1129.936641	-50.902191
1130.362682	-52.012511
1130.789044	-53.618633
1131.215728	-55.845748
1131.642734	-58.755669
1132.070063	-61.311957
1132.497714	-60.193006
1132.925689	-56.921149
1133.353987	-54.076054
1133.782610	-51.922949
1134.211556	-50.330466
1134.640827	-49.184735
1135.070424	-48.410306
1135.500345	-47.957589
1135.930593	-47.794517
1136.361166	-47.903610
1136.792067	-48.282965
1137.223294	-48.950644
1137.654848	-49.953573
1138.086730	-51.385630
1138.518940	-53.430645
1138.951479	-56.491201
1139.384346	-61.748079
1139.817543	-78.336170
1140.251069	-64.511711
1140.684925	-57.909861
1141.119111	-54.414956
1141.553628	-52.157078
1141.988475	-50.597128
1142.423655	-49.506618
1142.859166	-48.772358
1143.295009	-48.335548
1143.731185	-48.166665
1144.167694	-48.253122
1144.604536	-48.592952
1145.041711	-49.192112
1145.479221	-50.064001
1145.917065	-51.228988
1146.355245	-52.707155
1146.793759	-54.480091
1147.232609	-56.345872
1147.671795	-57.602104
1148.111317	-57.315895
1148.551177	-55.785472
1148.991373	-53.997780
1149.431907	-52.419839
1149.872779	-51.143052
1150.313989	-50.148154
1150.755538	-49.397327
1151.197426	-48.857689
1151.639653	-48.505526
1152.082220	-48.325197
1152.525128	-48.306607
1152.968376	-48.442542
1153.411966	-48.726238
1153.855897	-49.148927
1154.300169	-49.696469
1154.744784	-50.343599
1155.189742	-51.044134
1155.635042	-51.717778
1156.080687	-52.243237
1156.526674	-52.482235
1156.973007	-52.348880
1157.419683	-51.871722
1157.866705	-51.171643
1158.314072	-50.384470
1158.761786	-49.610937
1159.209845	-48.911036
1159.658251	-48.316709
1160.107004	-47.844409
1160.556104	-47.502931
1161.005553	-47.297436
1161.455349	-47.231519
1161.905494	-47.308556
1162.355989	-47.532954
1162.806832	-47.911451
1163.258026	-48.454318
1163.709570	-49.175926
1164.161464	-50.093346
1164.613710	-51.219478
1165.066307	-52.541139
1165.519256	-53.958948
1165.972558	-55.166436
1166.426212	-55.615411
1166.880219	-54.992252
1167.334580	-53.662367
1167.789295	-52.157048
1168.244364	-50.755127
1168.699788	-49.544506
1169.155567	-48.536959
1169.611702	-47.721250
1170.068193	-47.081331
1170.525041	-46.601689
1170.982245	-46.268657
1171.439807	-46.070671
1171.897726	-45.998305
1172.356004	-46.044154
1172.814640	-46.202319
1173.273635	-46.467175
1173.732989	-46.831063
1174.192703	-47.280547
1174.652778	-47.790889
1175.113213	-48.318851
1175.574009	-48.795944
1176.035167	-49.129327
1176.496687	-49.222127
1176.958569	-49.014817
1177.420814	-48.519221
1177.883422	-47.809983
1178.346394	-46.983087
1178.809730	-46.120612
1179.273430	-45.278663
1179.737496	-44.490364
1180.201927	-43.773052
1180.666723	-43.134657
1181.131886	-42.578260
1181.597416	-42.105078
1182.063312	-41.716267
1182.529576	-41.413786
1182.996209	-41.200637
1183.463209	-41.080795
1183.930579	-41.059209
1184.398317	-41.142099
1184.866426	-41.337642
1185.334904	-41.657078
1185.803754	-42.116328
1186.272974	-42.738400
1186.742566	-43.557225
1187.212529	-44.624342
1187.682865	-46.021962
1188.153574	-47.891949
1188.624656	-50.511062
1189.096112	-54.531970
1189.567942	-61.796253
1190.040147	-61.598135
1190.512726	-54.157247
1190.985681	-49.935139
1191.459012	-47.103987
1191.932720	-45.019579
1192.406804	-43.411387
1192.881265	-42.143653
1193.356104	-41.140040
1193.831322	-40.354336
1194.306918	-39.757435
1194.782893	-39.331184
1195.259248	-39.065522
1195.735982	-38.957336
1196.213097	-39.010281
1196.690593	-39.235297
1197.168471	-39.651993
1197.646730	-40.291673
1198.125371	-41.203793
1198.604395	-42.469992
1199.083803	-44.236913
1199.563594	-46.806294
1200.043769	-50.967876
1200.524329	-60.459360
1201.005273	-59.541800
1201.486604	-50.072442
1201.968320	-45.562268
1202.450422	-42.589875
1202.932912	-40.399287
1203.415789	-38.696016
1203.899054	-37.334312
1204.382707	-36.231416
1204.866748	-35.336110
1205.351179	-34.614994
1205.836000	-34.045710
1206.321211	-33.613212
1206.806812	-33.307532
1207.292805	-33.122383
1207.779189	-33.054365
1208.265965	-33.102637
1208.753134	-33.268980
1209.240696	-33.558160
1209.728651	-33.978602
1210.217000	-34.543434
1210.705744	-35.272198
1211.194883	-36.193761
1211.684417	-37.351655
1212.174347	-38.814559
1212.664673	-40.699005
1213.155396	-43.225865
1213.646516	-46.894581
1214.138034	-53.245443
1214.629951	-61.517069
1215.122266	-51.064954
1215.614980	-46.047087
1216.108095	-43.019977
1216.601609	-40.938556
1217.095524	-39.424390
1217.589841	-38.300477
1218.084559	-37.471032
1218.579679	-36.879324
1219.075202	-36.489573
1219.571128	-36.277683
1220.067458	-36.225341
1220.564191	-36.314925
1221.061330	-36.523451
1221.558874	-36.814053
1222.056823	-37.124477
1222.555178	-37.356719
1223.053940	-37.382658
1223.553109	-37.086311
1224.052686	-36.430296
1224.552671	-35.480503
1225.053065	-34.357868
1225.553867	-33.174948
1226.055079	-32.008178
1226.556702	-30.900193
1227.058735	-29.871097
1227.561179	-28.928176
1228.064035	-28.072121
1228.567303	-27.300549
1229.070983	-26.609890
1229.575077	-25.996321
1230.079585	-25.456197
1230.584506	-24.986224
1231.089842	-24.583520
1231.595594	-24.245636
1232.101761	-23.970575
1232.608345	-23.756816
1233.115345	-23.603333
1233.622762	-23.509615
1234.130597	-23.475668
1234.638851	-23.502017
1235.147523	-23.589699
1235.656615	-23.740281
1236.166126	-23.955929
1236.676058	-24.239527
1237.186411	-24.594869
1237.697185	-25.026890
1238.208381	-25.541953
1238.719999	-26.148187
1239.232040	-26.855917
1239.744505	-27.678189
1240.257394	-28.631288
1240.770708	-29.734901
1241.284446	-31.010578
1241.798610	-32.474402
1242.313201	-34.111181
1242.828218	-35.797641
1243.343662	-37.145481
1243.859534	-37.506608
1244.375834	-36.667396
1244.892563	-35.182049
1245.409721	-33.602636
1245.927309	-32.159430
1246.445327	-30.905547
1246.963777	-29.834687
1247.482657	-28.926133
1248.001970	-28.158645
1248.521716	-27.514020
1249.041894	-26.977521
1249.562506	-26.537448
1250.083553	-26.184568
1250.605034	-25.911608
1251.126950	-25.712859
1251.649302	-25.583878
1252.172091	-25.521269
1252.695316	-25.522549
1253.218979	-25.586066
1253.743079	-25.710965
1254.267619	-25.897175
1254.792597	-26.145426
1255.318015	-26.457282
1255.843874	-26.835217
1256.370173	-27.282746
1256.896913	-27.804631
1257.424095	-28.407198
1257.951720	-29.098795
1258.479787	-29.890440
1259.008298	-30.796731
1259.537254	-31.837105
1260.066654	-33.037474
1260.596499	-34.432003
1261.126790	-36.063325
1261.657527	-37.973090
1262.188711	-40.147875
1262.720342	-42.298847
1263.252422	-43.426864
1263.784950	-42.603320
1264.317928	-40.675903
1264.851355	-38.686184
1265.385232	-36.952271
1265.919560	-35.494118
1266.454340	-34.270013
1266.989572	-33.235864
1267.525256	-32.355799
1268.061394	-31.602128
1268.597985	-30.953545
1269.135031	-30.393431
1269.672531	-29.908586
1270.210487	-29.488298
1270.748899	-29.123680
1271.287768	-28.807181
1271.827094	-28.532214
1272.366877	-28.292869
1272.907119	-28.083700
1273.447820	-27.899567
1273.988981	-27.735533
1274.530601	-27.586799
1275.072683	-27.448682
1275.615226	-27.316625
1276.158230	-27.186233
1276.701697	-27.053348
1277.245627	-26.914137
1277.790021	-26.765204
1278.334879	-26.603698
1278.880202	-26.427423
1279.425991	-26.234917
1279.972245	-26.025495
1280.518966	-25.799248
1281.066155	-25.556984
1281.613811	-25.300137
1282.161936	-25.030635
1282.710529	-24.750754
1283.259593	-24.462978
1283.809126	-24.169863
1284.359131	-23.873927
1284.909607	-23.577567
1285.460555	-23.283004
1286.011976	-22.992242
1286.563870	-22.707054
1287.116237	-22.428980
1287.669080	-22.159330
1288.222397	-21.899206
1288.776191	-21.649518
1289.330460	-21.411014
1289.885207	-21.184301
1290.440431	-20.969863
1290.996133	-20.768076
1291.552314	-20.579221
1292.108975	-20.403490
1292.666115	-20.241004
1293.223737	-20.091828
1293.781839	-19.955986
1294.340424	-19.833474
1294.899491	-19.724271
1295.459041	-19.628334
1296.019075	-19.545605
1296.579593	-19.476002
1297.140597	-19.419421
1297.702086	-19.375741
1298.264061	-19.344826
1298.826524	-19.326527
1299.389474	-19.320682
1299.952912	-19.327108
1300.516839	-19.345602
1301.081255	-19.375930
1301.646162	-19.417826
1302.211559	-19.470992
1302.777448	-19.535089
1303.343829	-19.609729
1303.910702	-19.694466
1304.478069	-19.788780
1305.045930	-19.892063
1305.614285	-20.003615
1306.183136	-20.122632
1306.752483	-20.248199
1307.322326	-20.379282
1307.892666	-20.514709
1308.463504	-20.653152
1309.034841	-20.793109
1309.606677	-20.932883
1310.179012	-21.070582
1310.751849	-21.204122
1311.325186	-21.331240
1311.899025	-21.449529
1312.473366	-21.556477
1313.048211	-21.649520
1313.623559	-21.726117
1314.199412	-21.783833
1314.775770	-21.820437
1315.352634	-21.834009
1315.930004	-21.823042
1316.507881	-21.786528
1317.086266	-21.724017
1317.665159	-21.635641
1318.244562	-21.522097
1318.824474	-21.384597
1319.404897	-21.224787
1319.985831	-21.044649
1320.567276	-20.846399
1321.149234	-20.632384
1321.731706	-20.404994
1322.314691	-20.166587
1322.898190	-19.919427
1323.482205	-19.665644
1324.066736	-19.407198
1324.651783	-19.145862
1325.237347	-18.883211
1325.823430	-18.620622
1326.410031	-18.359283
1326.997151	-18.100200
1327.584791	-17.844219
1328.172952	-17.592039
1328.761634	-17.344232
1329.350839	-17.101257
1329.940566	-16.863476
1330.530817	-16.631166
1331.121592	-16.404525
1331.712891	-16.183687
1332.304716	-15.968724
1332.897068	-15.759656
1333.489946	-15.556462
1334.083352	-15.359079
1334.677287	-15.167419
1335.271750	-14.981368
1335.866744	-14.800794
1336.462268	-14.625552
1337.058323	-14.455480
1337.654910	-14.290408
1338.252029	-14.130155
1338.849682	-13.974532
1339.447869	-13.823342
1340.046591	-13.676389
1340.645848	-13.533476
1341.245641	-13.394411
1341.845972	-13.259010
1342.446840	-13.127101
1343.048246	-12.998518
1343.650191	-12.873108
1344.252677	-12.750726
1344.855702	-12.631236
1345.459269	-12.514513
1346.063379	-12.400440
1346.668030	-12.288917
1347.273226	-12.179855
1347.878965	-12.073180
1348.485250	-11.968831
1349.092080	-11.866756
1349.699456	-11.766912
1350.307380	-11.669264
1350.915851	-11.573782
1351.524871	-11.480439
1352.134441	-11.389213
1352.744560	-11.300084
1353.355231	-11.213033
1353.966453	-11.128041
1354.578227	-11.045086
1355.190555	-10.964145
1355.803436	-10.885194
1356.416872	-10.808205
1357.030863	-10.733144
1357.645411	-10.659974
1358.260515	-10.588648
1358.876177	-10.519114
1359.492397	-10.451309
1360.109176	-10.385161
1360.726516	-10.320591
1361.344416	-10.257516
1361.962877	-10.195844
1362.581901	-10.135486
1363.201487	-10.076347
1363.821637	-10.018333
1364.442352	-9.961349
1365.063632	-9.905294
1365.685478	-9.850069
1366.307891	-9.795569
1366.930871	-9.741688
1367.554420	-9.688322
1368.178538	-9.635368
1368.803226	-9.582731
1369.428485	-9.530323
1370.054315	-9.478064
1370.680717	-9.425880
1371.307693	-9.373706
1371.935242	-9.321486
1372.563366	-9.269175
1373.192065	-9.216739
1373.821341	-9.164161
1374.451193	-9.111440
1375.081623	-9.058587
1375.712632	-9.005627
1376.344221	-8.952594
1376.976389	-8.899528
1377.609139	-8.846471
1378.242470	-8.793466
1378.876384	-8.740554
1379.510881	-8.687780
1380.145963	-8.635188
1380.781629	-8.582827
1381.417881	-8.530753
1382.054720	-8.479025
1382.692147	-8.427708
1383.330161	-8.376866
1383.968765	-8.326558
1384.607959	-8.276842
1385.247743	-8.227770
1385.888119	-8.179389
1386.529087	-8.131748
1387.170648	-8.084896
1387.812804	-8.038881
1388.455554	-7.993750
1389.098899	-7.949548
1389.742842	-7.906305
1390.387381	-7.864040
1391.032519	-7.822754
1391.678256	-7.782426
1392.324592	-7.743020
1392.971529	-7.704487
1393.619068	-7.666773
1394.267208	-7.629822
1394.915952	-7.593579
1395.565300	-7.557995
1396.215253	-7.523019
1396.865812	-7.488596
1397.516977	-7.454665
1398.168749	-7.421155
1398.821130	-7.387982
1399.474120	-7.355060
1400.127719	-7.322301
1400.781930	-7.289620
1401.436752	-7.256952
1402.092186	-7.224244
1402.748234	-7.191464
1403.404897	-7.158593
1404.062174	-7.125622
1404.720067	-7.092540
1405.378577	-7.059334
1406.037705	-7.025982
1406.697451	-6.992456
1407.357817	-6.958726
1408.018803	-6.924768
1408.680410	-6.890569
1409.342639	-6.856136
1410.005492	-6.821500
1410.668968	-6.786711
1411.333068	-6.751838
1411.997795	-6.716954
1412.663147	-6.682128
1413.329127	-6.647419
1413.995736	-6.612871
1414.662973	-6.578509
1415.330840	-6.544348
1415.999339	-6.510399
1416.668469	-6.476680
1417.338232	-6.443226
1418.008628	-6.410095
1418.679659	-6.377369
1419.351325	-6.345154
1420.023628	-6.313561
1420.696568	-6.282704
1421.370145	-6.252676
1422.044362	-6.223547
1422.719219	-6.195349
1423.394717	-6.168082
1424.070856	-6.141719
1424.747638	-6.116218
1425.425064	-6.091541
1426.103134	-6.067670
1426.781850	-6.044620
1427.461212	-6.022449
1428.141221	-6.001254
1428.821878	-5.981168
1429.503185	-5.962336
1430.185141	-5.944903
1430.867749	-5.928986
1431.551008	-5.914662
1432.234920	-5.901952
1432.919486	-5.890826
1433.604707	-5.881205
1434.290583	-5.872981
1434.977116	-5.866043
1435.664307	-5.860301
1436.352156	-5.855713
1437.040664	-5.852305
1437.729833	-5.850180
1438.419663	-5.849512
1439.110156	-5.850538
1439.801312	-5.853525
1440.493132	-5.858739
1441.185617	-5.866412
1441.878768	-5.876706
1442.572586	-5.889690
1443.267072	-5.905324
1443.962228	-5.923458
1444.658053	-5.943852
1445.354549	-5.966193
1446.051717	-5.990142
1446.749558	-6.015374
1447.448073	-6.041623
1448.147263	-6.068719
1448.847128	-6.096620
1449.547671	-6.125418
1450.248891	-6.155339
1450.950789	-6.186719
1451.653368	-6.219968
1452.356627	-6.255521
1453.060568	-6.293791
1453.765192	-6.335118
1454.470500	-6.379728
1455.176492	-6.427706
1455.883170	-6.478982
1456.590534	-6.533339
1457.298586	-6.590436
1458.007327	-6.649851
1458.716758	-6.711135
1459.426880	-6.773872
1460.137693	-6.837741
1460.849199	-6.902573
1461.561398	-6.968390
1462.274293	-7.035429
1462.987883	-7.104146
1463.702170	-7.175192
1464.417155	-7.249372
1465.132838	-7.327588
1465.849222	-7.410760
1466.566306	-7.499761
1467.284093	-7.595334
1468.002582	-7.698029
1468.721775	-7.808147
1469.441674	-7.925706
1470.162278	-8.050412
1470.883590	-8.181674
1471.605609	-8.318621
1472.328338	-8.460161
1473.051777	-8.605051
1473.775928	-8.752002
1474.500790	-8.899787
1475.226367	-9.047362
1475.952657	-9.193988
1476.679663	-9.339326
1477.407386	-9.483512
1478.135826	-9.627193
1478.864985	-9.771522
1479.594863	-9.918107
1480.325463	-10.068938
1481.056784	-10.226273
1481.788828	-10.392524
1482.521597	-10.570126
1483.255090	-10.761424
1483.989309	-10.968556
1484.724256	-11.193354
1485.459931	-11.437253
1486.196336	-11.701208
1486.933471	-11.985612
1487.671337	-12.290216
1488.409937	-12.614051
1489.149270	-12.955357
1489.889337	-13.311513
1490.630141	-13.679003
1491.371682	-14.053409
1492.113961	-14.429488
1492.856979	-14.801337
1493.600738	-15.162673
1494.345238	-15.507226
1495.090481	-15.829219
1495.836467	-16.123870
1496.583198	-16.387825
1497.330675	-16.619414
1498.078899	-16.818668
1498.827872	-16.987083
1499.577593	-17.127177
1500.328065	-17.241933
1501.079289	-17.334255
1501.831265	-17.406521
1502.583995	-17.460302
1503.337480	-17.496269
1504.091721	-17.514304
1504.846719	-17.513770
1505.602475	-17.493910
1506.358991	-17.454297
1507.116268	-17.395254
1507.874306	-17.318181
1508.633108	-17.225702
1509.392673	-17.121640
1510.153004	-17.010797
1510.914101	-16.898614
1511.675965	-16.790742
1512.438599	-16.692590
1513.202002	-16.608877
1513.966176	-16.543176
1514.731122	-16.497447
1515.496842	-16.471515
1516.263336	-16.462468
1517.030607	-16.463969
1517.798654	-16.465580
1518.567479	-16.452303
1519.337083	-16.404752
1520.107468	-16.300521
1520.878634	-16.117159
1521.650584	-15.836567
1522.423317	-15.449559
1523.196836	-14.958606
1523.971141	-14.377357
1524.746233	-13.727203
1525.522115	-13.032642
1526.298786	-12.317298
1527.076249	-11.601529
1527.854504	-10.901560
1528.633553	-10.229635
1529.413397	-9.594643
1530.194037	-9.002881
1530.975474	-8.458739
1531.757709	-7.965272
1532.540745	-7.524631
1533.324581	-7.138375
1534.109220	-6.807696
1534.894662	-6.533569
1535.680909	-6.316846
1536.467961	-6.158313
1537.255821	-6.058715
1538.044489	-6.018750
1538.833967	-6.039039
1539.624256	-6.120066
1540.415357	-6.262088
1541.207271	-6.465000
1542.000000	-6.728139
1542.793545	-7.050014
1543.587907	-7.427920
1544.383087	-7.857425
1545.179088	-8.331699
1545.975909	-8.840691
1546.773552	-9.370280
1547.572019	-9.901622
1548.371311	-10.411207
1549.171428	-10.872295
1549.972373	-11.258276
1550.774147	-11.547729
1551.576751	-11.729630
1552.380185	-11.806281
1553.184453	-11.792348
1553.989554	-11.710557
1554.795490	-11.586305
1555.602263	-11.443341
1556.409873	-11.301383
1557.218322	-11.175466
1558.027612	-11.076307
1558.837743	-11.011113
1559.648717	-10.984449
1560.460536	-10.998988
1561.273200	-11.056114
1562.086710	-11.156362
1562.901069	-11.299731
1563.716278	-11.485914
1564.532337	-11.714445
1565.349249	-11.984800
1566.167014	-12.296470
1566.985634	-12.648997
1567.805111	-13.041996
1568.625444	-13.475161
1569.446637	-13.948257
1570.268690	-14.461099
1571.091605	-15.013522
1571.915382	-15.605344
1572.740024	-16.236299
1573.565532	-16.905957
1574.391907	-17.613613
1575.219150	-18.358127
1576.047262	-19.137709
1576.876246	-19.949633
1577.706103	-20.789842
1578.536833	-21.652428
1579.368439	-22.528967
1580.200922	-23.407739
1581.034282	-24.272912
1581.868522	-25.103961
1582.703643	-25.875763
1583.539646	-26.559983
1584.376532	-27.128264
1585.214304	-27.557016
1586.052962	-27.832456
1586.892508	-27.953736
1587.732943	-27.932603
1588.574269	-27.789883
1589.416487	-27.550683
1590.259599	-27.240277
1591.103605	-26.881584
1591.948508	-26.494166
1592.794309	-26.094175
1593.641009	-25.694741
1594.488609	-25.306467
1595.337112	-24.937858
1596.186518	-24.595665
1597.036829	-24.285123
1597.888047	-24.010105
1598.740172	-23.773216
1599.593207	-23.575839
1600.447153	-23.418154
1601.302010	-23.299110
1602.157782	-23.216372
1603.014469	-23.166272
1603.872072	-23.143775
1604.730593	-23.142528
1605.590034	-23.155024
1606.450397	-23.172952
1607.311681	-23.187738
1608.173890	-23.191282
1609.037024	-23.176801
1609.901085	-23.139619
1610.766075	-23.077726
1611.631995	-22.991963
1612.498846	-22.885765
1613.366630	-22.764557
1614.235349	-22.634968
1615.105004	-22.504042
1615.975596	-22.378607
1616.847128	-22.264843
1617.719600	-22.168064
1618.593014	-22.092650
1619.467372	-22.042087
1620.342675	-22.019037
1621.218924	-22.025428
1622.096122	-22.062521
1622.974270	-22.130941
1623.853369	-22.230671
1624.733420	-22.361020
1625.614427	-22.520573
1626.496389	-22.707154
1627.379308	-22.917828
1628.263187	-23.148969
1629.148026	-23.396401
1630.033828	-23.655649
1630.920593	-23.922263
1631.808324	-24.192216
1632.697022	-24.462315
1633.586688	-24.730560
1634.477324	-24.996383
1635.368932	-25.260728
1636.261514	-25.525963
1637.155070	-25.795657
1638.049602	-26.074277
1638.945113	-26.366840
1639.841603	-26.678576
1640.739075	-27.014579
1641.637529	-27.379482
1642.536968	-27.777119
1643.437393	-28.210176
1644.338806	-28.679821
1645.241209	-29.185321
1646.144602	-29.723680
1647.048988	-30.289365
1647.954368	-30.874239
1648.860744	-31.467827
1649.768118	-32.058028
1650.676491	-32.632284
1651.585865	-33.179008
1652.496241	-33.688873
1653.407621	-34.155449
1654.320008	-34.574797
1655.233401	-34.944043
1656.147804	-35.259413
1657.063218	-35.514555
1657.979645	-35.700015
1658.897085	-35.804491
1659.815542	-35.817899
1660.735016	-35.735311
1661.655509	-35.560088
1662.577023	-35.304573
1663.499560	-34.987994
1664.423121	-34.632675
1665.347709	-34.260213
1666.273324	-33.888791
1667.199969	-33.531905
1668.127645	-33.198222
1669.056353	-32.892125
1669.986097	-32.614567
1670.916877	-32.364041
1671.848695	-32.137527
1672.781553	-31.931367
1673.715452	-31.742007
1674.650395	-31.566563
1675.586383	-31.403177
1676.523418	-31.251134
1677.461501	-31.110748
1678.400635	-30.983081
1679.340821	-30.869565
1680.282061	-30.771593
1681.224357	-30.690184
1682.167710	-30.625737
1683.112122	-30.577929
1684.057595	-30.545751
1685.004132	-30.527654
1685.951732	-30.521791
1686.900400	-30.526294
1687.850135	-30.539519
1688.800940	-30.560239
1689.752818	-30.587740
1690.705768	-30.621795
1691.659795	-30.662541
1692.614898	-30.710286
1693.571081	-30.765294
1694.528345	-30.827602
1695.486691	-30.896919
1696.446122	-30.972617
1697.406640	-31.053790
1698.368245	-31.139396
1699.330941	-31.228417
1700.294729	-31.320020
1701.259611	-31.413653
1702.225588	-31.509064
1703.192664	-31.606231
1704.160838	-31.705229
1705.130114	-31.806081
1706.100493	-31.908626
1707.071977	-32.012444
1708.044568	-32.116859
1709.018268	-32.221026
1709.993079	-32.324071
1710.969003	-32.425245
1711.946041	-32.524046
1712.924196	-32.620273
1713.903469	-32.713992
1714.883862	-32.805437
1715.865378	-32.894861
1716.848017	-32.982399
1717.831783	-33.067977
1718.816677	-33.151309
1719.802701	-33.231965
1720.789857	-33.309487
1721.778147	-33.383513
1722.767573	-33.453881
1723.758136	-33.520669
1724.749840	-33.584157
1725.742685	-33.644723
1726.736673	-33.702728
1727.731808	-33.758410
1728.728090	-33.811840
1729.725521	-33.862927
1730.724105	-33.911475
1731.723842	-33.957276
1732.724735	-34.000209
1733.726785	-34.040287
1734.729995	-34.077652
1735.734366	-34.112514
1736.739902	-34.145071
1737.746603	-34.175445
1738.754472	-34.203634
1739.763510	-34.229527
1740.773721	-34.252965
1741.785105	-34.273828
1742.797665	-34.292112
1743.811403	-34.307965
1744.826321	-34.321687
1745.842422	-34.333670
1746.859706	-34.344334
1747.878177	-34.354061
1748.897835	-34.363148
1749.918685	-34.371806
1750.940726	-34.380178
1751.963963	-34.388377
1752.988395	-34.396513
1754.014027	-34.404706
1755.040860	-34.413074
1756.068895	-34.421713
1757.098135	-34.430672
1758.128583	-34.439930
1759.160240	-34.449403
1760.193109	-34.458966
1761.227191	-34.468487
1762.262488	-34.477851
1763.299004	-34.486977
1764.336740	-34.495815
1765.375697	-34.504332
1766.415880	-34.512487
1767.457288	-34.520214
1768.499926	-34.527442
1769.543794	-34.534102
1770.588895	-34.540147
1771.635231	-34.545559
1772.682805	-34.550355
1773.731619	-34.554569
1774.781674	-34.558226
1775.832973	-34.561335
1776.885519	-34.563890
1777.939312	-34.565889
1778.994357	-34.567340
1780.050654	-34.568272
1781.108207	-34.568746
1782.167017	-34.568848
1783.227087	-34.568662
1784.288418	-34.568261
1785.351013	-34.567701
1786.414875	-34.567018
1787.480006	-34.566231
1788.546407	-34.565353
1789.614082	-34.564396
1790.683032	-34.563365
1791.753259	-34.562252
1792.824767	-34.561021
1793.897557	-34.559611
1794.971632	-34.557936
1796.046994	-34.555899
1797.123645	-34.553400
1798.201588	-34.550349
1799.280824	-34.546671
1800.361357	-34.542305
1801.443188	-34.537209
1802.526320	-34.531362
1803.610756	-34.524768
1804.696497	-34.517474
1805.783546	-34.509586
1806.871906	-34.501282
1807.961578	-34.492810
1809.052565	-34.484481
1810.144870	-34.476668
1811.238494	-34.469811
1812.333441	-34.464420
1813.429713	-34.461070
1814.527311	-34.460393
1815.626239	-34.463079
1816.726499	-34.469860
1817.828094	-34.481506
1818.931025	-34.498815
1820.035295	-34.522600
1821.140906	-34.553686
1822.247862	-34.592903
1823.356165	-34.641076
1824.465816	-34.699021
1825.576819	-34.767537
1826.689175	-34.847395
1827.802888	-34.939336
1828.917960	-35.044067
1830.034394	-35.162263
1831.152191	-35.294550
1832.271354	-35.441496
1833.391887	-35.603601
1834.513790	-35.781281
1835.637068	-35.974850
1836.761722	-36.184512
1837.887755	-36.410335
1839.015169	-36.652224
1840.143968	-36.909877
1841.274153	-37.182750
1842.405727	-37.469998
1843.538693	-37.770411
1844.673053	-38.082350
1845.808810	-38.403673
1846.945966	-38.731654
1848.084525	-39.062914
1849.224488	-39.393356
1850.365858	-39.718151
1851.508638	-40.031783
1852.652831	-40.328173
1853.798438	-40.600879
1854.945463	-40.843412
1856.093909	-41.049650
1857.243777	-41.214275
1858.395071	-41.333198
1859.547794	-41.403865
1860.701947	-41.425392
1861.857533	-41.398507
1863.014556	-41.325328
1864.173018	-41.208995
1865.332922	-41.053275
1866.494270	-40.862207
1867.657065	-40.639822
1868.821309	-40.389968
1869.987006	-40.116218
1871.154158	-39.821843
1872.322768	-39.509833
1873.492839	-39.182932
1874.664373	-38.843661
1875.837373	-38.494327
1877.011841	-38.137002
1878.187782	-37.773493
1879.365197	-37.405284
1880.544089	-37.033479
1881.724460	-36.658728
1882.906315	-36.281170
1884.089655	-35.900383
1885.274483	-35.515355
1886.460803	-35.124479
1887.648616	-34.725595
1888.837927	-34.316075
1890.028736	-33.892965
1891.221049	-33.453163
1892.414866	-32.993668
1893.610192	-32.511841
1894.807028	-32.005676
1896.005379	-31.474028
1897.205246	-30.916760
1898.406633	-30.334806
1899.609542	-29.730125
1900.813977	-29.105553
1902.019940	-28.464591
1903.227434	-27.811165
1904.436462	-27.149380
1905.647028	-26.483316
1906.859133	-25.816860
1908.072781	-25.153589
1909.287976	-24.496708
1910.504719	-23.849014
1911.723013	-23.212905
1912.942863	-22.590398
1914.164270	-21.983163
1915.387238	-21.392565
1916.611770	-20.819703
1917.837868	-20.265450
1919.065536	-19.730486
1920.294777	-19.215336
1921.525594	-18.720393
1922.757989	-18.245943
1923.991967	-17.792188
1925.227529	-17.359260
1926.464679	-16.947235
1927.703420	-16.556148
1928.943755	-16.185996
1930.185688	-15.836747
1931.429221	-15.508347
1932.674356	-15.200719
1933.921099	-14.913769
1935.169451	-14.647387
1936.419415	-14.401444
1937.670996	-14.175796
1938.924195	-13.970279
1940.179017	-13.784709
1941.435463	-13.618878
1942.693538	-13.472556
1943.953245	-13.345480
1945.214586	-13.237357
1946.477566	-13.147859
1947.742186	-13.076617
1949.008451	-13.023221
1950.276363	-12.987213
1951.545926	-12.968088
1952.817143	-12.965289
1954.090017	-12.978211
1955.364551	-13.006202
1956.640749	-13.048562
1957.918615	-13.104559
1959.198150	-13.173429
1960.479359	-13.254394
1961.762244	-13.346679
1963.046810	-13.449529
1964.333059	-13.562236
1965.620995	-13.684159
1966.910621	-13.814760
1968.201940	-13.953621
1969.494956	-14.100472
1970.789672	-14.255207
1972.086091	-14.417891
1973.384217	-14.588757
1974.684053	-14.768180
1975.985602	-14.956631
1977.288869	-15.154596
1978.593855	-15.362455
1979.900566	-15.580311
1981.209003	-15.807746
1982.519171	-16.043502
1983.831073	-16.285061
1985.144712	-16.528117
1986.460093	-16.765973
1987.777217	-16.988923
1989.096089	-17.183819
1990.416713	-17.334093
1991.739092	-17.420689
1993.063228	-17.424222
1994.389127	-17.328324
1995.716791	-17.123382
1997.046223	-16.809256
1998.377428	-16.395693
1999.710409	-15.900228
2001.045169	-15.344601
2002.381713	-14.751166
2003.720043	-14.140330
2005.060163	-13.529261
2006.402077	-12.931616
2007.745788	-12.357865
2009.091301	-11.815850
2010.438618	-11.311391
2011.787743	-10.848808
2013.138680	-10.431344
2014.491433	-10.061483
2015.846005	-9.741160
2017.202399	-9.471899
2018.560621	-9.254865
2019.920673	-9.090843
2021.282558	-8.980132
2022.646281	-8.922332
2024.011846	-8.915996
2025.379256	-8.958099
2026.748515	-9.043283
2028.119626	-9.162848
2029.492594	-9.303541
2030.867422	-9.446384
2032.244114	-9.566112
2033.622673	-9.632207
2035.003104	-9.612619
2036.385411	-9.480397
2037.769597	-9.221354
2039.155665	-8.838969
2040.543621	-8.353500
2041.933467	-7.795894
2043.325208	-7.200107
2044.718847	-6.597246
2046.114389	-6.012735
2047.511837	-5.465883
2048.911195	-4.970746
2050.312467	-4.537393
2051.715657	-4.173119
2053.120769	-3.883455
2054.527807	-3.672940
2055.936775	-3.545705
2057.347677	-3.505926
2058.760516	-3.558199
2060.175297	-3.707882
2061.592025	-3.961460
2063.010701	-4.326952
2064.431332	-4.814444
2065.853921	-5.436798
2067.278472	-6.210646
2068.704988	-7.157789
2070.133475	-8.307156
2071.563936	-9.697262
2072.996375	-11.378057
2074.430796	-13.405594
2075.867204	-15.797586
2077.305603	-18.317879
2078.745996	-19.922499
2080.188389	-19.419282
2081.632784	-17.727611
2083.079187	-16.068188
2084.527601	-14.783847
2085.978030	-13.884658
2087.430480	-13.321424
2088.884954	-13.044762
2090.341455	-13.010879
2091.799990	-13.175324
2093.260561	-13.482825
2094.723173	-13.855947
2096.187831	-14.189531
2097.654538	-14.366114
2099.123300	-14.302193
2100.594119	-13.997082
2102.067001	-13.531850
2103.541950	-13.019159
2105.018971	-12.556682
2106.498067	-12.211016
2107.979243	-12.021474
2109.462503	-12.008222
2110.947853	-12.177530
2112.435295	-12.522025
2113.924836	-13.015044
2115.416478	-13.598731
2116.910227	-14.170322
2118.406087	-14.585632
2119.904063	-14.710871
2121.404158	-14.510629
2122.906378	-14.078414
2124.410727	-13.568366
2125.917210	-13.115442
2127.425831	-12.807561
2128.936594	-12.692707
2130.449505	-12.791632
2131.964567	-13.103656
2133.481786	-13.602159
2135.001166	-14.218541
2136.522711	-14.820206
2138.046427	-15.214150
2139.572317	-15.232068
2141.100388	-14.864082
2142.630642	-14.269604
2144.163085	-13.648551
2145.697722	-13.144910
2147.234558	-12.835618
2148.773596	-12.750713
2150.314842	-12.888346
2151.858301	-13.216791
2153.403977	-13.665492
2154.951875	-14.114824
2156.502000	-14.411024
2158.054357	-14.435641
2159.608950	-14.191487
2161.165785	-13.802161
2162.724866	-13.425417
2164.286198	-13.183005
2165.849786	-13.143879
2167.415635	-13.330162
2168.983749	-13.718118
2170.554134	-14.225366
2172.126795	-14.695958
2173.701737	-14.930011
2175.278964	-14.803343
2176.858481	-14.379550
2178.440294	-13.854429
2180.024408	-13.417244
2181.610827	-13.186525
2183.199557	-13.214105
2184.790602	-13.498158
2186.383968	-13.978913
2187.979660	-14.518677
2189.577683	-14.903545
2191.178041	-14.941092
2192.780741	-14.623410
2194.385787	-14.138267
2195.993185	-13.710095
2197.602939	-13.489523
2199.215054	-13.536101
