# 2022-03-22_10.05.51
# shape = sech2
# FWHM_ps = 0.11
# carrier_nm = 1542
# frep_MHz = 12126
# pow_mW = 8000
# GDD = 0.0
# propa_len = 0.11866666666666668
# untap_len = 0.01
# taper_len = 0.05866666666666667
# waist_len = 0.02
# uptap_len = 0.02
# untap_scale = 1.0
# waist_scale = 0.3210526315789474
# workingDir = NL_20110305_12 (Spirou)
# axis = slow
# window_ps = 10.0
# steps = 200
# points = 21700
# 
# wavelength [nm]	 power spectral density [dB]
600.043425	-94.692104
600.163550	-95.069514
600.283723	-95.607101
600.403943	-96.117050
600.524212	-96.196346
600.644529	-95.479307
600.764895	-94.085525
600.885308	-92.456713
601.005770	-90.917426
601.126280	-89.601372
601.246839	-88.539918
601.367446	-87.724451
601.488101	-87.132444
601.608804	-86.736049
601.729557	-86.503905
601.850357	-86.400739
601.971206	-86.387139
602.092104	-86.421266
602.213050	-86.463711
602.334045	-86.485089
602.455089	-86.473320
602.576181	-86.436277
602.697322	-86.397861
602.818511	-86.389801
602.939749	-86.443404
603.061036	-86.583895
603.182372	-86.827390
603.303757	-87.179091
603.425191	-87.631177
603.546673	-88.159468
603.668204	-88.719203
603.789785	-89.242824
603.911414	-89.646334
604.033092	-89.850699
604.154820	-89.812702
604.276596	-89.542438
604.398422	-89.091078
604.520297	-88.522120
604.642220	-87.889983
604.764193	-87.233737
604.886216	-86.579959
605.008287	-85.947522
605.130408	-85.350973
605.252578	-84.802023
605.374798	-84.309785
605.497066	-83.880513
605.619385	-83.517333
605.741752	-83.220202
605.864169	-82.986154
605.986636	-82.809826
606.109152	-82.684302
606.231718	-82.602227
606.354333	-82.557083
606.476998	-82.544450
606.599712	-82.562962
606.722476	-82.614720
606.845290	-82.705063
606.968154	-82.841749
607.091067	-83.033770
607.214030	-83.290031
607.337043	-83.618091
607.460106	-84.023020
607.583219	-84.506313
607.706381	-85.064829
607.829594	-85.689776
607.952856	-86.365964
608.076169	-87.071830
608.199531	-87.780991
608.322944	-88.465852
608.446407	-89.102755
608.569920	-89.676444
608.693483	-90.180740
608.817096	-90.613773
608.940759	-90.969484
609.064473	-91.229997
609.188237	-91.364476
609.312051	-91.338541
609.435916	-91.132222
609.559831	-90.755402
609.683796	-90.248305
609.807812	-89.667090
609.931878	-89.066452
610.055995	-88.489031
610.180162	-87.962766
610.304380	-87.502630
610.428648	-87.113563
610.552967	-86.792999
610.677337	-86.532588
610.801757	-86.319294
610.926228	-86.136197
611.050750	-85.963514
611.175323	-85.780270
611.299946	-85.566825
611.424620	-85.308012
611.549345	-84.996012
611.674121	-84.631812
611.798948	-84.224574
611.923826	-83.789159
612.048755	-83.342880
612.173734	-82.902570
612.298765	-82.482628
612.423847	-82.094090
612.548980	-81.744479
612.674165	-81.438097
612.799400	-81.176535
612.924687	-80.959227
613.050025	-80.783997
613.175414	-80.647562
613.300854	-80.545988
613.426346	-80.475113
613.551889	-80.430907
613.677484	-80.409767
613.803130	-80.408742
613.928827	-80.425665
614.054576	-80.459196
614.180377	-80.508794
614.306229	-80.574616
614.432132	-80.657378
614.558087	-80.758197
614.684094	-80.878401
614.810153	-81.019328
614.936263	-81.182112
615.062425	-81.367452
615.188639	-81.575343
615.314904	-81.804803
615.441222	-82.053602
615.567591	-82.317998
615.694012	-82.592559
615.820486	-82.870102
615.947011	-83.141849
616.073588	-83.397881
616.200217	-83.627922
616.326898	-83.822454
616.453632	-83.974000
616.580417	-84.078317
616.707255	-84.135191
616.834144	-84.148599
616.961086	-84.126197
617.088081	-84.078299
617.215127	-84.016611
617.342226	-83.952986
617.469378	-83.898380
617.596581	-83.862061
617.723837	-83.851035
617.851146	-83.869668
617.978507	-83.919445
618.105920	-83.998867
618.233386	-84.103549
618.360905	-84.226630
618.488476	-84.359598
618.616100	-84.493589
618.743777	-84.621066
618.871506	-84.737580
618.999288	-84.843123
619.127123	-84.942624
619.255011	-85.045430
619.382951	-85.163968
619.510945	-85.312033
619.638991	-85.503168
619.767090	-85.749400
619.895243	-86.060383
620.023448	-86.442813
620.151706	-86.899978
620.280017	-87.431251
620.408382	-88.031385
620.536799	-88.689575
620.665270	-89.388388
620.793794	-90.102932
620.922371	-90.801026
621.051002	-91.445418
621.179686	-91.998779
621.308423	-92.430843
621.437213	-92.725010
621.566057	-92.880938
621.694954	-92.911849
621.823905	-92.838691
621.952909	-92.684472
622.081967	-92.470895
622.211079	-92.217244
622.340244	-91.940507
622.469462	-91.655858
622.598735	-91.376980
622.728061	-91.116201
622.857441	-90.884552
622.986874	-90.691797
623.116361	-90.546485
623.245903	-90.456028
623.375498	-90.426737
623.505147	-90.463754
623.634850	-90.570851
623.764606	-90.750000
623.894417	-91.000724
624.024282	-91.319178
624.154201	-91.696994
624.284174	-92.120108
624.414202	-92.568074
624.544283	-93.014730
624.674419	-93.431421
624.804609	-93.793178
624.934853	-94.086464
625.065151	-94.314893
625.195504	-94.499547
625.325911	-94.673764
625.456373	-94.875531
625.586889	-95.141103
625.717460	-95.501579
625.848085	-95.981955
625.978764	-96.601388
626.109498	-97.373647
626.240287	-98.306935
626.371131	-99.402409
626.502029	-100.650697
626.632982	-102.025660
626.763989	-103.474830
626.895052	-104.907577
627.026169	-106.184447
627.157341	-107.116870
627.288568	-107.498984
627.419850	-107.199769
627.551187	-106.270561
627.682579	-104.928404
627.814026	-103.419748
627.945528	-101.923296
628.077085	-100.540146
628.208697	-99.318745
628.340364	-98.278347
628.472087	-97.423789
628.603865	-96.753407
628.735698	-96.263136
628.867586	-95.948627
628.999530	-95.806159
629.131529	-95.833128
629.263584	-96.028179
629.395694	-96.390916
629.527859	-96.921159
629.660080	-97.617230
629.792357	-98.472267
629.924689	-99.466855
630.057077	-100.555290
630.189520	-101.645202
630.322019	-102.583700
630.454574	-103.190712
630.587184	-103.366899
630.719851	-103.180083
630.852573	-102.809244
630.985351	-102.427916
631.118185	-102.152313
631.251075	-102.049029
631.384021	-102.156709
631.517023	-102.502494
631.650081	-103.111376
631.783195	-104.009837
631.916365	-105.221127
632.049592	-106.737139
632.182874	-108.419895
632.316213	-109.776275
632.449608	-109.986268
632.583059	-108.947700
632.716567	-107.457920
632.850131	-106.100242
632.983751	-105.063961
633.117428	-104.380009
633.251161	-104.040367
633.384951	-104.034745
633.518797	-104.359009
633.652700	-105.012214
633.786660	-105.980732
633.920676	-107.191007
634.054749	-108.396347
634.188879	-109.063315
634.323065	-108.706292
634.457308	-107.549179
634.591608	-106.189590
634.725965	-104.994053
634.860379	-104.090668
634.994850	-103.507705
635.129377	-103.244751
635.263962	-103.297183
635.398604	-103.661131
635.533303	-104.326214
635.668058	-105.249148
635.802872	-106.287010
635.937742	-107.089678
636.072669	-107.152127
636.207654	-106.313018
636.342696	-104.976940
636.477796	-103.598945
636.612953	-102.406245
636.748167	-101.472258
636.883439	-100.809585
637.018768	-100.413482
637.154155	-100.277827
637.289599	-100.400661
637.425101	-100.786030
637.560660	-101.443869
637.696277	-102.387696
637.831952	-103.625259
637.967685	-105.127851
638.103475	-106.743610
638.239324	-108.042257
638.375230	-108.398459
638.511194	-107.726606
638.647215	-106.622532
638.783295	-105.597205
638.919433	-104.862381
639.055629	-104.483048
639.191883	-104.484978
639.328195	-104.900335
639.464565	-105.793601
639.600994	-107.296290
639.737481	-109.688504
639.874025	-113.646650
640.010629	-120.557490
640.147290	-118.138521
640.284010	-111.685167
640.420789	-107.847149
640.557625	-105.296798
640.694521	-103.499305
640.831474	-102.215677
640.968487	-101.322797
641.105558	-100.751839
641.242687	-100.463775
641.379876	-100.438494
641.517123	-100.670099
641.654429	-101.165643
641.791793	-101.946879
641.929216	-103.055750
642.066699	-104.566884
642.204240	-106.615697
642.341840	-109.470855
642.479499	-113.751345
642.617217	-120.830432
642.754994	-120.531867
642.892830	-114.293065
643.030726	-110.771884
643.168680	-108.618433
643.306694	-107.259209
643.444767	-106.444531
643.582899	-106.049587
643.721091	-106.006363
643.859342	-106.275257
643.997652	-106.828913
644.136022	-107.636450
644.274451	-108.639579
644.412940	-109.713354
644.551488	-110.628303
644.690096	-111.104391
644.828763	-111.029513
644.967490	-110.586873
645.106277	-110.075000
645.245124	-109.719324
645.384030	-109.651484
645.522997	-109.955349
645.662023	-110.705406
645.801109	-111.976982
645.940255	-113.766270
646.079460	-115.492966
646.218726	-115.207507
646.358052	-112.595656
646.497438	-109.671428
646.636884	-107.203729
646.776391	-105.226326
646.915957	-103.659538
647.055584	-102.432462
647.195271	-101.495075
647.335019	-100.814339
647.474826	-100.369947
647.614695	-100.152004
647.754623	-100.159801
647.894612	-100.401870
648.034662	-100.897965
648.174772	-101.683211
648.314943	-102.816772
648.455174	-104.399328
648.595466	-106.611216
648.735819	-109.791422
648.876233	-114.386511
649.016707	-116.913516
649.157242	-112.383059
649.297838	-108.448831
649.438495	-105.783707
649.579213	-103.929191
649.719992	-102.627960
649.860832	-101.743679
650.001733	-101.201741
650.142695	-100.962658
650.283718	-101.010336
650.424803	-101.347697
650.565949	-101.997766
650.707156	-103.010642
650.848424	-104.481363
650.989754	-106.595106
651.131145	-109.759539
651.272597	-115.120792
651.414111	-124.652236
651.555687	-115.769863
651.697324	-110.182371
651.839022	-106.962067
651.980782	-104.849728
652.122604	-103.410082
652.264488	-102.449514
652.406433	-101.870773
652.548441	-101.623364
652.690510	-101.683828
652.832640	-102.046296
652.974833	-102.714588
653.117088	-103.687648
653.259405	-104.917016
653.401784	-106.187343
653.544224	-106.929484
653.686727	-106.480839
653.829293	-105.001719
653.971920	-103.208143
654.114609	-101.533853
654.257361	-100.110305
654.400175	-98.950655
654.543052	-98.036625
654.685991	-97.346459
654.828992	-96.862355
654.972056	-96.571959
655.115183	-96.468329
655.258372	-96.549845
655.401623	-96.820035
655.544937	-97.287755
655.688314	-97.967774
655.831754	-98.881099
655.975256	-100.053686
656.118822	-101.508274
656.262450	-103.231342
656.406141	-105.062745
656.549894	-106.459184
656.693711	-106.600036
656.837591	-105.499874
656.981534	-103.986678
657.125540	-102.596822
657.269610	-101.489230
657.413742	-100.681438
657.557938	-100.157975
657.702196	-99.903342
657.846519	-99.911222
657.990904	-100.187749
658.135353	-100.755329
658.279866	-101.660002
658.424441	-102.986367
658.569081	-104.892945
658.713784	-107.703852
658.858550	-112.165163
659.003381	-118.513079
659.148274	-114.010159
659.293232	-108.556076
659.438253	-105.138610
659.583339	-102.796836
659.728488	-101.109176
659.873701	-99.875203
660.018978	-98.986883
660.164318	-98.380623
660.309723	-98.016695
660.455192	-97.868820
660.600725	-97.917907
660.746323	-98.147060
660.891984	-98.535287
661.037710	-99.047987
661.183500	-99.622049
661.329354	-100.149087
661.475272	-100.475035
661.621255	-100.450585
661.767303	-100.027033
661.913415	-99.295569
662.059591	-98.415081
662.205833	-97.524334
662.352138	-96.711353
662.498509	-96.022945
662.644944	-95.481564
662.791443	-95.097395
662.938008	-94.875629
663.084638	-94.820515
663.231332	-94.937595
663.378091	-95.235815
663.524915	-95.729541
663.671804	-96.441242
663.818759	-97.406058
663.965778	-98.679379
664.112863	-100.349423
664.260012	-102.556576
664.407227	-105.484942
664.554507	-108.914461
664.701853	-109.806846
664.849264	-106.712909
664.996740	-103.518652
665.144282	-101.085009
665.291889	-99.260600
665.439561	-97.884289
665.587300	-96.851501
665.735103	-96.096088
665.882973	-95.574860
666.030908	-95.258232
666.178909	-95.124673
666.326976	-95.156648
666.475109	-95.337343
666.623307	-95.646998
666.771571	-96.058073
666.919902	-96.528370
667.068298	-96.992990
667.216761	-97.360882
667.365289	-97.527691
667.513884	-97.413181
667.662545	-97.004540
667.811272	-96.363566
667.960065	-95.588689
668.108925	-94.772350
668.257851	-93.981659
668.406843	-93.258347
668.555902	-92.625862
668.705027	-92.096274
668.854219	-91.675017
669.003478	-91.363945
669.152803	-91.162964
669.302195	-91.070819
669.451653	-91.085817
669.601179	-91.206178
669.750771	-91.430039
669.900430	-91.755155
670.050156	-92.177908
670.199949	-92.691383
670.349808	-93.281477
670.499735	-93.919862
670.649729	-94.554087
670.799790	-95.098727
670.949918	-95.440657
671.100114	-95.476558
671.250377	-95.173018
671.400707	-94.591796
671.551104	-93.849642
671.701569	-93.059275
671.852101	-92.300777
672.002700	-91.621482
672.153368	-91.045865
672.304102	-90.584902
672.454905	-90.242471
672.605775	-90.019118
672.756713	-89.914043
672.907718	-89.926507
673.058791	-90.056492
673.209933	-90.304612
673.361142	-90.671330
673.512419	-91.154807
673.663764	-91.746221
673.815177	-92.420516
673.966658	-93.120709
674.118207	-93.738247
674.269825	-94.110707
674.421510	-94.078692
674.573264	-93.595869
674.725086	-92.770059
674.876977	-91.775642
675.028936	-90.755999
675.180963	-89.796044
675.333059	-88.936051
675.485224	-88.190748
675.637457	-87.562166
675.789758	-87.046846
675.942129	-86.639406
676.094568	-86.334336
676.247075	-86.126843
676.399652	-86.012988
676.552298	-85.989537
676.705012	-86.053584
676.857795	-86.201571
677.010648	-86.428182
677.163569	-86.724830
677.316560	-87.077534
677.469619	-87.464447
677.622748	-87.853840
677.775946	-88.204135
677.929214	-88.468182
678.082551	-88.603610
678.235957	-88.586417
678.389432	-88.420496
678.542977	-88.135835
678.696592	-87.776806
678.850276	-87.389385
679.004030	-87.012816
679.157853	-86.677005
679.311746	-86.403262
679.465709	-86.206374
679.619742	-86.096679
679.773844	-86.081364
679.928017	-86.165293
680.082259	-86.351334
680.236571	-86.640003
680.390954	-87.028334
680.545406	-87.507829
680.699929	-88.060909
680.854522	-88.655620
681.009185	-89.239661
681.163918	-89.737964
681.318722	-90.061900
681.473596	-90.137800
681.628540	-89.942908
681.783555	-89.517669
681.938641	-88.941339
682.093797	-88.296054
682.249023	-87.645469
682.404321	-87.031004
682.559689	-86.476341
682.715128	-85.993379
682.870637	-85.586755
683.026218	-85.256967
683.181869	-85.002149
683.337591	-84.819098
683.493385	-84.704016
683.649249	-84.652864
683.805185	-84.661506
683.961191	-84.725806
684.117269	-84.841793
684.273418	-85.005484
684.429639	-85.212920
684.585930	-85.460298
684.742294	-85.743931
684.898728	-86.060145
685.055234	-86.405099
685.211812	-86.774308
685.368461	-87.161949
685.525182	-87.559675
685.681975	-87.955283
685.838839	-88.331623
685.995775	-88.666306
686.152783	-88.934155
686.309863	-89.112167
686.467014	-89.186082
686.624238	-89.156213
686.781534	-89.038410
686.938902	-88.859395
687.096342	-88.649766
687.253854	-88.437603
687.411438	-88.245004
687.569095	-88.087113
687.726824	-87.973123
687.884626	-87.907900
688.042499	-87.893378
688.200446	-87.929992
688.358465	-88.017275
688.516556	-88.153523
688.674720	-88.334691
688.832957	-88.552743
688.991266	-88.793481
689.149649	-89.034402
689.308104	-89.244413
689.466632	-89.387157
689.625233	-89.428577
689.783906	-89.347168
689.942653	-89.141950
690.101473	-88.832890
690.260367	-88.453112
690.419333	-88.038591
690.578372	-87.620486
690.737485	-87.222087
690.896672	-86.859193
691.055931	-86.541886
691.215264	-86.276605
691.374671	-86.067735
691.534151	-85.918637
691.693704	-85.832146
691.853332	-85.810365
692.013033	-85.854306
692.172807	-85.963390
692.332656	-86.134751
692.492578	-86.363002
692.652575	-86.639846
692.812645	-86.954239
692.972789	-87.293097
693.133007	-87.642325
693.293300	-87.988078
693.453666	-88.317907
693.614107	-88.621304
693.774622	-88.889351
693.935211	-89.114095
694.095875	-89.287898
694.256613	-89.403285
694.417426	-89.453714
694.578313	-89.434833
694.739274	-89.345052
694.900311	-89.185481
695.061421	-88.959163
695.222607	-88.670121
695.383868	-88.323625
695.545203	-87.926925
695.706613	-87.490102
695.868098	-87.026398
696.029658	-86.551558
696.191293	-86.082138
696.353003	-85.633403
696.514789	-85.217736
696.676649	-84.843657
696.838585	-84.515610
697.000596	-84.234487
697.162682	-83.998249
697.324844	-83.803248
697.487081	-83.645562
697.649394	-83.521871
697.811782	-83.430169
697.974246	-83.369647
698.136786	-83.339928
698.299401	-83.339711
698.462092	-83.365204
698.624859	-83.408526
698.787702	-83.456958
698.950621	-83.493540
699.113616	-83.499348
699.276686	-83.457533
699.439833	-83.358168
699.603056	-83.201449
699.766355	-82.997468
699.929731	-82.763042
700.093183	-82.516765
700.256711	-82.274671
700.420315	-82.047749
700.583996	-81.840972
700.747754	-81.653916
700.911588	-81.482242
701.075499	-81.319407
701.239486	-81.158268
701.403550	-80.992400
701.567691	-80.816887
701.731909	-80.628432
701.896203	-80.425388
702.060575	-80.207444
702.225024	-79.975508
702.389549	-79.731941
702.554152	-79.480544
702.718832	-79.226479
702.883589	-78.975959
703.048424	-78.735610
703.213335	-78.511787
703.378324	-78.309928
703.543391	-78.133875
703.708535	-77.985608
703.873757	-77.865098
704.039056	-77.770247
704.204433	-77.697137
704.369887	-77.640387
704.535420	-77.593509
704.701030	-77.549726
704.866718	-77.502889
705.032484	-77.448384
705.198328	-77.384148
705.364250	-77.310983
705.530250	-77.232418
705.696328	-77.154078
705.862485	-77.082477
706.028720	-77.023810
706.195033	-76.983047
706.361424	-76.963417
706.527894	-76.966262
706.694442	-76.991356
706.861069	-77.037555
707.027775	-77.103304
707.194559	-77.187104
707.361422	-77.287653
707.528363	-77.403583
707.695384	-77.532868
707.862483	-77.672374
708.029661	-77.817732
708.196918	-77.963801
708.364254	-78.105823
708.531670	-78.240859
708.699164	-78.369126
708.866738	-78.494528
709.034391	-78.624186
709.202123	-78.767141
709.369935	-78.932317
709.537826	-79.126670
709.705796	-79.353742
709.873847	-79.612993
710.041976	-79.899613
710.210186	-80.205051
710.378475	-80.518249
710.546844	-80.827141
710.715292	-81.120314
710.883821	-81.388524
711.052429	-81.625459
711.221118	-81.827551
711.389887	-81.993306
711.558735	-82.122233
711.727664	-82.213733
711.896673	-82.266601
712.065763	-82.279028
712.234932	-82.248725
712.404183	-82.173621
712.573513	-82.052388
712.742924	-81.884715
712.912416	-81.671834
713.081988	-81.416791
713.251641	-81.124624
713.421375	-80.802409
713.591190	-80.458928
713.761085	-80.104008
713.931061	-79.747247
714.101119	-79.396683
714.271257	-79.057713
714.441476	-78.732519
714.611777	-78.420120
714.782159	-78.117198
714.952622	-77.819659
715.123166	-77.524240
715.293792	-77.229875
715.464499	-76.938441
715.635288	-76.654273
715.806158	-76.383076
715.977110	-76.130337
716.148143	-75.899827
716.319259	-75.692670
716.490456	-75.507193
716.661735	-75.339469
716.833096	-75.184345
717.004538	-75.036776
717.176063	-74.892969
717.347670	-74.750884
717.519359	-74.610150
717.691130	-74.471426
717.862984	-74.335562
718.034920	-74.202856
718.206938	-74.072858
718.379039	-73.944610
718.551222	-73.817110
718.723488	-73.689999
718.895836	-73.564022
719.068267	-73.440904
719.240781	-73.322990
719.413377	-73.212697
719.586057	-73.111993
719.758819	-73.022106
719.931664	-72.943539
720.104593	-72.876309
720.277604	-72.820206
720.450699	-72.775067
720.623876	-72.740952
720.797137	-72.718030
720.970482	-72.706526
721.143910	-72.706554
721.317421	-72.717997
721.491016	-72.740630
721.664694	-72.774181
721.838456	-72.818525
722.012302	-72.873805
722.186231	-72.940441
722.360244	-73.019030
722.534342	-73.110258
722.708523	-73.214861
722.882788	-73.333658
723.057137	-73.467680
723.231570	-73.618256
723.406088	-73.786982
723.580689	-73.975556
723.755375	-74.185291
723.930146	-74.416433
724.105000	-74.667539
724.279940	-74.934891
724.454963	-75.212485
724.630072	-75.492547
724.805265	-75.766762
724.980543	-76.027967
725.155905	-76.271948
725.331353	-76.498620
725.506885	-76.712084
725.682503	-76.919424
725.858205	-77.128582
726.033993	-77.346386
726.209865	-77.576983
726.385823	-77.821193
726.561866	-78.076766
726.737995	-78.339570
726.914209	-78.605317
727.090508	-78.871218
727.266893	-79.137462
727.443364	-79.407874
727.619920	-79.689514
727.796562	-79.991529
727.973290	-80.323607
728.150103	-80.694420
728.327003	-81.110246
728.503988	-81.573777
728.681060	-82.083253
728.858218	-82.631679
729.035461	-83.205773
729.212791	-83.785017
729.390208	-84.340434
729.567710	-84.833779
729.745299	-85.218792
729.922975	-85.446497
730.100737	-85.476605
730.278586	-85.291888
730.456521	-84.907224
730.634543	-84.365632
730.812652	-83.723535
730.990848	-83.035166
731.169130	-82.343535
731.347500	-81.678231
731.525957	-81.057058
731.704500	-80.489339
731.883131	-79.978666
732.061850	-79.525272
732.240655	-79.127510
732.419548	-78.782622
732.598528	-78.486770
732.777596	-78.234629
732.956751	-78.019169
733.135994	-77.831309
733.315325	-77.660203
733.494744	-77.493985
733.674250	-77.321019
733.853844	-77.131673
734.033526	-76.919902
734.213296	-76.683980
734.393154	-76.426424
734.573101	-76.153214
734.753135	-75.872274
734.933258	-75.592001
735.113469	-75.319971
735.293769	-75.062134
735.474157	-74.822132
735.654633	-74.600838
735.835198	-74.396167
736.015852	-74.203441
736.196594	-74.016163
736.377426	-73.827252
736.558346	-73.630844
736.739355	-73.423957
736.920453	-73.207629
737.101640	-72.987024
737.282916	-72.770478
737.464282	-72.567951
737.645736	-72.389465
737.827280	-72.243859
738.008914	-72.138036
738.190637	-72.076985
738.372449	-72.064033
738.554351	-72.101191
738.736342	-72.189542
738.918424	-72.329426
739.100595	-72.520335
739.282855	-72.760618
739.465206	-73.047163
739.647647	-73.375248
739.830178	-73.738705
740.012799	-74.130688
740.195510	-74.545034
740.378311	-74.978015
740.561203	-75.429932
740.744185	-75.905784
740.927258	-76.415168
741.110421	-76.970762
741.293674	-77.586158
741.477018	-78.273776
741.660453	-79.042684
741.843979	-79.896991
742.027596	-80.834579
742.211303	-81.846421
742.395102	-82.916279
742.578991	-84.021395
742.762972	-85.133806
742.947044	-86.221912
743.131207	-87.252801
743.315461	-88.193734
743.499807	-89.013337
743.684244	-89.684638
743.868773	-90.191329
744.053394	-90.531662
744.238106	-90.718407
744.422910	-90.772608
744.607805	-90.713638
744.792793	-90.550607
744.977872	-90.280522
745.163044	-89.894198
745.348307	-89.384903
745.533663	-88.757919
745.719111	-88.034289
745.904651	-87.246768
746.090283	-86.431944
746.276008	-85.622764
746.461826	-84.844127
746.647735	-84.111266
746.833738	-83.430578
747.019833	-82.801810
747.206021	-82.220334
747.392302	-81.679837
747.578676	-81.174684
747.765143	-80.701537
747.951703	-80.260244
748.138356	-79.853540
748.325102	-79.485560
748.511941	-79.160061
748.698874	-78.879007
748.885900	-78.641998
749.073019	-78.446127
749.260232	-78.286657
749.447539	-78.158571
749.634939	-78.058438
749.822433	-77.985885
750.010021	-77.944596
750.197703	-77.942391
750.385479	-77.990027
750.573348	-78.099650
750.761312	-78.282889
750.949370	-78.549611
751.137523	-78.906656
751.325769	-79.356575
751.514110	-79.896905
751.702545	-80.518770
751.891075	-81.205610
752.079700	-81.932401
752.268419	-82.666211
752.457233	-83.368919
752.646142	-84.004198
752.835145	-84.547376
753.024244	-84.993224
753.213437	-85.356312
753.402726	-85.661759
753.592110	-85.932142
753.781589	-86.174711
753.971163	-86.372750
754.160833	-86.484096
754.350598	-86.453130
754.540459	-86.237579
754.730415	-85.835858
754.920467	-85.293465
755.110615	-84.683463
755.300858	-84.078848
755.491198	-83.534905
755.681633	-83.086883
755.872164	-82.753514
756.062792	-82.540977
756.253515	-82.446277
756.444335	-82.459907
756.635252	-82.566986
756.826264	-82.747960
757.017373	-82.979171
757.208579	-83.233812
757.399881	-83.483410
757.591280	-83.699647
757.782776	-83.857010
757.974368	-83.935528
758.166058	-83.923290
758.357844	-83.818221
758.549728	-83.627832
758.741708	-83.367129
758.933786	-83.056033
759.125961	-82.715704
759.318233	-82.365591
759.510603	-82.021539
759.703071	-81.695285
759.895635	-81.394731
760.088298	-81.124919
760.281058	-80.889509
760.473916	-80.692122
760.666872	-80.537256
760.859926	-80.431077
761.053078	-80.381107
761.246328	-80.395677
761.439676	-80.482968
761.633122	-80.650329
761.826667	-80.903614
762.020310	-81.246643
762.214052	-81.681235
762.407892	-82.207828
762.601831	-82.827160
762.795868	-83.542490
762.990004	-84.362520
763.184239	-85.305921
763.378573	-86.406280
763.573006	-87.719958
763.767538	-89.339296
763.962169	-91.420176
764.156900	-94.247622
764.351729	-98.354161
764.546658	-103.260555
764.741687	-100.360849
764.936815	-95.410604
765.132042	-91.970167
765.327370	-89.470836
765.522797	-87.548532
765.718324	-86.015115
765.913950	-84.766643
766.109677	-83.740790
766.305504	-82.897924
766.501431	-82.210482
766.697458	-81.656853
766.893586	-81.217846
767.089814	-80.874998
767.286142	-80.609687
767.482571	-80.403529
767.679100	-80.239936
767.875730	-80.106038
768.072461	-79.994545
768.269293	-79.904674
768.466225	-79.841353
768.663259	-79.813541
768.860393	-79.831421
769.057629	-79.903899
769.254966	-80.037165
769.452404	-80.233234
769.649944	-80.489785
769.847585	-80.800255
770.045328	-81.154191
770.243172	-81.539205
770.441118	-81.941840
770.639166	-82.348825
770.837315	-82.748601
771.035567	-83.131526
771.233920	-83.490339
771.432376	-83.820092
771.630934	-84.116819
771.829594	-84.377441
772.028356	-84.600762
772.227220	-84.787826
772.426188	-84.941794
772.625257	-85.068274
772.824430	-85.175276
773.023705	-85.271831
773.223083	-85.366629
773.422563	-85.467793
773.622147	-85.580850
773.821834	-85.707179
774.021624	-85.844774
774.221517	-85.988838
774.421513	-86.133096
774.621613	-86.271441
774.821816	-86.399070
775.022122	-86.514617
775.222532	-86.620109
775.423046	-86.717119
775.623664	-86.804722
775.824385	-86.877520
776.025211	-86.924706
776.226140	-86.931222
776.427173	-86.880420
776.628311	-86.758912
776.829553	-86.560982
777.030899	-86.291089
777.232350	-85.961851
777.433905	-85.591558
777.635564	-85.200620
777.837328	-84.807114
778.039197	-84.424331
778.241171	-84.059056
778.443250	-83.710627
778.645433	-83.371336
778.847722	-83.028162
779.050116	-82.666236
779.252615	-82.273465
779.455219	-81.846062
779.657929	-81.391144
779.860744	-80.925824
780.063665	-80.473032
780.266691	-80.057132
780.469823	-79.699083
780.673061	-79.414115
780.876405	-79.210527
781.079855	-79.088184
781.283410	-79.038340
781.487072	-79.043771
781.690840	-79.078974
781.894715	-79.113168
782.098695	-79.116319
782.302783	-79.066170
782.506976	-78.955111
782.711277	-78.793327
782.915684	-78.604289
783.120198	-78.416504
783.324818	-78.256585
783.529546	-78.144532
783.734381	-78.091444
783.939322	-78.098957
784.144372	-78.159900
784.349528	-78.260314
784.554792	-78.381724
784.760163	-78.504464
784.965642	-78.612864
785.171228	-78.699052
785.376922	-78.764918
785.582724	-78.820670
785.788634	-78.880892
785.994651	-78.960474
786.200777	-79.070788
786.407011	-79.217443
786.613353	-79.400981
786.819804	-79.617616
787.026363	-79.861489
787.233030	-80.127700
787.439806	-80.414041
787.646691	-80.723391
787.853684	-81.064170
788.060786	-81.448917
788.267997	-81.893222
788.475317	-82.413070
788.682746	-83.023940
788.890285	-83.739284
789.097932	-84.569024
789.305689	-85.519962
789.513555	-86.594010
789.721531	-87.786885
789.929617	-89.087992
790.137812	-90.483341
790.346117	-91.965271
790.554531	-93.554072
790.763056	-95.331746
790.971691	-97.491452
791.180436	-100.421802
791.389291	-104.762549
791.598256	-108.007942
791.807332	-102.999510
792.016518	-98.396579
792.225815	-95.254700
792.435222	-93.038590
792.644740	-91.457242
792.854369	-90.347540
793.064109	-89.598513
793.273960	-89.108367
793.483922	-88.757952
793.693995	-88.403988
793.904180	-87.904622
794.114475	-87.185118
794.324882	-86.280121
794.535401	-85.302843
794.746031	-84.376648
794.956774	-83.593173
795.167627	-83.009620
795.378593	-82.659615
795.589671	-82.564745
795.800861	-82.741343
796.012162	-83.204826
796.223577	-83.971866
796.435103	-85.057700
796.646742	-86.464367
796.858493	-88.148163
797.070357	-89.936485
797.282334	-91.421652
797.494423	-92.126288
797.706626	-92.087036
797.918941	-91.839500
798.131369	-91.848795
798.343911	-92.378435
798.556566	-93.625255
798.769334	-95.843672
798.982215	-99.229151
799.195210	-101.301978
799.408319	-97.750351
799.621541	-93.873350
799.834877	-91.129345
800.048327	-89.232326
800.261890	-87.929305
800.475568	-87.041758
800.689360	-86.412266
800.903266	-85.875433
801.117287	-85.266806
801.331422	-84.477481
801.545671	-83.507227
801.760036	-82.448818
801.974514	-81.419134
802.189108	-80.507808
802.403816	-79.766218
802.618640	-79.214406
802.833578	-78.851456
803.048632	-78.661183
803.263800	-78.614070
803.479085	-78.669360
803.694484	-78.779437
803.909999	-78.897994
804.125630	-78.994696
804.341376	-79.066913
804.557239	-79.139878
804.773217	-79.255685
804.989311	-79.456772
805.205521	-79.770470
805.421847	-80.196472
805.638290	-80.697421
805.854849	-81.194945
806.071524	-81.585576
806.288316	-81.790803
806.505225	-81.812610
806.722250	-81.741901
806.939393	-81.708480
807.156652	-81.831646
807.374028	-82.204072
807.591521	-82.900227
807.809132	-83.990862
808.026859	-85.554453
808.244705	-87.667369
808.462667	-90.267592
808.680748	-92.487375
808.898946	-92.336577
809.117261	-90.375484
809.335695	-88.469942
809.554246	-87.129967
809.772916	-86.358056
809.991704	-86.102200
810.210610	-86.333854
810.429634	-87.053457
810.648777	-88.273668
810.868039	-89.951732
811.087419	-91.742878
811.306918	-92.581287
811.526535	-91.669058
811.746272	-89.968300
811.966127	-88.443126
812.186102	-87.346280
812.406196	-86.639398
812.626409	-86.182130
812.846742	-85.777887
813.067194	-85.227442
813.287766	-84.437532
813.508457	-83.484556
813.729269	-82.541380
813.950200	-81.769333
814.171251	-81.280225
814.392422	-81.147804
814.613714	-81.430132
814.835126	-82.183848
815.056658	-83.455482
815.278311	-85.179345
815.500084	-86.749530
815.721978	-86.646846
815.943993	-84.697568
816.166128	-82.419351
816.388385	-80.521187
816.610762	-79.085495
816.833261	-78.053607
817.055881	-77.354388
817.278623	-76.925432
817.501486	-76.713838
817.724471	-76.674306
817.947577	-76.769056
818.170805	-76.968477
818.394155	-77.252318
818.617627	-77.609882
818.841221	-78.038879
819.064937	-78.541383
819.288775	-79.120431
819.512736	-79.776841
819.736819	-80.504778
819.961025	-81.284812
820.185354	-82.066609
820.409805	-82.742180
820.634379	-83.130774
820.859076	-83.044387
821.083897	-82.447072
821.308840	-81.510785
821.533907	-80.478876
821.759097	-79.535612
821.984411	-78.784722
822.209848	-78.277586
822.435409	-78.040152
822.661093	-78.089018
822.886902	-78.440232
823.112834	-79.113552
823.338891	-80.130621
823.565072	-81.495023
823.791377	-83.111625
824.017807	-84.542742
824.244361	-84.835905
824.471039	-83.605429
824.697843	-81.718025
824.924771	-79.905815
825.151824	-78.395272
825.379002	-77.207951
825.606306	-76.314264
825.833734	-75.673975
826.061288	-75.240794
826.288967	-74.959197
826.516772	-74.761235
826.744703	-74.571454
826.972759	-74.324499
827.200941	-73.989685
827.429249	-73.585562
827.657683	-73.170080
827.886243	-72.815784
828.114930	-72.589466
828.343743	-72.544181
828.572682	-72.720177
828.801748	-73.147197
829.030941	-73.842018
829.260260	-74.789275
829.489706	-75.882894
829.719280	-76.804136
829.948980	-76.994005
830.178808	-76.154357
830.408763	-74.675948
830.638845	-73.093271
830.869055	-71.680471
831.099393	-70.523480
831.329858	-69.635247
831.560451	-69.007559
831.791173	-68.629368
832.022022	-68.492281
832.252999	-68.591908
832.484105	-68.928386
832.715339	-69.507014
832.946702	-70.339347
833.178193	-71.446148
833.409813	-72.862936
833.641561	-74.647823
833.873439	-76.889248
834.105445	-79.668544
834.337581	-82.656069
834.569846	-83.678905
834.802241	-81.445328
835.034764	-78.618210
835.267418	-76.287826
835.500201	-74.477105
835.733114	-73.088487
835.966157	-72.047827
836.199329	-71.309084
836.432632	-70.845892
836.666065	-70.645590
836.899629	-70.706316
837.133323	-71.036342
837.367147	-71.653870
837.601102	-72.586952
837.835188	-73.866071
838.069405	-75.484402
838.303752	-77.240320
838.538231	-78.363536
838.772841	-77.814236
839.007582	-75.986992
839.242455	-73.964156
839.477459	-72.203223
839.712595	-70.778176
839.947863	-69.663269
840.183263	-68.820120
840.418794	-68.217259
840.654458	-67.833272
840.890254	-67.656485
841.126182	-67.685147
841.362242	-67.927951
841.598435	-68.405742
841.834761	-69.154594
842.071220	-70.230602
842.307811	-71.715540
842.544536	-73.705378
842.781393	-76.166054
843.018384	-78.138960
843.255508	-77.329216
843.492765	-74.607488
843.730156	-72.004184
843.967681	-69.939804
844.205339	-68.359281
844.443132	-67.169922
844.681058	-66.300999
844.919118	-65.703211
845.157313	-65.342719
845.395642	-65.196449
845.634105	-65.249222
845.872703	-65.491639
846.111436	-65.917905
846.350303	-66.521758
846.589306	-67.287283
846.828443	-68.168491
847.067716	-69.049511
847.307124	-69.697974
847.546667	-69.807176
847.786345	-69.231482
848.026160	-68.150524
848.266110	-66.875335
848.506195	-65.628518
848.746417	-64.517416
848.986775	-63.581944
849.227269	-62.832130
849.467899	-62.266924
849.708666	-61.882355
849.949569	-61.674648
850.190609	-61.641284
850.431785	-61.780601
850.673099	-62.090146
850.914549	-62.562707
851.156137	-63.178400
851.397861	-63.889411
851.639723	-64.596053
851.881723	-65.129066
852.123860	-65.286631
852.366135	-64.960619
852.608547	-64.232556
852.851098	-63.297706
853.093786	-62.331532
853.336613	-61.439813
853.579578	-60.672491
853.822681	-60.047972
854.065923	-59.569535
854.309304	-59.233665
854.552823	-59.033963
854.796481	-58.962377
855.040278	-59.008683
855.284215	-59.158807
855.528290	-59.392005
855.772505	-59.677060
856.016859	-59.968702
856.261353	-60.207305
856.505987	-60.326916
856.750760	-60.274092
856.995673	-60.030162
857.240727	-59.619971
857.485920	-59.099114
857.731254	-58.531016
857.976729	-57.969794
858.222343	-57.454143
858.468099	-57.008328
858.713995	-56.645462
858.960032	-56.370575
859.206211	-56.182654
859.452530	-56.075524
859.698991	-56.037773
859.945593	-56.052300
860.192336	-56.095843
860.439222	-56.139482
860.686248	-56.151102
860.933417	-56.100390
861.180728	-55.965688
861.428181	-55.739958
861.675776	-55.432375
861.923514	-55.064919
862.171394	-54.665768
862.419417	-54.262811
862.667582	-53.879712
862.915890	-53.534399
863.164342	-53.238973
863.412936	-53.000330
863.661674	-52.820857
863.910555	-52.698823
864.159579	-52.628371
864.408747	-52.599319
864.658059	-52.597013
864.907515	-52.602554
865.157114	-52.594088
865.406858	-52.549457
865.656746	-52.450117
865.906778	-52.285429
866.156955	-52.055367
866.407277	-51.770435
866.657743	-51.448744
866.908354	-51.111732
867.159110	-50.780181
867.410011	-50.471511
867.661057	-50.198585
867.912249	-49.969506
868.163586	-49.787745
868.415069	-49.652570
868.666697	-49.559411
868.918472	-49.500150
869.170392	-49.463545
869.422458	-49.435940
869.674671	-49.402413
869.927030	-49.348506
870.179536	-49.262300
870.432188	-49.136379
870.684987	-48.969124
870.937933	-48.764819
871.191026	-48.532480
871.444266	-48.283928
871.697653	-48.031716
871.951188	-47.787385
872.204870	-47.560396
872.458700	-47.357535
872.712677	-47.182719
872.966803	-47.037072
873.221076	-46.919097
873.475498	-46.824930
873.730068	-46.748706
873.984787	-46.683042
874.239654	-46.619655
874.494669	-46.550263
874.749834	-46.467579
875.005147	-46.366275
875.260610	-46.243765
875.516222	-46.100489
875.771983	-45.939705
876.027894	-45.766783
876.283954	-45.588254
876.540164	-45.410810
876.796524	-45.240421
877.053033	-45.081691
877.309693	-44.937504
877.566503	-44.808865
877.823464	-44.694930
878.080575	-44.593178
878.337837	-44.499757
878.595249	-44.409875
878.852813	-44.318365
879.110528	-44.220272
879.368393	-44.111475
879.626410	-43.989225
879.884579	-43.852441
880.142899	-43.701821
880.401371	-43.539646
880.659994	-43.369383
880.918770	-43.195118
881.177698	-43.021020
881.436778	-42.850837
881.696010	-42.687479
881.955395	-42.532800
882.214933	-42.387460
882.474623	-42.250915
882.734467	-42.121543
882.994463	-41.996913
883.254613	-41.874089
883.514916	-41.750012
883.775372	-41.621948
884.035982	-41.487870
884.296746	-41.346770
884.557664	-41.198800
884.818735	-41.045245
885.079961	-40.888318
885.341341	-40.730830
885.602876	-40.575816
885.864565	-40.426150
886.126409	-40.284231
886.388407	-40.151745
886.650561	-40.029543
886.912870	-39.917585
887.175334	-39.815025
887.437953	-39.720326
887.700728	-39.631442
887.963658	-39.546071
888.226745	-39.461915
888.489987	-39.376925
888.753385	-39.289539
889.016940	-39.198823
889.280651	-39.104536
889.544518	-39.007109
889.808543	-38.907504
890.072723	-38.807031
890.337061	-38.707122
890.601556	-38.609108
890.866208	-38.514010
891.131017	-38.422395
891.395984	-38.334291
891.661109	-38.249177
891.926391	-38.166041
892.191831	-38.083461
892.457429	-37.999781
892.723186	-37.913309
892.989100	-37.822508
893.255173	-37.726198
893.521405	-37.623720
893.787796	-37.515037
894.054345	-37.400736
894.321053	-37.281982
894.587921	-37.160385
894.854948	-37.037815
895.122134	-36.916196
895.389480	-36.797292
895.656986	-36.682541
895.924651	-36.572917
896.192477	-36.468852
896.460463	-36.370227
896.728609	-36.276414
896.996915	-36.186378
897.265382	-36.098805
897.534010	-36.012261
897.802799	-35.925382
898.071749	-35.837020
898.340860	-35.746376
898.610132	-35.653083
898.879566	-35.557235
899.149162	-35.459352
899.418919	-35.360309
899.688838	-35.261190
899.958919	-35.163165
900.229162	-35.067357
900.499568	-34.974717
900.770136	-34.885922
901.040867	-34.801309
901.311761	-34.720882
901.582817	-34.644306
901.854037	-34.570951
902.125420	-34.499978
902.396966	-34.430424
902.668676	-34.361303
902.940550	-34.291708
903.212587	-34.220902
903.484788	-34.148385
903.757153	-34.073950
904.029683	-33.997681
904.302377	-33.919929
904.575236	-33.841269
904.848259	-33.762427
905.121447	-33.684197
905.394800	-33.607347
905.668319	-33.532549
905.942002	-33.460323
906.215852	-33.390985
906.489866	-33.324645
906.764047	-33.261212
907.038393	-33.200411
907.312906	-33.141833
907.587584	-33.085002
907.862429	-33.029413
908.137441	-32.974604
908.412619	-32.920201
908.687964	-32.865943
908.963476	-32.811695
909.239155	-32.757447
909.515002	-32.703293
909.791015	-32.649403
910.067197	-32.595974
910.343546	-32.543196
910.620063	-32.491220
910.896748	-32.440148
911.173601	-32.389996
911.450623	-32.340700
911.727813	-32.292127
912.005171	-32.244078
912.282699	-32.196310
912.560395	-32.148553
912.838261	-32.100537
913.116296	-32.052009
913.394500	-32.002746
913.672874	-31.952571
913.951418	-31.901342
914.230131	-31.848963
914.509015	-31.795364
914.788068	-31.740504
915.067292	-31.684346
915.346687	-31.626844
915.626252	-31.567956
915.905988	-31.507644
916.185895	-31.445872
916.465973	-31.382629
916.746223	-31.317945
917.026644	-31.251915
917.307236	-31.184726
917.588000	-31.116666
917.868937	-31.048118
918.150045	-30.979578
918.431325	-30.911623
918.712778	-30.844892
918.994404	-30.780048
919.276202	-30.717730
919.558173	-30.658511
919.840317	-30.602859
920.122634	-30.551103
920.405125	-30.503403
920.687789	-30.459750
920.970627	-30.419962
921.253639	-30.383718
921.536824	-30.350580
921.820184	-30.320033
922.103718	-30.291537
922.387427	-30.264558
922.671310	-30.238602
922.955368	-30.213235
923.239601	-30.188106
923.524009	-30.162943
923.808592	-30.137545
924.093351	-30.111763
924.378285	-30.085503
924.663396	-30.058696
924.948682	-30.031302
925.234144	-30.003290
925.519782	-29.974658
925.805597	-29.945427
926.091589	-29.915645
926.377757	-29.885406
926.664102	-29.854852
926.950624	-29.824171
927.237323	-29.793599
927.524200	-29.763421
927.811255	-29.733945
928.098487	-29.705481
928.385897	-29.678331
928.673485	-29.652743
928.961251	-29.628894
929.249196	-29.606874
929.537319	-29.586655
929.825621	-29.568092
930.114102	-29.550926
930.402762	-29.534804
930.691601	-29.519290
930.980620	-29.503905
931.269818	-29.488167
931.559196	-29.471624
931.848753	-29.453902
932.138491	-29.434727
932.428409	-29.413956
932.718508	-29.391586
933.008787	-29.367768
933.299246	-29.342789
933.589887	-29.317060
933.880709	-29.291088
934.171712	-29.265447
934.462896	-29.240734
934.754262	-29.217541
935.045810	-29.196418
935.337539	-29.177837
935.629451	-29.162174
935.921545	-29.149684
936.213822	-29.140491
936.506281	-29.134585
936.798922	-29.131833
937.091747	-29.131993
937.384755	-29.134739
937.677946	-29.139696
937.971321	-29.146466
938.264879	-29.154657
938.558621	-29.163923
938.852547	-29.173977
939.146657	-29.184601
939.440952	-29.195655
939.735431	-29.207068
940.030095	-29.218823
940.324943	-29.230930
940.619977	-29.243396
940.915196	-29.256204
941.210600	-29.269284
941.506189	-29.282485
941.801965	-29.295574
942.097926	-29.308231
942.394074	-29.320059
942.690407	-29.330603
942.986927	-29.339389
943.283634	-29.345953
943.580527	-29.349880
943.877608	-29.350845
944.174875	-29.348633
944.472330	-29.343154
944.769972	-29.334453
945.067802	-29.322678
945.365820	-29.308066
945.664026	-29.290906
945.962420	-29.271502
946.261002	-29.250138
946.559773	-29.227056
946.858733	-29.202445
947.157881	-29.176433
947.457219	-29.149105
947.756746	-29.120521
948.056462	-29.090752
948.356368	-29.059892
948.656464	-29.028089
948.956749	-28.995557
949.257225	-28.962582
949.557891	-28.929514
949.858748	-28.896753
950.159796	-28.864730
950.461034	-28.833890
950.762463	-28.804662
951.064084	-28.777444
951.365896	-28.752589
951.667900	-28.730399
951.970095	-28.711105
952.272483	-28.694872
952.575063	-28.681813
952.877835	-28.671976
953.180799	-28.665354
953.483956	-28.661881
953.787307	-28.661432
954.090850	-28.663810
954.394586	-28.668748
954.698516	-28.675895
955.002640	-28.684817
955.306957	-28.694982
955.611469	-28.705774
955.916174	-28.716491
956.221074	-28.726349
956.526169	-28.734515
956.831458	-28.740123
957.136942	-28.742305
957.442622	-28.740223
957.748496	-28.733103
958.054567	-28.720263
958.360833	-28.701133
958.667294	-28.675263
958.973952	-28.642334
959.280806	-28.602149
959.587857	-28.554600
959.895104	-28.499657
960.202548	-28.437336
960.510189	-28.367683
960.818027	-28.290750
961.126062	-28.206607
961.434295	-28.115334
961.742726	-28.017033
962.051355	-27.911854
962.360182	-27.800017
962.669207	-27.681829
962.978431	-27.557704
963.287854	-27.428167
963.597475	-27.293845
963.907296	-27.155465
964.217315	-27.013829
964.527535	-26.869797
964.837954	-26.724252
965.148573	-26.578068
965.459392	-26.432091
965.770411	-26.287112
966.081630	-26.143837
966.393051	-26.002883
966.704672	-25.864762
967.016494	-25.729884
967.328517	-25.598564
967.640742	-25.471033
967.953169	-25.347450
968.265797	-25.227911
968.578627	-25.112474
968.891660	-25.001171
969.204895	-24.894018
969.518332	-24.791029
969.831972	-24.692215
970.145816	-24.597595
970.459862	-24.507185
970.774112	-24.421006
971.088565	-24.339074
971.403223	-24.261395
971.718084	-24.187960
972.033149	-24.118733
972.348419	-24.053651
972.663893	-23.992612
972.979572	-23.935474
973.295456	-23.882056
973.611546	-23.832138
973.927840	-23.785471
974.244340	-23.741781
974.561046	-23.700778
974.877958	-23.662167
975.195076	-23.625654
975.512401	-23.590953
975.829932	-23.557794
976.147670	-23.525935
976.465615	-23.495160
976.783767	-23.465277
977.102126	-23.436125
977.420693	-23.407562
977.739468	-23.379468
978.058451	-23.351748
978.377642	-23.324313
978.697041	-23.297086
979.016649	-23.269987
979.336466	-23.242927
979.656492	-23.215802
979.976727	-23.188486
980.297171	-23.160828
980.617825	-23.132658
980.938689	-23.103799
981.259763	-23.074076
981.581048	-23.043329
981.902542	-23.011422
982.224248	-22.978238
982.546164	-22.943696
982.868291	-22.907754
983.190630	-22.870407
983.513180	-22.831705
983.835942	-22.791747
984.158916	-22.750685
984.482101	-22.708721
984.805500	-22.666091
985.129110	-22.623062
985.452934	-22.579911
985.776970	-22.536913
986.101220	-22.494344
986.425683	-22.452473
986.750359	-22.411569
987.075250	-22.371897
987.400354	-22.333714
987.725673	-22.297263
988.051206	-22.262771
988.376954	-22.230438
988.702916	-22.200452
989.029094	-22.172984
989.355487	-22.148201
989.682095	-22.126281
990.008919	-22.107413
990.335959	-22.091798
990.663216	-22.079642
990.990688	-22.071145
991.318377	-22.066497
991.646283	-22.065872
991.974406	-22.069438
992.302746	-22.077354
992.631304	-22.089771
992.960079	-22.106839
993.289072	-22.128696
993.618283	-22.155460
993.947713	-22.187225
994.277361	-22.224041
994.607227	-22.265924
994.937313	-22.312856
995.267618	-22.364794
995.598142	-22.421674
995.928886	-22.483416
996.259849	-22.549927
996.591033	-22.621096
996.922437	-22.696796
997.254061	-22.776878
997.585906	-22.861167
997.917972	-22.949461
998.250260	-23.041534
998.582768	-23.137148
998.915498	-23.236050
999.248450	-23.337973
999.581624	-23.442632
999.915020	-23.549723
1000.248639	-23.658925
1000.582480	-23.769886
1000.916545	-23.882220
1001.250832	-23.995506
1001.585343	-24.109291
1001.920077	-24.223091
1002.255035	-24.336385
1002.590218	-24.448626
1002.925624	-24.559257
1003.261255	-24.667714
1003.597111	-24.773433
1003.933192	-24.875853
1004.269497	-24.974412
1004.606029	-25.068547
1004.942785	-25.157695
1005.279768	-25.241297
1005.616977	-25.318804
1005.954412	-25.389707
1006.292074	-25.453555
1006.629962	-25.509976
1006.968077	-25.558696
1007.306420	-25.599550
1007.644990	-25.632490
1007.983787	-25.657582
1008.322813	-25.675002
1008.662067	-25.685033
1009.001549	-25.688058
1009.341259	-25.684550
1009.681199	-25.675061
1010.021367	-25.660215
1010.361765	-25.640676
1010.702392	-25.617153
1011.043250	-25.590381
1011.384337	-25.561118
1011.725654	-25.530131
1012.067202	-25.498178
1012.408980	-25.465995
1012.750989	-25.434275
1013.093230	-25.403676
1013.435702	-25.374809
1013.778405	-25.348242
1014.121341	-25.324517
1014.464508	-25.304138
1014.807908	-25.287573
1015.151540	-25.275247
1015.495405	-25.267562
1015.839503	-25.264887
1016.183835	-25.267577
1016.528400	-25.275959
1016.873198	-25.290343
1017.218231	-25.311022
1017.563498	-25.338266
1017.908999	-25.372319
1018.254735	-25.413408
1018.600707	-25.461746
1018.946913	-25.517530
1019.293354	-25.580942
1019.640032	-25.652157
1019.986945	-25.731357
1020.334094	-25.818740
1020.681480	-25.914543
1021.029102	-26.019041
1021.376961	-26.132551
1021.725058	-26.255451
1022.073391	-26.388173
1022.421962	-26.531213
1022.770772	-26.685151
1023.119819	-26.850656
1023.469104	-27.028502
1023.818628	-27.219555
1024.168391	-27.424776
1024.518393	-27.645234
1024.868634	-27.882134
1025.219115	-28.136810
1025.569836	-28.410731
1025.920796	-28.705513
1026.271997	-29.022946
1026.623438	-29.365011
1026.975121	-29.733899
1027.327044	-30.132048
1027.679208	-30.562187
1028.031614	-31.027369
1028.384262	-31.530981
1028.737152	-32.076789
1029.090284	-32.668917
1029.443659	-33.311710
1029.797276	-34.009427
1030.151137	-34.765616
1030.505240	-35.581733
1030.859587	-36.454456
1031.214178	-37.370592
1031.569013	-38.298232
1031.924093	-39.173737
1032.279417	-39.890567
1032.634985	-40.310145
1032.990799	-40.318708
1033.346858	-39.903314
1033.703162	-39.161988
1034.059712	-38.234558
1034.416509	-37.236664
1034.773551	-36.240494
1035.130841	-35.283532
1035.488377	-34.382008
1035.846160	-33.540718
1036.204190	-32.758827
1036.562468	-32.032988
1036.920994	-31.358889
1037.279768	-30.732022
1037.638790	-30.148069
1037.998061	-29.603034
1038.357581	-29.093270
1038.717350	-28.615487
1039.077368	-28.166759
1039.437636	-27.744458
1039.798154	-27.346211
1040.158922	-26.969889
1040.519940	-26.613586
1040.881209	-26.275586
1041.242729	-25.954339
1041.604501	-25.648467
1041.966524	-25.356758
1042.328798	-25.078139
1042.691325	-24.811650
1043.054103	-24.556426
1043.417135	-24.311708
1043.780419	-24.076822
1044.143956	-23.851174
1044.507746	-23.634250
1044.871791	-23.425616
1045.236088	-23.224908
1045.600641	-23.031814
1045.965447	-22.846080
1046.330508	-22.667500
1046.695824	-22.495911
1047.061395	-22.331186
1047.427222	-22.173234
1047.793304	-22.021988
1048.159642	-21.877407
1048.526237	-21.739477
1048.893088	-21.608204
1049.260196	-21.483606
1049.627561	-21.365701
1049.995183	-21.254514
1050.363063	-21.150074
1050.731201	-21.052414
1051.099597	-20.961565
1051.468251	-20.877555
1051.837164	-20.800409
1052.206336	-20.730153
1052.575767	-20.666800
1052.945458	-20.610360
1053.315409	-20.560847
1053.685619	-20.518274
1054.056090	-20.482651
1054.426821	-20.453985
1054.797814	-20.432267
1055.169067	-20.417478
1055.540582	-20.409577
1055.912359	-20.408502
1056.284398	-20.414172
1056.656698	-20.426487
1057.029262	-20.445324
1057.402088	-20.470546
1057.775177	-20.502001
1058.148530	-20.539516
1058.522146	-20.582894
1058.896027	-20.631925
1059.270171	-20.686387
1059.644580	-20.746051
1060.019254	-20.810692
1060.394193	-20.880104
1060.769397	-20.954093
1061.144867	-21.032477
1061.520602	-21.115108
1061.896604	-21.201880
1062.272872	-21.292714
1062.649407	-21.387556
1063.026210	-21.486380
1063.403279	-21.589190
1063.780616	-21.696019
1064.158221	-21.806938
1064.536094	-21.922059
1064.914235	-22.041522
1065.292645	-22.165487
1065.671325	-22.294155
1066.050273	-22.427766
1066.429491	-22.566605
1066.808979	-22.711010
1067.188738	-22.861369
1067.568766	-23.018119
1067.949066	-23.181772
1068.329636	-23.352908
1068.710478	-23.532167
1069.091592	-23.720255
1069.472977	-23.917949
1069.854635	-24.126084
1070.236565	-24.345555
1070.618768	-24.577320
1071.001243	-24.822393
1071.383993	-25.081845
1071.767016	-25.356824
1072.150313	-25.648586
1072.533884	-25.958510
1072.917730	-26.288098
1073.301850	-26.638997
1073.686246	-27.013041
1074.070917	-27.412321
1074.455864	-27.839275
1074.841087	-28.296742
1075.226586	-28.788054
1075.612362	-29.317212
1075.998415	-29.889099
1076.384745	-30.509737
1076.771353	-31.186626
1077.158238	-31.929252
1077.545401	-32.749839
1077.932843	-33.664469
1078.320564	-34.694870
1078.708564	-35.871262
1079.096842	-37.236893
1079.485401	-38.855914
1079.874240	-40.826608
1080.263358	-43.296396
1080.652757	-46.411795
1081.042438	-49.576824
1081.432399	-49.366105
1081.822641	-46.073863
1082.213166	-42.960309
1082.603972	-40.487161
1082.995061	-38.499318
1083.386433	-36.853318
1083.778087	-35.453880
1084.170025	-34.238487
1084.562246	-33.164781
1084.954751	-32.202902
1085.347541	-31.331066
1085.740615	-30.532900
1086.133973	-29.795769
1086.527617	-29.109774
1086.921546	-28.467060
1087.315761	-27.861316
1087.710262	-27.287469
1088.105050	-26.741445
1088.500124	-26.219954
1088.895485	-25.720377
1089.291134	-25.240627
1089.687070	-24.779052
1090.083294	-24.334384
1090.479806	-23.905615
1090.876607	-23.491932
1091.273696	-23.092692
1091.671075	-22.707355
1092.068744	-22.335426
1092.466702	-21.976433
1092.864950	-21.629899
1093.263489	-21.295339
1093.662319	-20.972244
1094.061440	-20.660070
1094.460852	-20.358245
1094.860555	-20.066170
1095.260551	-19.783236
1095.660840	-19.508839
1096.061421	-19.242387
1096.462295	-18.983347
1096.863462	-18.731243
1097.264923	-18.485627
1097.666678	-18.246111
1098.068727	-18.012377
1098.471071	-17.784171
1098.873710	-17.561288
1099.276644	-17.343564
1099.679874	-17.130884
1100.083400	-16.923184
1100.487222	-16.720415
1100.891340	-16.522522
1101.295756	-16.329465
1101.700468	-16.141211
1102.105478	-15.957712
1102.510787	-15.778876
1102.916393	-15.604589
1103.322298	-15.434722
1103.728502	-15.269107
1104.135005	-15.107518
1104.541807	-14.949694
1104.948909	-14.795362
1105.356312	-14.644227
1105.764015	-14.495963
1106.172019	-14.350238
1106.580324	-14.206724
1106.988931	-14.065107
1107.397840	-13.925076
1107.807051	-13.786344
1108.216564	-13.648674
1108.626380	-13.511875
1109.036500	-13.375801
1109.446923	-13.240374
1109.857649	-13.105591
1110.268680	-12.971509
1110.680016	-12.838234
1111.091657	-12.705932
1111.503602	-12.574839
1111.915854	-12.445236
1112.328411	-12.317423
1112.741275	-12.191719
1113.154445	-12.068461
1113.567922	-11.947962
1113.981706	-11.830498
1114.395798	-11.716312
1114.810198	-11.605607
1115.224906	-11.498539
1115.639923	-11.395209
1116.055249	-11.295658
1116.470884	-11.199868
1116.886829	-11.107762
1117.303084	-11.019208
1117.719650	-10.934026
1118.136526	-10.851987
1118.553713	-10.772837
1118.971212	-10.696305
1119.389022	-10.622111
1119.807145	-10.549989
1120.225580	-10.479684
1120.644328	-10.410963
1121.063389	-10.343616
1121.482763	-10.277448
1121.902452	-10.212294
1122.322454	-10.148014
1122.742771	-10.084499
1123.163404	-10.021678
1123.584351	-9.959532
1124.005614	-9.898103
1124.427193	-9.837482
1124.849089	-9.777798
1125.271301	-9.719222
1125.693830	-9.661955
1126.116677	-9.606207
1126.539842	-9.552201
1126.963324	-9.500156
1127.387126	-9.450285
1127.811246	-9.402793
1128.235685	-9.357857
1128.660444	-9.315629
1129.085522	-9.276232
1129.510922	-9.239754
1129.936641	-9.206250
1130.362682	-9.175732
1130.789044	-9.148171
1131.215728	-9.123489
1131.642734	-9.101576
1132.070063	-9.082283
1132.497714	-9.065429
1132.925689	-9.050820
1133.353987	-9.038251
1133.782610	-9.027504
1134.211556	-9.018355
1134.640827	-9.010593
1135.070424	-9.004021
1135.500345	-8.998439
1135.930593	-8.993663
1136.361166	-8.989532
1136.792067	-8.985900
1137.223294	-8.982640
1137.654848	-8.979654
1138.086730	-8.976885
1138.518940	-8.974312
1138.951479	-8.971952
1139.384346	-8.969866
1139.817543	-8.968146
1140.251069	-8.966914
1140.684925	-8.966325
1141.119111	-8.966557
1141.553628	-8.967791
1141.988475	-8.970220
1142.423655	-8.974040
1142.859166	-8.979439
1143.295009	-8.986601
1143.731185	-8.995701
1144.167694	-9.006894
1144.604536	-9.020320
1145.041711	-9.036109
1145.479221	-9.054366
1145.917065	-9.075166
1146.355245	-9.098578
1146.793759	-9.124641
1147.232609	-9.153358
1147.671795	-9.184710
1148.111317	-9.218658
1148.551177	-9.255133
1148.991373	-9.294041
1149.431907	-9.335290
1149.872779	-9.378770
1150.313989	-9.424344
1150.755538	-9.471874
1151.197426	-9.521226
1151.639653	-9.572255
1152.082220	-9.624814
1152.525128	-9.678758
1152.968376	-9.733941
1153.411966	-9.790227
1153.855897	-9.847486
1154.300169	-9.905595
1154.744784	-9.964451
1155.189742	-10.023965
1155.635042	-10.084066
1156.080687	-10.144715
1156.526674	-10.205908
1156.973007	-10.267655
1157.419683	-10.329986
1157.866705	-10.392956
1158.314072	-10.456630
1158.761786	-10.521075
1159.209845	-10.586381
1159.658251	-10.652643
1160.107004	-10.719943
1160.556104	-10.788370
1161.005553	-10.858009
1161.455349	-10.928938
1161.905494	-11.001239
1162.355989	-11.075011
1162.806832	-11.150343
1163.258026	-11.227322
1163.709570	-11.306044
1164.161464	-11.386605
1164.613710	-11.469087
1165.066307	-11.553563
1165.519256	-11.640093
1165.972558	-11.728724
1166.426212	-11.819500
1166.880219	-11.912441
1167.334580	-12.007546
1167.789295	-12.104793
1168.244364	-12.204160
1168.699788	-12.305640
1169.155567	-12.409212
1169.611702	-12.514870
1170.068193	-12.622626
1170.525041	-12.732472
1170.982245	-12.844398
1171.439807	-12.958413
1171.897726	-13.074503
1172.356004	-13.192637
1172.814640	-13.312789
1173.273635	-13.434908
1173.732989	-13.558918
1174.192703	-13.684756
1174.652778	-13.812347
1175.113213	-13.941623
1175.574009	-14.072531
1176.035167	-14.205012
1176.496687	-14.339038
1176.958569	-14.474596
1177.420814	-14.611639
1177.883422	-14.750129
1178.346394	-14.890018
1178.809730	-15.031244
1179.273430	-15.173730
1179.737496	-15.317376
1180.201927	-15.462061
1180.666723	-15.607680
1181.131886	-15.754118
1181.597416	-15.901272
1182.063312	-16.049079
1182.529576	-16.197494
1182.996209	-16.346464
1183.463209	-16.495980
1183.930579	-16.646012
1184.398317	-16.796494
1184.866426	-16.947365
1185.334904	-17.098547
1185.803754	-17.249946
1186.272974	-17.401433
1186.742566	-17.552875
1187.212529	-17.704187
1187.682865	-17.855308
1188.153574	-18.006153
1188.624656	-18.156672
1189.096112	-18.306888
1189.567942	-18.456782
1190.040147	-18.606309
1190.512726	-18.755425
1190.985681	-18.904017
1191.459012	-19.051955
1191.932720	-19.199110
1192.406804	-19.345307
1192.881265	-19.490408
1193.356104	-19.634290
1193.831322	-19.776831
1194.306918	-19.918000
1194.782893	-20.057787
1195.259248	-20.196160
1195.735982	-20.333140
1196.213097	-20.468670
1196.690593	-20.602641
1197.168471	-20.734933
1197.646730	-20.865373
1198.125371	-20.993821
1198.604395	-21.120171
1199.083803	-21.244311
1199.563594	-21.366227
1200.043769	-21.485914
1200.524329	-21.603403
1201.005273	-21.718820
1201.486604	-21.832224
1201.968320	-21.943639
1202.450422	-22.053046
1202.932912	-22.160327
1203.415789	-22.265399
1203.899054	-22.368160
1204.382707	-22.468566
1204.866748	-22.566681
1205.351179	-22.662532
1205.836000	-22.756257
1206.321211	-22.848054
1206.806812	-22.938066
1207.292805	-23.026447
1207.779189	-23.113229
1208.265965	-23.198364
1208.753134	-23.281801
1209.240696	-23.363389
1209.728651	-23.443065
1210.217000	-23.520806
1210.705744	-23.596660
1211.194883	-23.670774
1211.684417	-23.743208
1212.174347	-23.814126
1212.664673	-23.883609
1213.155396	-23.951620
1213.646516	-24.018109
1214.138034	-24.082815
1214.629951	-24.145531
1215.122266	-24.206046
1215.614980	-24.264162
1216.108095	-24.319947
1216.601609	-24.373413
1217.095524	-24.424671
1217.589841	-24.473847
1218.084559	-24.520883
1218.579679	-24.565760
1219.075202	-24.608358
1219.571128	-24.648555
1220.067458	-24.686151
1220.564191	-24.720950
1221.061330	-24.753093
1221.558874	-24.782670
1222.056823	-24.809876
1222.555178	-24.835027
1223.053940	-24.858333
1223.553109	-24.880025
1224.052686	-24.900147
1224.552671	-24.918663
1225.053065	-24.935482
1225.553867	-24.950513
1226.055079	-24.963824
1226.556702	-24.975481
1227.058735	-24.985739
1227.561179	-24.994930
1228.064035	-25.003275
1228.567303	-25.011027
1229.070983	-25.018178
1229.575077	-25.024493
1230.079585	-25.029741
1230.584506	-25.033787
1231.089842	-25.036498
1231.595594	-25.037787
1232.101761	-25.037820
1232.608345	-25.036800
1233.115345	-25.034845
1233.622762	-25.032015
1234.130597	-25.028187
1234.638851	-25.023086
1235.147523	-25.016460
1235.656615	-25.007993
1236.166126	-24.997443
1236.676058	-24.984942
1237.186411	-24.970718
1237.697185	-24.955009
1238.208381	-24.938036
1238.719999	-24.919943
1239.232040	-24.900768
1239.744505	-24.880312
1240.257394	-24.858426
1240.770708	-24.835001
1241.284446	-24.810123
1241.798610	-24.784080
1242.313201	-24.757311
1242.828218	-24.730295
1243.343662	-24.703389
1243.859534	-24.676784
1244.375834	-24.650468
1244.892563	-24.624410
1245.409721	-24.598537
1245.927309	-24.572931
1246.445327	-24.547798
1246.963777	-24.523643
1247.482657	-24.501049
1248.001970	-24.480336
1248.521716	-24.461750
1249.041894	-24.445313
1249.562506	-24.430919
1250.083553	-24.418422
1250.605034	-24.407817
1251.126950	-24.399244
1251.649302	-24.393019
1252.172091	-24.389561
1252.695316	-24.389196
1253.218979	-24.392212
1253.743079	-24.398486
1254.267619	-24.407702
1254.792597	-24.419663
1255.318015	-24.434256
1255.843874	-24.451504
1256.370173	-24.471660
1256.896913	-24.495074
1257.424095	-24.521945
1257.951720	-24.552407
1258.479787	-24.586235
1259.008298	-24.623098
1259.537254	-24.662683
1260.066654	-24.704600
1260.596499	-24.748999
1261.126790	-24.796128
1261.657527	-24.846208
1262.188711	-24.899402
1262.720342	-24.955686
1263.252422	-25.014777
1263.784950	-25.076200
1264.317928	-25.139552
1264.851355	-25.204628
1265.385232	-25.271524
1265.919560	-25.340425
1266.454340	-25.411750
1266.989572	-25.485623
1267.525256	-25.561770
1268.061394	-25.639822
1268.597985	-25.719383
1269.135031	-25.800185
1269.672531	-25.882269
1270.210487	-25.965743
1270.748899	-26.051200
1271.287768	-26.139070
1271.827094	-26.229396
1272.366877	-26.321942
1272.907119	-26.416472
1273.447820	-26.512677
1273.988981	-26.610569
1274.530601	-26.710591
1275.072683	-26.813330
1275.615226	-26.919485
1276.158230	-27.029305
1276.701697	-27.142962
1277.245627	-27.260213
1277.790021	-27.380801
1278.334879	-27.504772
1278.880202	-27.632709
1279.425991	-27.765282
1279.972245	-27.903298
1280.518966	-28.047306
1281.066155	-28.197415
1281.613811	-28.353432
1282.161936	-28.515103
1282.710529	-28.682302
1283.259593	-28.855593
1283.809126	-29.035760
1284.359131	-29.223538
1284.909607	-29.419411
1285.460555	-29.623355
1286.011976	-29.834883
1286.563870	-30.053533
1287.116237	-30.279122
1287.669080	-30.511898
1288.222397	-30.752464
1288.776191	-31.001387
1289.330460	-31.258821
1289.885207	-31.524113
1290.440431	-31.796033
1290.996133	-32.073391
1291.552314	-32.355620
1292.108975	-32.642384
1292.666115	-32.933620
1293.223737	-33.229112
1293.781839	-33.527502
1294.340424	-33.826753
1294.899491	-34.123934
1295.459041	-34.416280
1296.019075	-34.701566
1296.579593	-34.978424
1297.140597	-35.245312
1297.702086	-35.499703
1298.264061	-35.738201
1298.826524	-35.957305
1299.389474	-36.152511
1299.952912	-36.320889
1300.516839	-36.460938
1301.081255	-36.572438
1301.646162	-36.655370
1302.211559	-36.709921
1302.777448	-36.735786
1303.343829	-36.732625
1303.910702	-36.701430
1304.478069	-36.644902
1305.045930	-36.565946
1305.614285	-36.469296
1306.183136	-36.358699
1306.752483	-36.236438
1307.322326	-36.104084
1307.892666	-35.963025
1308.463504	-35.815591
1309.034841	-35.664651
1309.606677	-35.513447
1310.179012	-35.364432
1310.751849	-35.218823
1311.325186	-35.077001
1311.899025	-34.939178
1312.473366	-34.805566
1313.048211	-34.677722
1313.623559	-34.557545
1314.199412	-34.446360
1314.775770	-34.344302
1315.352634	-34.251221
1315.930004	-34.166199
1316.507881	-34.088972
1317.086266	-34.020230
1317.665159	-33.960944
1318.244562	-33.912046
1318.824474	-33.873072
1319.404897	-33.842778
1319.985831	-33.819909
1320.567276	-33.804115
1321.149234	-33.795397
1321.731706	-33.793689
1322.314691	-33.798745
1322.898190	-33.809322
1323.482205	-33.823193
1324.066736	-33.837696
1324.651783	-33.851202
1325.237347	-33.862136
1325.823430	-33.868840
1326.410031	-33.868758
1326.997151	-33.858720
1327.584791	-33.834705
1328.172952	-33.792583
1328.761634	-33.728791
1329.350839	-33.641124
1329.940566	-33.527679
1330.530817	-33.386302
1331.121592	-33.215014
1331.712891	-33.012126
1332.304716	-32.777331
1332.897068	-32.511699
1333.489946	-32.217620
1334.083352	-31.898225
1334.677287	-31.556326
1335.271750	-31.194357
1335.866744	-30.815017
1336.462268	-30.421401
1337.058323	-30.016803
1337.654910	-29.604564
1338.252029	-29.187570
1338.849682	-28.768016
1339.447869	-28.347587
1340.046591	-27.927433
1340.645848	-27.509016
1341.245641	-27.093952
1341.845972	-26.683388
1342.446840	-26.278236
1343.048246	-25.878958
1343.650191	-25.485542
1344.252677	-25.098254
1344.855702	-24.717550
1345.459269	-24.343810
1346.063379	-23.977301
1346.668030	-23.618023
1347.273226	-23.265642
1347.878965	-22.920072
1348.485250	-22.581322
1349.092080	-22.249432
1349.699456	-21.924544
1350.307380	-21.606524
1350.915851	-21.294970
1351.524871	-20.989715
1352.134441	-20.690603
1352.744560	-20.397612
1353.355231	-20.110771
1353.966453	-19.829919
1354.578227	-19.554729
1355.190555	-19.284994
1355.803436	-19.020580
1356.416872	-18.761458
1357.030863	-18.507624
1357.645411	-18.258932
1358.260515	-18.015195
1358.876177	-17.776205
1359.492397	-17.541861
1360.109176	-17.312159
1360.726516	-17.087044
1361.344416	-16.866410
1361.962877	-16.650080
1362.581901	-16.437879
1363.201487	-16.229702
1363.821637	-16.025527
1364.442352	-15.825342
1365.063632	-15.629029
1365.685478	-15.436443
1366.307891	-15.247517
1366.930871	-15.062174
1367.554420	-14.880423
1368.178538	-14.702293
1368.803226	-14.527682
1369.428485	-14.356497
1370.054315	-14.188678
1370.680717	-14.024161
1371.307693	-13.862945
1371.935242	-13.704969
1372.563366	-13.550121
1373.192065	-13.398310
1373.821341	-13.249422
1374.451193	-13.103423
1375.081623	-12.960294
1375.712632	-12.819950
1376.344221	-12.682364
1376.976389	-12.547489
1377.609139	-12.415270
1378.242470	-12.285733
1378.876384	-12.158880
1379.510881	-12.034700
1380.145963	-11.913144
1380.781629	-11.794141
1381.417881	-11.677676
1382.054720	-11.563715
1382.692147	-11.452205
1383.330161	-11.343113
1383.968765	-11.236337
1384.607959	-11.131857
1385.247743	-11.029648
1385.888119	-10.929683
1386.529087	-10.831955
1387.170648	-10.736445
1387.812804	-10.643097
1388.455554	-10.551878
1389.098899	-10.462778
1389.742842	-10.375757
1390.387381	-10.290760
1391.032519	-10.207711
1391.678256	-10.126521
1392.324592	-10.047131
1392.971529	-9.969487
1393.619068	-9.893536
1394.267208	-9.819237
1394.915952	-9.746525
1395.565300	-9.675407
1396.215253	-9.605903
1396.865812	-9.538077
1397.516977	-9.471997
1398.168749	-9.407685
1398.821130	-9.345192
1399.474120	-9.284588
1400.127719	-9.225931
1400.781930	-9.169246
1401.436752	-9.114514
1402.092186	-9.061699
1402.748234	-9.010791
1403.404897	-8.961809
1404.062174	-8.914784
1404.720067	-8.869730
1405.378577	-8.826710
1406.037705	-8.785852
1406.697451	-8.747320
1407.357817	-8.711297
1408.018803	-8.677937
1408.680410	-8.647382
1409.342639	-8.619767
1410.005492	-8.595215
1410.668968	-8.573824
1411.333068	-8.555610
1411.997795	-8.540548
1412.663147	-8.528620
1413.329127	-8.519825
1413.995736	-8.514190
1414.662973	-8.511711
1415.330840	-8.512372
1415.999339	-8.516245
1416.668469	-8.523467
1417.338232	-8.534162
1418.008628	-8.548441
1418.679659	-8.566428
1419.351325	-8.588232
1420.023628	-8.614004
1420.696568	-8.643842
1421.370145	-8.677770
1422.044362	-8.715736
1422.719219	-8.757687
1423.394717	-8.803534
1424.070856	-8.853139
1424.747638	-8.906299
1425.425064	-8.962735
1426.103134	-9.022256
1426.781850	-9.084696
1427.461212	-9.149911
1428.141221	-9.217769
1428.821878	-9.288191
1429.503185	-9.361191
1430.185141	-9.436883
1430.867749	-9.515378
1431.551008	-9.596686
1432.234920	-9.680818
1432.919486	-9.767712
1433.604707	-9.857230
1434.290583	-9.949028
1434.977116	-10.042540
1435.664307	-10.137040
1436.352156	-10.231717
1437.040664	-10.325668
1437.729833	-10.417880
1438.419663	-10.507278
1439.110156	-10.592879
1439.801312	-10.673939
1440.493132	-10.749866
1441.185617	-10.820218
1441.878768	-10.884741
1442.572586	-10.943469
1443.267072	-10.996663
1443.962228	-11.044695
1444.658053	-11.087931
1445.354549	-11.126698
1446.051717	-11.161357
1446.749558	-11.192226
1447.448073	-11.219400
1448.147263	-11.242727
1448.847128	-11.261966
1449.547671	-11.276857
1450.248891	-11.287134
1450.950789	-11.292470
1451.653368	-11.292587
1452.356627	-11.287478
1453.060568	-11.277554
1453.765192	-11.263448
1454.470500	-11.245999
1455.176492	-11.226330
1455.883170	-11.205920
1456.590534	-11.186390
1457.298586	-11.169240
1458.007327	-11.155789
1458.716758	-11.147163
1459.426880	-11.144255
1460.137693	-11.147498
1460.849199	-11.156743
1461.561398	-11.171359
1462.274293	-11.190458
1462.987883	-11.212880
1463.702170	-11.237162
1464.417155	-11.261762
1465.132838	-11.285395
1465.849222	-11.307226
1466.566306	-11.326838
1467.284093	-11.344216
1468.002582	-11.359955
1468.721775	-11.375327
1469.441674	-11.392009
1470.162278	-11.411728
1470.883590	-11.436236
1471.605609	-11.467258
1472.328338	-11.506253
1473.051777	-11.554068
1473.775928	-11.610797
1474.500790	-11.675912
1475.226367	-11.748259
1475.952657	-11.825823
1476.679663	-11.905663
1477.407386	-11.984216
1478.135826	-12.057534
1478.864985	-12.121385
1479.594863	-12.171327
1480.325463	-12.203197
1481.056784	-12.213710
1481.788828	-12.200719
1482.521597	-12.163255
1483.255090	-12.101767
1483.989309	-12.018391
1484.724256	-11.916745
1485.459931	-11.801394
1486.196336	-11.677473
1486.933471	-11.550544
1487.671337	-11.426272
1488.409937	-11.309830
1489.149270	-11.205630
1489.889337	-11.117364
1490.630141	-11.047961
1491.371682	-10.999299
1492.113961	-10.972073
1492.856979	-10.965934
1493.600738	-10.979622
1494.345238	-11.010836
1495.090481	-11.056072
1495.836467	-11.110970
1496.583198	-11.170610
1497.330675	-11.229582
1498.078899	-11.282176
1498.827872	-11.322940
1499.577593	-11.347247
1500.328065	-11.351526
1501.079289	-11.333345
1501.831265	-11.291729
1502.583995	-11.227200
1503.337480	-11.141403
1504.091721	-11.036589
1504.846719	-10.915374
1505.602475	-10.780513
1506.358991	-10.634406
1507.116268	-10.478739
1507.874306	-10.314558
1508.633108	-10.142340
1509.392673	-9.961873
1510.153004	-9.772331
1510.914101	-9.572635
1511.675965	-9.361733
1512.438599	-9.138722
1513.202002	-8.903081
1513.966176	-8.655004
1514.731122	-8.395610
1515.496842	-8.126892
1516.263336	-7.851667
1517.030607	-7.573613
1517.798654	-7.297087
1518.567479	-7.026829
1519.337083	-6.767769
1520.107468	-6.524914
1520.878634	-6.303198
1521.650584	-6.107286
1522.423317	-5.941553
1523.196836	-5.810107
1523.971141	-5.716764
1524.746233	-5.665067
1525.522115	-5.658314
1526.298786	-5.699670
1527.076249	-5.792219
1527.854504	-5.938972
1528.633553	-6.142930
1529.413397	-6.407162
1530.194037	-6.734776
1530.975474	-7.128833
1531.757709	-7.592198
1532.540745	-8.127205
1533.324581	-8.734954
1534.109220	-9.414044
1534.894662	-10.158373
1535.680909	-10.953445
1536.467961	-11.770949
1537.255821	-12.562162
1538.044489	-13.254348
1538.833967	-13.759336
1539.624256	-14.002584
1540.415357	-13.961856
1541.207271	-13.681838
1542.000000	-13.248977
1542.793545	-12.752777
1543.587907	-12.262905
1544.383087	-11.825326
1545.179088	-11.467455
1545.975909	-11.204607
1546.773552	-11.045042
1547.572019	-10.993065
1548.371311	-11.050854
1549.171428	-11.219454
1549.972373	-11.499215
1550.774147	-11.889670
1551.576751	-12.388874
1552.380185	-12.992139
1553.184453	-13.689630
1553.989554	-14.462093
1554.795490	-15.274291
1555.602263	-16.066909
1556.409873	-16.751934
1557.218322	-17.223352
1558.027612	-17.393787
1558.837743	-17.241159
1559.648717	-16.820625
1560.460536	-16.228180
1561.273200	-15.555344
1562.086710	-14.867585
1562.901069	-14.204253
1563.716278	-13.586248
1564.532337	-13.023420
1565.349249	-12.519703
1566.167014	-12.076171
1566.985634	-11.692678
1567.805111	-11.368581
1568.625444	-11.103054
1569.446637	-10.895262
1570.268690	-10.744287
1571.091605	-10.648995
1571.915382	-10.607986
1572.740024	-10.619531
1573.565532	-10.681460
1574.391907	-10.791060
1575.219150	-10.945060
1576.047262	-11.139635
1576.876246	-11.370334
1577.706103	-11.632074
1578.536833	-11.919297
1579.368439	-12.226040
1580.200922	-12.545968
1581.034282	-12.872634
1581.868522	-13.199766
1582.703643	-13.521350
1583.539646	-13.831832
1584.376532	-14.126463
1585.214304	-14.401422
1586.052962	-14.653752
1586.892508	-14.881485
1587.732943	-15.083752
1588.574269	-15.260342
1589.416487	-15.411441
1590.259599	-15.537628
1591.103605	-15.639287
1591.948508	-15.716121
1592.794309	-15.767347
1593.641009	-15.791606
1594.488609	-15.786956
1595.337112	-15.751534
1596.186518	-15.684401
1597.036829	-15.585896
1597.888047	-15.457968
1598.740172	-15.304771
1599.593207	-15.132220
1600.447153	-14.947055
1601.302010	-14.756542
1602.157782	-14.567742
1603.014469	-14.386392
1603.872072	-14.216742
1604.730593	-14.061586
1605.590034	-13.921872
1606.450397	-13.796869
1607.311681	-13.684929
1608.173890	-13.583765
1609.037024	-13.490694
1609.901085	-13.403575
1610.766075	-13.321314
1611.631995	-13.243652
1612.498846	-13.171447
1613.366630	-13.106746
1614.235349	-13.051849
1615.105004	-13.008837
1615.975596	-12.979410
1616.847128	-12.964005
1617.719600	-12.961286
1618.593014	-12.968463
1619.467372	-12.981252
1620.342675	-12.993952
1621.218924	-13.000557
1622.096122	-12.995741
1622.974270	-12.975345
1623.853369	-12.937347
1624.733420	-12.882466
1625.614427	-12.813478
1626.496389	-12.734621
1627.379308	-12.651045
1628.263187	-12.567432
1629.148026	-12.487168
1630.033828	-12.412266
1630.920593	-12.343059
1631.808324	-12.278271
1632.697022	-12.215919
1633.586688	-12.153973
1634.477324	-12.090801
1635.368932	-12.025987
1636.261514	-11.960664
1637.155070	-11.897050
1638.049602	-11.838198
1638.945113	-11.787452
1639.841603	-11.747396
1640.739075	-11.719409
1641.637529	-11.703435
1642.536968	-11.697705
1643.437393	-11.699104
1644.338806	-11.703934
1645.241209	-11.708603
1646.144602	-11.710439
1647.048988	-11.708497
1647.954368	-11.703710
1648.860744	-11.698561
1649.768118	-11.696550
1650.676491	-11.701177
1651.585865	-11.714897
1652.496241	-11.738516
1653.407621	-11.770787
1654.320008	-11.808462
1655.233401	-11.846981
1656.147804	-11.881470
1657.063218	-11.907841
1657.979645	-11.923780
1658.897085	-11.929318
1659.815542	-11.926562
1660.735016	-11.918864
1661.655509	-11.909754
1662.577023	-11.901672
1663.499560	-11.895155
1664.423121	-11.888763
1665.347709	-11.879446
1666.273324	-11.863542
1667.199969	-11.838199
1668.127645	-11.802428
1669.056353	-11.757667
1669.986097	-11.707677
1670.916877	-11.657531
1671.848695	-11.612237
1672.781553	-11.575552
1673.715452	-11.549009
1674.650395	-11.531624
1675.586383	-11.520517
1676.523418	-11.511851
1677.461501	-11.502182
1678.400635	-11.489808
1679.340821	-11.475333
1680.282061	-11.461548
1681.224357	-11.452565
1682.167710	-11.452358
1683.112122	-11.463428
1684.057595	-11.485931
1685.004132	-11.517442
1685.951732	-11.553553
1686.900400	-11.589252
1687.850135	-11.620378
1688.800940	-11.644919
1689.752818	-11.663587
1690.705768	-11.679187
1691.659795	-11.695373
1692.614898	-11.715019
1693.571081	-11.738874
1694.528345	-11.765146
1695.486691	-11.790016
1696.446122	-11.808991
1697.406640	-11.818699
1698.368245	-11.818314
1699.330941	-11.809999
1700.294729	-11.798235
1701.259611	-11.788202
1702.225588	-11.783981
1703.192664	-11.787299
1704.160838	-11.797147
1705.130114	-11.810536
1706.100493	-11.824001
1707.071977	-11.835233
1708.044568	-11.844282
1709.018268	-11.853572
1709.993079	-11.866910
1710.969003	-11.887853
1711.946041	-11.918011
1712.924196	-11.956273
1713.903469	-11.998980
1714.883862	-12.041162
1715.865378	-12.078438
1716.848017	-12.108566
1717.831783	-12.132129
1718.816677	-12.151991
1719.802701	-12.171637
1720.789857	-12.193475
1721.778147	-12.217775
1722.767573	-12.242535
1723.758136	-12.264782
1724.749840	-12.282188
1725.742685	-12.294446
1726.736673	-12.303886
1727.731808	-12.314447
1728.728090	-12.330147
1729.725521	-12.353434
1730.724105	-12.384080
1731.723842	-12.419595
1732.724735	-12.456379
1733.726785	-12.491364
1734.729995	-12.523491
1735.734366	-12.553790
1736.739902	-12.584549
1737.746603	-12.617834
1738.754472	-12.653934
1739.763510	-12.691116
1740.773721	-12.726271
1741.785105	-12.756376
1742.797665	-12.780269
1743.811403	-12.799144
1744.826321	-12.816123
1745.842422	-12.834766
1746.859706	-12.857241
1747.878177	-12.883563
1748.897835	-12.911691
1749.918685	-12.938857
1750.940726	-12.963295
1751.963963	-12.985197
1752.988395	-13.006686
1754.014027	-13.030548
1755.040860	-13.058458
1756.068895	-13.089961
1757.098135	-13.122489
1758.128583	-13.152734
1759.160240	-13.178588
1760.193109	-13.200362
1761.227191	-13.220751
1762.262488	-13.243237
1763.299004	-13.269980
1764.336740	-13.300553
1765.375697	-13.332168
1766.415880	-13.361544
1767.457288	-13.387241
1768.499926	-13.410889
1769.543794	-13.436439
1770.588895	-13.467733
1771.635231	-13.505924
1772.682805	-13.548568
1773.731619	-13.591013
1774.781674	-13.629464
1775.832973	-13.663647
1776.885519	-13.696924
1777.939312	-13.733755
1778.994357	-13.775998
1780.050654	-13.820913
1781.108207	-13.862549
1782.167017	-13.895827
1783.227087	-13.920548
1784.288418	-13.941969
1785.351013	-13.967176
1786.414875	-13.999873
1787.480006	-14.037498
1788.546407	-14.073159
1789.614082	-14.101307
1790.683032	-14.122623
1791.753259	-14.144052
1792.824767	-14.173246
1793.897557	-14.212000
1794.971632	-14.254059
1796.046994	-14.289613
1797.123645	-14.313593
1798.201588	-14.330550
1799.280824	-14.351503
1800.361357	-14.384837
1801.443188	-14.428935
1802.526320	-14.473160
1803.610756	-14.506923
1804.696497	-14.529576
1805.783546	-14.551586
1806.871906	-14.585096
1807.961578	-14.632255
1809.052565	-14.681826
1810.144870	-14.718360
1811.238494	-14.736506
1812.333441	-14.746875
1813.429713	-14.766569
1814.527311	-14.802798
1815.626239	-14.845291
1816.726499	-14.875166
1817.828094	-14.883602
1818.931025	-14.881800
1820.035295	-14.890842
1821.140906	-14.920919
1822.247862	-14.960421
1823.356165	-14.986530
1824.465816	-14.988627
1825.576819	-14.980846
1826.689175	-14.988532
1827.802888	-15.022161
1828.917960	-15.065465
1830.034394	-15.090994
1831.152191	-15.089574
1832.271354	-15.081783
1833.391887	-15.096487
1834.513790	-15.139105
1835.637068	-15.183645
1836.761722	-15.198928
1837.887755	-15.183742
1839.015169	-15.169691
1840.143968	-15.185929
1841.274153	-15.225763
1842.405727	-15.252240
1843.538693	-15.240098
1844.673053	-15.207777
1845.808810	-15.198069
1846.945966	-15.228908
1848.084525	-15.271319
1849.224488	-15.281036
1850.365858	-15.252184
1851.508638	-15.226757
1852.652831	-15.244229
1853.798438	-15.292997
1854.945463	-15.321059
1856.093909	-15.298724
1857.243777	-15.258441
1858.395071	-15.255280
1859.547794	-15.297856
1860.701947	-15.334851
1861.857533	-15.317278
1863.014556	-15.264145
1864.173018	-15.239931
1865.332922	-15.271597
1866.494270	-15.312602
1867.657065	-15.300538
1868.821309	-15.242083
1869.987006	-15.206740
1871.154158	-15.234341
1872.322768	-15.281430
1873.492839	-15.276042
1874.664373	-15.217262
1875.837373	-15.178549
1877.011841	-15.205734
1878.187782	-15.253236
1879.365197	-15.243652
1880.544089	-15.178145
1881.724460	-15.136153
1882.906315	-15.161216
1884.089655	-15.199192
1885.274483	-15.174000
1886.460803	-15.101145
1887.648616	-15.065567
1888.837927	-15.096149
1890.028736	-15.123948
1891.221049	-15.084024
1892.414866	-15.016088
1893.610192	-15.002237
1894.807028	-15.040662
1896.005379	-15.047339
1897.205246	-14.986227
1898.406633	-14.927533
1899.609542	-14.934450
1900.813977	-14.963444
1902.019940	-14.933031
1903.227434	-14.858264
1904.436462	-14.827059
1905.647028	-14.855907
1906.859133	-14.862241
1908.072781	-14.800546
1909.287976	-14.741308
1910.504719	-14.751322
1911.723013	-14.780516
1912.942863	-14.743876
1914.164270	-14.669062
1915.387238	-14.649421
1916.611770	-14.682434
1917.837868	-14.672404
1919.065536	-14.598043
1920.294777	-14.552647
1921.525594	-14.578448
1922.757989	-14.591513
1923.991967	-14.530167
1925.227529	-14.468811
1926.464679	-14.481631
1927.703420	-14.507536
1928.943755	-14.459916
1930.185688	-14.388754
1931.429221	-14.386673
1932.674356	-14.415873
1933.921099	-14.377765
1935.169451	-14.301716
1936.419415	-14.289297
1937.670996	-14.319752
1938.924195	-14.288766
1940.179017	-14.211950
1941.435463	-14.194814
1942.693538	-14.225308
1943.953245	-14.195904
1945.214586	-14.117278
1946.477566	-14.097490
1947.742186	-14.125486
1949.008451	-14.093058
1950.276363	-14.015142
1951.545926	-13.999400
1952.817143	-14.025854
1954.090017	-13.988115
1955.364551	-13.914742
1956.640749	-13.908353
1957.918615	-13.930538
1959.198150	-13.883116
1960.479359	-13.817634
1961.762244	-13.823454
1963.046810	-13.836419
1964.333059	-13.777729
1965.620995	-13.726482
1966.910621	-13.745448
1968.201940	-13.744207
1969.494956	-13.678956
1970.789672	-13.650016
1972.086091	-13.676346
1973.384217	-13.653170
1974.684053	-13.588426
1975.985602	-13.583894
1977.288869	-13.603457
1978.593855	-13.557112
1979.900566	-13.509210
1981.209003	-13.527526
1982.519171	-13.525981
1983.831073	-13.466276
1985.144712	-13.446865
1986.460093	-13.468277
1987.777217	-13.433370
1989.096089	-13.381153
1990.416713	-13.391851
1991.739092	-13.393520
1993.063228	-13.337585
1994.389127	-13.316764
1995.716791	-13.335674
1997.046223	-13.300251
1998.377428	-13.251893
1999.710409	-13.263424
2001.045169	-13.257714
2002.381713	-13.202860
2003.720043	-13.192166
2005.060163	-13.206078
2006.402077	-13.163114
2007.745788	-13.129328
2009.091301	-13.146848
2010.438618	-13.125799
2011.787743	-13.079265
2013.138680	-13.088102
2014.491433	-13.088308
2015.846005	-13.040955
2017.202399	-13.035425
2018.560621	-13.050544
2019.920673	-13.011861
2021.282558	-12.992135
2022.646281	-13.013773
2024.011846	-12.988243
2025.379256	-12.958066
2026.748515	-12.979881
2028.119626	-12.968536
2029.492594	-12.932577
2030.867422	-12.949812
2032.244114	-12.949781
2033.622673	-12.911542
2035.003104	-12.922712
2036.385411	-12.931332
2037.769597	-12.893424
2039.155665	-12.898400
2040.543621	-12.912193
2041.933467	-12.875204
2043.325208	-12.875065
2044.718847	-12.892025
2046.114389	-12.856336
2047.511837	-12.852784
2048.911195	-12.871054
2050.312467	-12.836139
2051.715657	-12.831557
2053.120769	-12.850431
2054.527807	-12.815647
2055.936775	-12.812012
2057.347677	-12.830484
2058.760516	-12.795791
2060.175297	-12.796300
2061.592025	-12.813602
2063.010701	-12.778547
2064.431332	-12.785010
2065.853921	-12.799397
2067.278472	-12.765486
2068.704988	-12.780871
2070.133475	-12.790254
2071.563936	-12.758818
2072.996375	-12.782845
2074.430796	-12.784209
2075.867204	-12.760086
2077.305603	-12.792213
2078.745996	-12.782596
2080.188389	-12.769429
2081.632784	-12.803887
2083.079187	-12.783596
2084.527601	-12.787564
2085.978030	-12.816191
2087.430480	-12.788321
2088.884954	-12.809805
2090.341455	-12.822724
2091.799990	-12.798783
2093.260561	-12.833744
2094.723173	-12.824134
2096.187831	-12.815665
2097.654538	-12.850035
2099.123300	-12.824105
2100.594119	-12.841208
2102.067001	-12.856704
2103.541950	-12.830634
2105.018971	-12.866728
2106.498067	-12.855338
2107.979243	-12.853564
2109.462503	-12.885659
2110.947853	-12.857732
2112.435295	-12.887705
2113.924836	-12.892939
2115.416478	-12.881247
2116.910227	-12.921947
2118.406087	-12.899933
2119.904063	-12.926253
2121.404158	-12.943736
2122.906378	-12.931149
2124.410727	-12.977708
2125.917210	-12.962624
2127.425831	-12.992112
2128.936594	-13.016020
2130.449505	-13.008980
2131.964567	-13.060556
2133.481786	-13.049794
2135.001166	-13.088241
2136.522711	-13.110285
2138.046427	-13.113068
2139.572317	-13.164893
2141.100388	-13.154916
2142.630642	-13.202993
2144.163085	-13.212862
2145.697722	-13.229565
2147.234558	-13.270424
2148.773596	-13.263117
2150.314842	-13.314288
2151.858301	-13.308234
2153.403977	-13.342853
2154.951875	-13.361213
2156.502000	-13.369081
2158.054357	-13.409543
2159.608950	-13.401785
2161.165785	-13.448997
2162.724866	-13.446954
2164.286198	-13.481403
2165.849786	-13.498302
2167.415635	-13.515122
2168.983749	-13.552646
2170.554134	-13.556453
2172.126795	-13.604038
2173.701737	-13.608556
2175.278964	-13.655573
2176.858481	-13.670217
2178.440294	-13.707923
2180.024408	-13.738883
2181.610827	-13.767215
2183.199557	-13.811449
2184.790602	-13.833393
2186.383968	-13.886955
2187.979660	-13.909218
2189.577683	-13.964349
2191.178041	-13.991169
2192.780741	-14.044755
2194.385787	-14.079084
2195.993185	-14.126720
2197.602939	-14.168424
2199.215054	-14.211129
2200.829537	-14.258372
2202.446392	-14.295096
2204.065624	-14.345937
2205.687239	-14.379915
2207.311242	-14.430925
2208.937638	-14.462845
2210.566433	-14.513565
2212.197631	-14.546276
2213.831239	-14.594391
2215.467261	-14.628803
2217.105703	-14.676408
2218.746570	-14.713257
2220.389867	-14.759504
2222.035601	-14.799947
2223.683776	-14.847287
2225.334398	-14.890041
2226.987472	-14.938458
2228.643004	-14.984963
2230.300999	-15.035485
2231.961463	-15.083830
2233.624402	-15.138059
2235.289820	-15.189585
2236.957723	-15.247366
2238.628118	-15.301147
2240.301009	-15.365130
2241.976402	-15.420415
2243.654303	-15.489482
2245.334717	-15.546384
2247.017650	-15.621540
2248.703108	-15.677405
2250.391096	-15.758451
2252.081620	-15.814141
2253.774686	-15.899178
2255.470300	-15.953311
2257.168467	-16.042234
2258.869193	-16.094418
2260.572484	-16.182946
2262.278345	-16.235639
2263.986783	-16.320913
2265.697804	-16.375142
2267.411412	-16.455340
2269.127615	-16.515693
2270.846417	-16.587135
2272.567826	-16.657190
2274.291846	-16.720627
2276.018484	-16.799037
2277.747745	-16.856864
2279.479637	-16.942117
2281.214164	-16.998003
2282.951333	-17.084748
2284.691149	-17.147462
2286.433619	-17.228120
2288.178750	-17.303724
2289.926546	-17.376778
2291.677014	-17.464739
2293.430161	-17.533537
2295.185992	-17.630627
2296.944513	-17.702120
2298.705732	-17.801047
2300.469653	-17.885783
2302.236283	-17.978486
2304.005629	-18.080767
2305.777696	-18.168167
2307.552492	-18.280528
2309.330022	-18.371096
2311.110292	-18.482869
2312.893310	-18.582932
2314.679080	-18.687902
2316.467611	-18.797299
2318.258907	-18.894599
2320.052976	-19.006745
2321.849824	-19.102066
2323.649457	-19.206430
2325.451883	-19.308889
2327.257106	-19.399791
2329.065135	-19.509852
2330.875975	-19.595295
2332.689633	-19.700009
2334.506116	-19.795709
2336.325430	-19.885688
2338.147581	-19.993745
2339.972578	-20.082188
2341.800425	-20.183523
2343.631130	-20.291161
2345.464700	-20.376611
2347.301141	-20.494631
2349.140461	-20.591013
2350.982665	-20.691781
2352.827760	-20.818633
2354.675754	-20.915267
2356.526653	-21.040356
2358.380464	-21.173049
2360.237195	-21.278995
2362.096851	-21.425907
2363.959440	-21.560516
2365.824968	-21.677401
2367.693444	-21.841541
2369.564873	-21.973501
2371.439263	-22.101077
2373.316620	-22.271994
2375.196953	-22.395067
2377.080267	-22.522366
2378.966570	-22.688162
2380.855869	-22.795290
2382.748171	-22.916929
2384.643484	-23.076792
2386.541815	-23.171595
2388.443170	-23.290889
2390.347557	-23.442127
2392.254984	-23.536411
2394.165457	-23.647807
2396.078984	-23.806434
2397.995572	-23.906688
2399.915229	-24.018581
2401.837961	-24.181904
2403.763777	-24.288339
2405.692684	-24.396048
2407.624689	-24.556793
2409.559800	-24.683748
2411.498023	-24.786779
2413.439368	-24.949236
2415.383840	-25.097547
2417.331449	-25.204423
2419.282201	-25.369617
2421.236104	-25.553835
2423.193165	-25.685884
2425.153393	-25.848307
2427.116795	-26.060167
2429.083378	-26.219090
2431.053151	-26.368733
2433.026121	-26.583214
2435.002297	-26.784938
2436.981685	-26.921047
2438.964293	-27.092168
2440.950131	-27.308759
2442.939204	-27.460414
2444.931522	-27.568020
2446.927092	-27.738066
2448.925923	-27.923831
2450.928022	-28.018783
2452.933397	-28.105999
2454.942056	-28.279114
2456.954008	-28.452883
2458.969260	-28.542037
2460.987821	-28.629343
2463.009699	-28.804346
2465.034902	-28.996991
2467.063437	-29.105180
2469.095315	-29.190593
2471.130542	-29.363955
2473.169127	-29.579838
2475.211078	-29.719669
2477.256404	-29.814970
2479.305112	-29.986442
2481.357212	-30.230826
2483.412713	-30.446317
2485.471621	-30.591083
2487.533946	-30.754301
2489.599696	-31.006863
2491.668880	-31.288419
2493.741507	-31.500946
2495.817585	-31.667590
2497.897122	-31.871404
2499.980127	-32.127430
2502.066609	-32.388329
2504.156578	-32.598813
2506.250040	-32.745752
2508.347006	-32.884681
2510.447483	-33.078135
2512.551482	-33.269810
2514.659010	-33.392677
2516.770076	-33.459941
2518.884690	-33.552786
2521.002861	-33.686765
2523.124597	-33.829120
2525.249907	-33.945980
2527.378801	-34.034411
2529.511287	-34.143595
2531.647375	-34.297524
2533.787074	-34.493799
2535.930393	-34.673203
2538.077340	-34.826753
2540.227927	-34.970375
2542.382160	-35.129988
2544.540051	-35.339547
2546.701608	-35.598572
2548.866840	-35.893003
2551.035757	-36.157455
2553.208369	-36.390922
2555.384684	-36.611411
2557.564713	-36.839565
2559.748465	-37.107415
2561.935948	-37.424137
2564.127174	-37.816673
2566.322152	-38.236569
2568.520890	-38.610105
2570.723399	-38.881899
2572.929689	-39.021147
2575.139769	-39.076105
2577.353649	-39.087818
2579.571340	-39.110383
2581.792849	-39.177481
2584.018189	-39.283823
2586.247368	-39.418135
2588.480396	-39.561642
2590.717284	-39.704249
2592.958041	-39.831459
2595.202678	-39.924318
2597.451204	-39.970887
2599.703630	-40.017636
2601.959966	-40.103760
2604.220222	-40.193565
2606.484408	-40.289809
2608.752535	-40.396112
2611.024612	-40.573420
2613.300651	-40.840036
2615.580661	-41.025894
2617.864653	-41.247031
2620.152638	-41.668937
2622.444625	-42.079245
2624.740626	-42.473427
2627.040651	-42.986225
2629.344710	-43.513006
2631.652814	-44.042151
2633.964974	-44.600974
2636.281200	-45.096709
2638.601504	-45.609940
2640.925896	-46.070589
2643.254386	-46.326674
2645.586987	-46.481694
2647.923707	-46.576581
2650.264559	-46.555054
2652.609554	-46.510063
2654.958702	-46.474102
2657.312015	-46.380923
2659.669503	-46.295673
2662.031178	-46.257444
2664.397051	-46.234847
2666.767132	-46.161359
2669.141434	-46.067584
2671.519968	-46.016397
2673.902745	-45.962492
2676.289776	-45.882072
2678.681072	-45.870948
2681.076646	-45.912894
2683.476508	-45.894627
2685.880671	-45.964707
2688.289145	-46.202153
2690.701942	-46.487937
2693.119075	-46.813406
2695.540554	-47.293100
2697.966391	-47.914439
2700.396599	-48.669518
2702.831189	-49.628233
2705.270172	-50.638925
2707.713561	-51.838695
2710.161368	-53.369319
2712.613605	-54.685199
2715.070283	-55.477100
2717.531416	-56.106603
2719.997014	-56.075401
2722.467090	-55.198909
2724.941657	-54.576565
2727.420726	-54.517545
2729.904310	-54.255417
2732.392421	-53.989566
2734.885072	-54.182057
2737.382275	-54.280478
2739.884042	-54.042663
2742.390387	-53.516705
2744.901321	-52.902475
2747.416857	-52.353471
2749.937008	-51.741271
2752.461787	-51.370653
2754.991206	-51.310677
2757.525279	-51.117203
2760.064017	-51.022600
2762.607434	-51.260105
2765.155544	-51.617015
2767.708358	-52.137422
2770.265890	-52.790966
2772.828153	-53.433315
2775.395160	-53.945687
2777.966924	-54.172500
2780.543459	-54.546791
2783.124778	-55.440478
2785.710894	-56.784435
2788.301821	-58.836575
2790.897572	-60.884014
2793.498160	-60.874636
2796.103599	-60.684613
2798.713903	-61.539748
2801.329085	-63.774208
2803.949159	-69.166042
2806.574139	-71.291545
2809.204038	-67.334985
2811.838871	-67.240946
2814.478650	-69.924449
2817.123391	-67.622557
2819.773107	-62.308099
2822.427812	-59.928944
2825.087521	-58.936845
2827.752247	-58.911095
2830.422005	-59.189908
2833.096808	-57.929266
2835.776672	-56.805472
2838.461611	-56.875282
2841.151638	-57.325950
2843.846769	-58.767280
2846.547019	-57.880056
2849.252401	-58.466992
2851.962930	-57.475858
2854.678621	-59.208798
2857.399489	-60.424673
2860.125549	-60.478780
2862.856815	-60.026993
2865.593302	-60.802886
2868.335026	-62.776069
2871.082002	-62.657130
2873.834244	-61.013939
2876.591767	-61.032249
2879.354588	-63.493224
2882.122721	-64.881123
2884.896181	-63.689810
2887.674984	-65.241772
2890.459146	-71.139368
2893.248681	-74.358032
2896.043606	-71.519054
2898.843937	-70.722249
2901.649687	-70.409227
2904.460875	-71.973652
2907.277515	-70.800941
2910.099623	-66.873203
2912.927215	-66.356106
2915.760308	-68.156606
2918.598916	-65.999518
2921.443057	-64.932877
2924.292747	-67.648599
2927.148002	-66.753435
2930.008837	-64.863132
2932.875270	-67.019590
2935.747318	-69.128123
2938.624995	-68.096987
2941.508320	-69.616630
2944.397308	-67.691491
2947.291977	-65.853963
2950.192343	-67.285915
2953.098423	-65.898082
2956.010234	-64.052833
2958.927792	-65.001738
2961.851116	-65.402520
2964.780221	-64.246582
2967.715126	-65.766393
2970.655847	-67.456239
2973.602402	-66.416743
2976.554808	-69.288321
2979.513083	-71.042201
2982.477243	-70.818392
2985.447308	-78.288068
2988.423293	-75.457994
2991.405218	-74.847157
2994.393099	-83.814036
2997.386955	-79.094078
