# 2022-03-21_18.12.24
# shape = sech2
# FWHM_ps = 0.1
# carrier_nm = 1542
# frep_MHz = 12126
# pow_mW = 8000
# GDD = 0.0
# propa_len = 0.15222222222222223
# untap_len = 0.01
# taper_len = 0.09222222222222223
# waist_len = 0.02
# uptap_len = 0.02
# untap_scale = 1.0
# waist_scale = 0.2111111111111111
# workingDir = NL_20110305_12 (Spirou)
# axis = slow
# window_ps = 10.0
# steps = 200
# points = 21700
# 
# wavelength [nm]	 power spectral density [dB]
600.043425	-96.622823
600.163550	-98.569686
600.283723	-100.683516
600.403943	-102.510268
600.524212	-103.578184
600.644529	-102.940220
600.764895	-100.802370
600.885308	-98.394914
601.005770	-96.309633
601.126280	-94.635116
601.246839	-93.350406
601.367446	-92.460381
601.488101	-91.926844
601.608804	-91.638924
601.729557	-91.600920
601.850357	-91.853606
601.971206	-92.424456
602.092104	-93.339972
602.213050	-94.678680
602.334045	-96.774630
602.455089	-100.448031
602.576181	-105.806903
602.697322	-101.856580
602.818511	-96.463153
602.939749	-93.082309
603.061036	-90.835119
603.182372	-89.207851
603.303757	-87.939312
603.425191	-86.925198
603.546673	-86.146365
603.668204	-85.572220
603.789785	-85.206765
603.911414	-85.046835
604.033092	-85.092878
604.154820	-85.312137
604.276596	-85.679945
604.398422	-86.229665
604.520297	-87.002260
604.642220	-88.002004
604.764193	-89.145416
604.886216	-90.343276
605.008287	-91.438831
605.130408	-91.960939
605.252578	-91.286381
605.374798	-89.596353
605.497066	-87.763634
605.619385	-86.276605
605.741752	-85.236321
605.864169	-84.572554
605.986636	-84.190378
606.109152	-83.965004
606.231718	-83.801887
606.354333	-83.655371
606.476998	-83.588844
606.599712	-83.709215
606.722476	-84.083130
606.845290	-84.681601
606.968154	-85.462438
607.091067	-86.371666
607.214030	-87.403526
607.337043	-88.541924
607.460106	-89.706061
607.583219	-90.667604
607.706381	-90.961667
607.829594	-90.167398
607.952856	-88.639305
608.076169	-86.964303
608.199531	-85.477158
608.322944	-84.260910
608.446407	-83.304394
608.569920	-82.583335
608.693483	-82.092432
608.817096	-81.821608
608.940759	-81.782911
609.064473	-81.963872
609.188237	-82.357346
609.312051	-82.955854
609.435916	-83.721088
609.559831	-84.538114
609.683796	-85.240942
609.807812	-85.715195
609.931878	-85.990176
610.055995	-86.124228
610.180162	-86.212295
610.304380	-86.291827
610.428648	-86.226039
610.552967	-85.852291
610.677337	-85.122601
610.801757	-84.190848
610.926228	-83.234724
611.050750	-82.380380
611.175323	-81.676010
611.299946	-81.145901
611.424620	-80.794352
611.549345	-80.638081
611.674121	-80.703263
611.798948	-81.039260
611.923826	-81.702143
612.048755	-82.764416
612.173734	-84.279106
612.298765	-86.281815
612.423847	-88.451898
612.548980	-89.666750
612.674165	-88.776074
612.799400	-86.832786
612.924687	-85.044257
613.050025	-83.694931
613.175414	-82.790343
613.300854	-82.288585
613.426346	-82.143452
613.551889	-82.307249
613.677484	-82.716085
613.803130	-83.285653
613.928827	-83.922819
614.054576	-84.565432
614.180377	-85.195194
614.306229	-85.791069
614.432132	-86.340592
614.558087	-86.852106
614.684094	-87.378658
614.810153	-88.050047
614.936263	-88.979630
615.062425	-90.226166
615.188639	-91.794898
615.314904	-93.450376
615.441222	-94.480698
615.567591	-93.841532
615.694012	-92.046372
615.820486	-90.254091
615.947011	-88.815168
616.073588	-87.743285
616.200217	-87.039726
616.326898	-86.690532
616.453632	-86.668641
616.580417	-86.882525
616.707255	-87.274453
616.834144	-87.863702
616.961086	-88.737753
617.088081	-89.924631
617.215127	-91.440621
617.342226	-93.187238
617.469378	-94.937662
617.596581	-96.203563
617.723837	-96.434580
617.851146	-95.707438
617.978507	-94.566110
618.105920	-93.348479
618.233386	-92.301430
618.360905	-91.504911
618.488476	-90.968270
618.616100	-90.602585
618.743777	-90.334525
618.871506	-90.115357
618.999288	-89.919599
619.127123	-89.756382
619.255011	-89.566812
619.382951	-89.334535
619.510945	-89.081836
619.638991	-88.818530
619.767090	-88.546226
619.895243	-88.293317
620.023448	-88.067229
620.151706	-87.934326
620.280017	-88.003534
620.408382	-88.387639
620.536799	-89.103213
620.665270	-90.132935
620.793794	-91.488973
620.922371	-93.361848
621.051002	-95.813052
621.179686	-97.777870
621.308423	-96.644753
621.437213	-93.691048
621.566057	-91.119803
621.694954	-89.232384
621.823905	-87.867502
621.952909	-86.838284
622.081967	-86.007609
622.211079	-85.422105
622.340244	-85.133071
622.469462	-85.134902
622.598735	-85.394582
622.728061	-85.867268
622.857441	-86.570850
622.986874	-87.564518
623.116361	-88.969252
623.245903	-90.964014
623.375498	-93.974292
623.505147	-98.913483
623.634850	-106.123546
623.764606	-100.725936
623.894417	-95.257540
624.024282	-91.738604
624.154201	-89.234388
624.284174	-87.409994
624.414202	-86.124335
624.544283	-85.249904
624.674419	-84.673577
624.804609	-84.297107
624.934853	-84.099335
625.065151	-84.102732
625.195504	-84.340691
625.325911	-84.831109
625.456373	-85.602564
625.586889	-86.707400
625.717460	-88.140033
625.848085	-90.008066
625.978764	-92.714731
626.109498	-96.705442
626.240287	-99.587390
626.371131	-95.661478
626.502029	-91.572342
626.632982	-88.808424
626.763989	-86.925705
626.895052	-85.619456
627.026169	-84.703002
627.157341	-84.121140
627.288568	-83.850461
627.419850	-83.867377
627.551187	-84.123248
627.682579	-84.556809
627.814026	-85.142337
627.945528	-85.934910
628.077085	-87.010002
628.208697	-88.459364
628.340364	-90.363917
628.472087	-92.576314
628.603865	-94.229566
628.735698	-93.794755
628.867586	-91.791216
628.999530	-89.644410
629.131529	-87.835433
629.263584	-86.505197
629.395694	-85.590783
629.527859	-85.021711
629.660080	-84.740085
629.792357	-84.724395
629.924689	-84.961034
630.057077	-85.389047
630.189520	-85.950175
630.322019	-86.589919
630.454574	-87.263203
630.587184	-87.883455
630.719851	-88.321688
630.852573	-88.488404
630.985351	-88.420412
631.118185	-88.226075
631.251075	-87.996258
631.384021	-87.782130
631.517023	-87.626209
631.650081	-87.578160
631.783195	-87.680076
631.916365	-87.888778
632.049592	-88.109717
632.182874	-88.261050
632.316213	-88.246655
632.449608	-87.978597
632.583059	-87.391430
632.716567	-86.562308
632.850131	-85.667969
632.983751	-84.875372
633.117428	-84.276436
633.251161	-83.885280
633.384951	-83.676029
633.518797	-83.643330
633.652700	-83.801273
633.786660	-84.158271
633.920676	-84.727575
634.054749	-85.568197
634.188879	-86.808235
634.323065	-88.610754
634.457308	-91.250104
634.591608	-95.070400
634.725965	-97.386730
634.860379	-93.425509
634.994850	-89.360085
635.129377	-86.461018
635.263962	-84.329204
635.398604	-82.756927
635.533303	-81.637560
635.668058	-80.940050
635.802872	-80.671071
635.937742	-80.818053
636.072669	-81.375912
636.207654	-82.336626
636.342696	-83.749312
636.477796	-85.753141
636.612953	-88.599874
636.748167	-92.544121
636.883439	-95.866109
637.018768	-93.490230
637.154155	-89.934674
637.289599	-87.394989
637.425101	-85.594939
637.560660	-84.297334
637.696277	-83.396048
637.831952	-82.808983
637.967685	-82.460574
638.103475	-82.260172
638.239324	-82.142206
638.375230	-82.076589
638.511194	-82.107239
638.647215	-82.302231
638.783295	-82.746858
638.919433	-83.503149
639.055629	-84.620710
639.191883	-86.184794
639.328195	-88.480213
639.464565	-92.136087
639.600994	-97.389934
639.737481	-95.016273
639.874025	-89.743842
640.010629	-86.283156
640.147290	-83.911852
640.284010	-82.219394
640.420789	-81.038784
640.557625	-80.323145
640.694521	-80.045424
640.831474	-80.182353
640.968487	-80.714272
641.105558	-81.641791
641.242687	-83.025813
641.379876	-85.075566
641.517123	-88.227340
641.654429	-93.503494
641.791793	-100.799981
641.929216	-94.449779
642.066699	-89.561713
642.204240	-86.654359
642.341840	-84.735475
642.479499	-83.426616
642.617217	-82.550975
642.754994	-82.009417
642.892830	-81.700683
643.030726	-81.520211
643.168680	-81.410407
643.306694	-81.399107
643.444767	-81.547219
643.582899	-81.933919
643.721091	-82.603503
643.859342	-83.602817
643.997652	-85.026241
644.136022	-87.144961
644.274451	-90.632541
644.412940	-97.246878
644.551488	-98.512499
644.690096	-90.703930
644.828763	-86.443730
644.967490	-83.794247
645.106277	-82.022142
645.245124	-80.844825
645.384030	-80.189999
645.522997	-80.035680
645.662023	-80.361224
645.801109	-81.185894
645.940255	-82.619317
646.079460	-84.929513
646.218726	-88.874134
646.358052	-97.393348
646.497438	-97.384572
646.636884	-88.892686
646.776391	-84.919714
646.915957	-82.597711
647.055584	-81.187011
647.195271	-80.436793
647.335019	-80.263116
647.474826	-80.642359
647.614695	-81.596948
647.754623	-83.202176
647.894612	-85.570614
648.034662	-88.639664
648.174772	-90.592767
648.314943	-88.756134
648.455174	-85.930144
648.595466	-83.838373
648.735819	-82.530936
648.876233	-81.859839
649.016707	-81.755261
649.157242	-82.212306
649.297838	-83.263982
649.438495	-85.030446
649.579213	-87.896006
649.719992	-93.045237
649.860832	-106.091777
650.001733	-94.878182
650.142695	-88.766142
650.283718	-85.482239
650.424803	-83.421051
650.565949	-82.080168
650.707156	-81.256389
650.848424	-80.845562
650.989754	-80.827899
651.131145	-81.142365
651.272597	-81.761789
651.414111	-82.737609
651.555687	-84.233088
651.697324	-86.566252
651.839022	-90.434122
651.980782	-98.618518
652.122604	-102.914981
652.264488	-91.844747
652.406433	-87.251309
652.548441	-84.373708
652.690510	-82.386988
652.832640	-81.038104
652.974833	-80.219703
653.117088	-79.806903
653.259405	-79.729135
653.401784	-79.989397
653.544224	-80.660074
653.686727	-81.884651
653.829293	-83.840774
653.971920	-86.747609
654.114609	-90.895965
654.257361	-95.055789
654.400175	-92.487716
654.543052	-88.144207
654.685991	-85.251313
654.828992	-83.484566
654.972056	-82.464515
655.115183	-81.952105
655.258372	-81.781496
655.401623	-81.843568
655.544937	-82.096702
655.688314	-82.487357
655.831754	-82.938239
655.975256	-83.320463
656.118822	-83.588585
656.262450	-83.801701
656.406141	-84.136231
656.549894	-84.822278
656.693711	-86.131199
656.837591	-88.316542
656.981534	-91.476280
657.125540	-93.227023
657.269610	-89.939070
657.413742	-86.119728
657.557938	-83.330624
657.702196	-81.441463
657.846519	-80.230609
657.990904	-79.498283
658.135353	-79.098037
658.279866	-79.038143
658.424441	-79.423697
658.569081	-80.390402
658.713784	-82.056030
658.858550	-84.644500
659.003381	-88.672457
659.148274	-95.167579
659.293232	-93.987506
659.438253	-87.614163
659.583339	-83.724030
659.728488	-81.167228
659.873701	-79.362215
660.018978	-78.027555
660.164318	-77.040313
660.309723	-76.366855
660.455192	-75.996446
660.600725	-75.958307
660.746323	-76.260134
660.891984	-76.921874
661.037710	-77.986552
661.183500	-79.612513
661.329354	-82.106872
661.475272	-85.770486
661.621255	-88.347201
661.767303	-85.043155
661.913415	-81.192937
662.059591	-78.429006
662.205833	-76.487730
662.352138	-75.160364
662.498509	-74.356297
662.644944	-74.013925
662.791443	-74.088643
662.938008	-74.554155
663.084638	-75.448147
663.231332	-76.888971
663.378091	-79.035389
663.524915	-81.823197
663.671804	-83.927441
663.818759	-82.648618
663.965778	-79.777735
664.112863	-77.348596
664.260012	-75.591666
664.407227	-74.412296
664.554507	-73.693604
664.701853	-73.344756
664.849264	-73.309228
664.996740	-73.572457
665.144282	-74.170835
665.291889	-75.174511
665.439561	-76.680057
665.587300	-78.858544
665.735103	-82.121148
665.882973	-87.430964
666.030908	-93.742219
666.178909	-87.107597
666.326976	-82.229123
666.475109	-79.351147
666.623307	-77.576894
666.771571	-76.511308
666.919902	-75.953840
667.068298	-75.838778
667.216761	-76.161083
667.365289	-76.909701
667.513884	-78.106480
667.662545	-79.807958
667.811272	-82.120561
667.960065	-85.338921
668.108925	-90.236537
668.257851	-96.051087
668.406843	-90.529789
668.555902	-85.359096
668.705027	-81.904647
668.854219	-79.373623
669.003478	-77.457396
669.152803	-76.013004
669.302195	-74.969712
669.451653	-74.290804
669.601179	-73.963532
669.750771	-73.989150
669.900430	-74.377633
670.050156	-75.194055
670.199949	-76.538264
670.349808	-78.516934
670.499735	-81.107105
670.649729	-83.324208
670.799790	-82.788272
670.949918	-80.450456
671.100114	-78.258131
671.250377	-76.609816
671.400707	-75.520657
671.551104	-74.955198
671.701569	-74.821398
671.852101	-75.047774
672.002700	-75.628559
672.153368	-76.652771
672.304102	-78.255401
672.454905	-80.614467
672.605775	-83.785268
672.756713	-86.298562
672.907718	-84.564321
673.058791	-81.077498
673.209933	-78.201448
673.361142	-76.123977
673.512419	-74.715739
673.663764	-73.820357
673.815177	-73.330157
673.966658	-73.214263
674.118207	-73.480955
674.269825	-74.148606
674.421510	-75.185013
674.573264	-76.472531
674.725086	-77.732369
674.876977	-78.551423
675.028936	-78.601786
675.180963	-77.970180
675.333059	-77.073295
675.485224	-76.328149
675.637457	-75.889229
675.789758	-75.757878
675.942129	-75.885318
676.094568	-76.250982
676.247075	-76.886775
676.399652	-77.835756
676.552298	-79.098193
676.705012	-80.671760
676.857795	-82.636454
677.010648	-84.984196
677.163569	-85.946838
677.316560	-83.480757
677.469619	-80.349149
677.622748	-77.909392
677.775946	-76.128650
677.929214	-74.860782
678.082551	-74.069989
678.235957	-73.766378
678.389432	-73.899011
678.542977	-74.348421
678.696592	-75.020886
678.850276	-75.866383
679.004030	-76.655725
679.157853	-76.912919
679.311746	-76.418072
679.465709	-75.527781
679.619742	-74.678391
679.773844	-74.029891
679.928017	-73.637197
680.082259	-73.531098
680.236571	-73.699437
680.390954	-74.116697
680.545406	-74.779556
680.699929	-75.736316
680.854522	-77.077164
681.009185	-78.903349
681.163918	-81.201764
681.318722	-83.097305
681.473596	-82.662088
681.628540	-80.428712
681.783555	-78.164104
681.938641	-76.402525
682.093797	-75.213260
682.249023	-74.571314
682.404321	-74.473311
682.559689	-74.930858
682.715128	-75.931202
682.870637	-77.483010
683.026218	-79.404451
683.181869	-80.705159
683.337591	-80.123626
683.493385	-78.499251
683.649249	-77.038746
683.805185	-76.100350
683.961191	-75.751315
684.117269	-76.030428
684.273418	-76.968840
684.429639	-78.544282
684.585930	-80.523731
684.742294	-82.097983
684.898728	-82.184432
685.055234	-81.241636
685.211812	-80.484656
685.368461	-80.406325
685.525182	-81.207427
685.681975	-83.170609
685.838839	-87.070663
685.995775	-96.235318
686.152783	-96.721631
686.309863	-88.345049
686.467014	-85.099743
686.624238	-83.700653
686.781534	-83.447981
686.938902	-84.007508
687.096342	-84.714893
687.253854	-84.460038
687.411438	-82.998701
687.569095	-81.365714
687.726824	-80.293344
687.884626	-80.069922
688.042499	-80.982381
688.200446	-83.591610
688.358465	-90.172957
688.516556	-95.762132
688.674720	-83.687342
688.832957	-78.756220
688.991266	-75.934749
689.149649	-74.274433
689.308104	-73.417205
689.466632	-73.235150
689.625233	-73.703417
689.783906	-74.820962
689.942653	-76.475703
690.101473	-78.240580
690.260367	-79.190645
690.419333	-78.683384
690.578372	-77.488241
690.737485	-76.552201
690.896672	-76.221954
691.055931	-76.536328
691.215264	-77.370773
691.374671	-78.455406
691.534151	-79.316843
691.693704	-79.579918
691.853332	-79.468221
692.013033	-79.577431
692.172807	-80.421299
692.332656	-82.468249
692.492578	-85.868065
692.652575	-85.895606
692.812645	-81.175269
692.972789	-77.493827
693.133007	-75.020281
693.293300	-73.368966
693.453666	-72.355909
693.614107	-71.883228
693.774622	-71.851567
693.935211	-72.149029
694.095875	-72.643059
694.256613	-73.130435
694.417426	-73.354395
694.578313	-73.197360
694.739274	-72.832689
694.900311	-72.513112
695.061421	-72.383192
695.222607	-72.542301
695.383868	-73.062621
695.545203	-73.984090
695.706613	-75.286374
695.868098	-76.906469
696.029658	-78.808532
696.191293	-81.001461
696.353003	-83.014190
696.514789	-83.194334
696.676649	-81.243027
696.838585	-78.947983
697.000596	-77.049838
697.162682	-75.661104
697.324844	-74.821390
697.487081	-74.500631
697.649394	-74.620597
697.811782	-75.067208
697.974246	-75.636991
698.136786	-76.005258
698.299401	-75.840215
698.462092	-75.191996
698.624859	-74.517262
698.787702	-74.157451
698.950621	-74.218398
699.113616	-74.710828
699.276686	-75.645860
699.439833	-76.970354
699.603056	-78.500771
699.766355	-79.963151
699.929731	-81.107769
700.093183	-81.995016
700.256711	-82.899587
700.420315	-83.743997
700.583996	-83.855202
700.747754	-82.945542
700.911588	-81.733256
701.075499	-80.741120
701.239486	-80.162427
701.403550	-80.188267
701.567691	-80.961563
701.731909	-82.481597
701.896203	-84.387616
702.060575	-85.715528
702.225024	-85.312392
702.389549	-83.543045
702.554152	-81.625977
702.718832	-80.044294
702.883589	-78.680304
703.048424	-77.365882
703.213335	-76.100311
703.378324	-75.004311
703.543391	-74.174348
703.708535	-73.641283
703.873757	-73.384278
704.039056	-73.389871
704.204433	-73.635303
704.369887	-73.937911
704.535420	-73.991399
704.701030	-73.720935
704.866718	-73.323526
705.032484	-73.033098
705.198328	-73.047531
705.364250	-73.543328
705.530250	-74.693865
705.696328	-76.656894
705.862485	-79.633874
706.028720	-83.360297
706.195033	-83.993557
706.361424	-81.092622
706.527894	-78.817515
706.694442	-77.508341
706.861069	-76.775958
707.027775	-76.344627
707.194559	-76.018655
707.361422	-75.749861
707.528363	-75.632480
707.695384	-75.788254
707.862483	-76.297419
708.029661	-77.037042
708.196918	-77.512209
708.364254	-77.094188
708.531670	-75.912565
708.699164	-74.685058
708.866738	-73.934457
709.034391	-73.816575
709.202123	-74.342993
709.369935	-75.504547
709.537826	-77.261312
709.705796	-79.400847
709.873847	-81.408114
710.041976	-82.966617
710.210186	-84.790084
710.378475	-88.613470
710.546844	-100.195769
710.715292	-89.233837
710.883821	-82.337486
711.052429	-78.709561
711.221118	-76.619302
711.389887	-75.556015
711.558735	-75.242619
711.727664	-75.342706
711.896673	-75.397152
712.065763	-75.103487
712.234932	-74.499671
712.404183	-73.802616
712.573513	-73.295296
712.742924	-73.223434
712.912416	-73.701856
713.081988	-74.756456
713.251641	-76.369485
713.421375	-78.382972
713.591190	-80.020488
713.761085	-80.198764
713.931061	-79.391778
714.101119	-78.749556
714.271257	-78.789983
714.441476	-79.734915
714.611777	-81.742228
714.782159	-84.385246
714.952622	-84.530953
715.123166	-81.777594
715.293792	-79.510756
715.464499	-78.412346
715.635288	-78.356291
715.806158	-79.213823
715.977110	-80.682828
716.148143	-81.442769
716.319259	-80.363948
716.490456	-79.016931
716.661735	-78.647952
716.833096	-79.724871
717.004538	-82.341072
717.176063	-83.006415
717.347670	-78.574986
717.519359	-74.730220
717.691130	-72.309265
717.862984	-70.992530
718.034920	-70.593290
718.206938	-71.018756
718.379039	-72.207530
718.551222	-73.970695
718.723488	-75.605212
718.895836	-75.977595
719.068267	-75.342675
719.240781	-75.036177
719.413377	-75.833793
719.586057	-78.339514
719.758819	-84.198028
719.931664	-95.869810
720.104593	-83.129197
720.277604	-79.252458
720.450699	-78.572357
720.623876	-80.743190
720.797137	-87.352431
720.970482	-82.721483
721.143910	-75.885180
721.317421	-72.232715
721.491016	-70.218564
721.664694	-69.309813
721.838456	-69.252662
722.012302	-69.823007
722.186231	-70.681200
722.360244	-71.353584
722.534342	-71.587841
722.708523	-71.677706
722.882788	-72.131663
723.057137	-73.391520
723.231570	-75.904824
723.406088	-80.148776
723.580689	-83.721871
723.755375	-80.962981
723.930146	-78.858769
724.105000	-79.060980
724.279940	-80.950886
724.454963	-80.092976
724.630072	-75.405447
724.805265	-71.663805
724.980543	-69.243059
725.155905	-67.765458
725.331353	-66.926058
725.506885	-66.492816
725.682503	-66.213924
725.858205	-65.902919
726.033993	-65.577709
726.209865	-65.393869
726.385823	-65.533844
726.561866	-66.200194
726.737995	-67.598385
726.914209	-69.897725
727.090508	-73.246068
727.266893	-77.305843
727.443364	-79.098671
727.619920	-78.088652
727.796562	-78.023392
727.973290	-79.844528
728.150103	-83.308241
728.327003	-83.446087
728.503988	-79.028780
728.681060	-75.947876
728.858218	-74.049866
729.035461	-72.597429
729.212791	-71.279993
729.390208	-70.030082
729.567710	-68.934335
729.745299	-68.209513
729.922975	-68.047740
730.100737	-68.546195
730.278586	-69.855650
730.456521	-72.348505
730.634543	-76.956288
730.812652	-87.637703
730.990848	-82.857942
731.169130	-75.989679
731.347500	-72.788143
731.525957	-70.960831
731.704500	-69.818171
731.883131	-69.165793
732.061850	-68.897366
732.240655	-68.811367
732.419548	-68.784207
732.598528	-68.736643
732.777596	-68.594640
732.956751	-68.428219
733.135994	-68.368167
733.315325	-68.431474
733.494744	-68.649490
733.674250	-69.106758
733.853844	-69.893403
734.033526	-71.291248
734.213296	-73.886702
734.393154	-78.656674
734.573101	-80.570164
734.753135	-74.298853
734.933258	-70.190969
735.113469	-67.831196
735.293769	-66.588105
735.474157	-66.129011
735.654633	-66.248992
735.835198	-66.704678
736.015852	-67.137844
736.196594	-67.351325
736.377426	-67.539104
736.558346	-68.046830
736.739355	-69.228966
736.920453	-71.386566
737.101640	-74.420741
737.282916	-77.055822
737.464282	-77.852966
737.645736	-78.812071
737.827280	-83.468391
738.008914	-84.613527
738.190637	-74.742657
738.372449	-69.667997
738.554351	-66.661187
738.736342	-64.899226
738.918424	-64.025368
739.100595	-63.804424
739.282855	-64.027234
739.465206	-64.456393
739.647647	-64.874941
739.830178	-65.248846
740.012799	-65.792710
740.195510	-66.827008
740.378311	-68.677450
740.561203	-71.710567
740.744185	-76.189337
740.927258	-80.328693
741.110421	-79.917551
741.293674	-79.498805
741.477018	-81.506545
741.660453	-80.485063
741.843979	-74.565383
742.027596	-70.207212
742.211303	-67.344359
742.395102	-65.536307
742.578991	-64.480871
742.762972	-63.991904
742.947044	-63.982432
743.131207	-64.397717
743.315461	-65.216931
743.499807	-66.477153
743.684244	-68.192608
743.868773	-70.387473
744.053394	-73.321447
744.238106	-77.788592
744.422910	-87.790997
744.607805	-85.852391
744.792793	-77.291084
744.977872	-73.872816
745.163044	-72.555337
745.348307	-72.609515
745.533663	-73.295963
745.719111	-72.675408
745.904651	-70.300955
746.090283	-68.013917
746.276008	-66.637564
746.461826	-66.340703
746.647735	-67.206122
746.833738	-69.443049
747.019833	-73.793316
747.206021	-83.444442
747.392302	-84.755875
747.578676	-77.768705
747.765143	-75.143792
747.951703	-72.672860
748.138356	-69.664605
748.325102	-67.067633
748.511941	-65.438837
748.698874	-64.865907
748.885900	-65.366898
749.073019	-67.056687
749.260232	-69.963966
749.447539	-72.536602
749.634939	-71.498583
749.822433	-69.570051
750.010021	-68.957923
750.197703	-69.989899
750.385479	-72.944155
750.573348	-78.206756
750.761312	-79.528580
750.949370	-75.389061
751.137523	-73.139201
751.325769	-71.650481
751.514110	-69.700071
751.702545	-67.490850
751.891075	-65.734844
752.079700	-64.860228
752.268419	-65.022871
752.457233	-66.324030
752.646142	-69.095608
752.835145	-74.105110
753.024244	-79.380938
753.213437	-75.371107
753.402726	-72.707144
753.592110	-72.703003
753.781589	-75.377850
753.971163	-81.615484
754.160833	-79.194844
754.350598	-73.505259
754.540459	-70.757189
754.730415	-69.592822
754.920467	-68.952307
755.110615	-67.942432
755.300858	-66.558209
755.491198	-65.458093
755.681633	-65.196989
755.872164	-66.106738
756.062792	-68.610146
756.253515	-73.933255
756.444335	-80.762097
756.635252	-73.381484
756.826264	-69.833609
757.017373	-68.874925
757.208579	-69.606819
757.399881	-71.136799
757.591280	-71.697026
757.782776	-71.013311
757.974368	-70.588100
758.166058	-71.075636
758.357844	-71.582917
758.549728	-70.240906
758.741708	-68.124932
758.933786	-66.862779
759.125961	-66.965300
759.318233	-68.723807
759.510603	-72.636873
759.703071	-77.178629
759.895635	-73.281002
760.088298	-69.645148
760.281058	-67.973814
760.473916	-67.288484
760.666872	-66.846625
760.859926	-66.399523
761.053078	-66.345042
761.246328	-67.322787
761.439676	-69.724628
761.633122	-72.501958
761.826667	-71.152402
762.020310	-68.291046
762.214052	-66.982626
762.407892	-67.333494
762.601831	-69.052254
762.795868	-70.674423
762.990004	-69.738181
763.184239	-68.068932
763.378573	-67.125107
763.573006	-66.378599
763.767538	-65.010890
763.962169	-63.277760
764.156900	-62.051581
764.351729	-61.821422
764.546658	-62.784712
764.741687	-65.046726
764.936815	-67.991430
765.132042	-68.838046
765.327370	-67.781032
765.522797	-67.677311
765.718324	-69.177764
765.913950	-70.990756
766.109677	-70.001161
766.305504	-67.989698
766.501431	-66.999190
766.697458	-66.439139
766.893586	-64.825419
767.089814	-62.427667
767.286142	-60.517389
767.482571	-59.520655
767.679100	-59.426339
767.875730	-60.069603
768.072461	-61.140131
768.269293	-62.234825
768.466225	-63.221632
768.663259	-64.428906
768.860393	-66.135713
769.057629	-67.725972
769.254966	-68.109053
769.452404	-68.015702
769.649944	-68.709964
769.847585	-69.729123
770.045328	-68.073090
770.243172	-64.849555
770.441118	-62.436887
770.639166	-61.062633
770.837315	-60.414331
771.035567	-60.135163
771.233920	-60.067839
771.432376	-60.372381
771.630934	-61.378110
771.829594	-63.413945
772.028356	-66.217916
772.227220	-67.249507
772.426188	-65.546567
772.625257	-64.304301
772.824430	-64.411875
773.023705	-65.336368
773.223083	-65.595628
773.422563	-64.506944
773.622147	-63.362434
773.821834	-62.816185
774.021624	-62.548091
774.221517	-62.044562
774.421513	-61.336173
774.621613	-61.018739
774.821816	-61.563981
775.022122	-63.009099
775.222532	-64.393540
775.423046	-63.689885
775.623664	-61.691673
775.824385	-60.130227
776.025211	-59.387411
776.226140	-59.387440
776.427173	-59.929894
776.628311	-60.791863
776.829553	-61.776861
777.030899	-62.816405
777.232350	-63.959548
777.433905	-65.012651
777.635564	-65.159792
777.837328	-64.001282
778.039197	-62.620173
778.241171	-61.841338
778.443250	-61.523079
778.645433	-60.857316
778.847722	-59.305249
779.050116	-57.569632
779.252615	-56.431433
779.455219	-56.186812
779.657929	-56.845080
779.860744	-58.175913
780.063665	-59.729263
780.266691	-61.281401
780.469823	-63.529484
780.673061	-68.092070
780.876405	-72.753848
781.079855	-66.000084
781.283410	-62.228003
781.487072	-60.831287
781.690840	-60.441639
781.894715	-59.575006
782.098695	-57.932626
782.302783	-56.534936
782.506976	-55.990786
782.711277	-56.342319
782.915684	-57.308316
783.120198	-58.435757
783.324818	-59.625314
783.529546	-61.568684
783.734381	-65.051675
783.939322	-66.542029
784.144372	-62.653987
784.349528	-59.934273
784.554792	-58.896048
784.760163	-58.733554
784.965642	-58.538605
785.171228	-57.996410
785.376922	-57.708611
785.582724	-58.182697
785.788634	-59.219890
785.994651	-59.897182
786.200777	-59.959723
786.407011	-60.543639
786.613353	-62.460202
786.819804	-63.705446
787.026363	-60.744176
787.233030	-57.748493
787.439806	-56.277620
787.646691	-55.946418
787.853684	-56.006215
788.060786	-55.822641
788.267997	-55.643113
788.475317	-56.202263
788.682746	-57.990411
788.890285	-60.791514
789.097932	-62.141405
789.305689	-61.209859
789.513555	-61.195476
789.721531	-62.659748
789.929617	-62.158749
790.137812	-58.840591
790.346117	-56.372801
790.554531	-55.235595
790.763056	-54.918670
790.971691	-54.779043
791.180436	-54.519840
791.389291	-54.519038
791.598256	-55.341015
791.807332	-57.283487
792.016518	-59.853790
792.225815	-60.840373
792.435222	-59.978402
792.644740	-59.502928
792.854369	-59.679960
793.064109	-59.381490
793.273960	-58.033697
793.483922	-56.590474
793.693995	-55.667225
793.904180	-55.207415
794.114475	-54.971492
794.324882	-54.886437
794.535401	-55.104852
794.746031	-55.887662
794.956774	-57.323557
795.167627	-58.743676
795.378593	-58.637767
795.589671	-57.364545
795.800861	-56.449840
796.012162	-56.275575
796.223577	-56.465135
796.435103	-56.424232
796.646742	-56.132901
796.858493	-56.023884
797.070357	-56.127328
797.282334	-55.990073
797.494423	-55.558792
797.706626	-55.443979
797.918941	-56.057084
798.131369	-56.963011
798.343911	-56.757633
798.556566	-55.488140
798.769334	-54.589001
798.982215	-54.437283
799.195210	-54.514262
799.408319	-54.328001
799.621541	-54.277753
799.834877	-54.968696
800.048327	-56.173209
800.261890	-56.333505
800.475568	-55.250672
800.689360	-54.778418
800.903266	-55.684913
801.117287	-57.263803
801.331422	-57.215649
801.545671	-56.001599
801.760036	-55.635639
801.974514	-55.912186
802.189108	-55.205045
802.403816	-53.698681
802.618640	-53.007230
802.833578	-53.654723
803.048632	-54.857944
803.263800	-54.607547
803.479085	-53.414226
803.694484	-53.229416
803.909999	-54.524330
804.125630	-56.302528
804.341376	-56.313494
804.557239	-55.613985
804.773217	-55.987545
804.989311	-56.277055
805.205521	-54.495595
805.421847	-52.591560
805.638290	-52.048385
805.854849	-52.817775
806.071524	-53.854340
806.288316	-53.777866
806.505225	-53.375697
806.722250	-53.946911
806.939393	-55.340092
807.156652	-55.757995
807.374028	-54.899000
807.591521	-54.567440
807.809132	-54.868712
808.026859	-54.275251
808.244705	-52.725576
808.462667	-51.771790
808.680748	-51.993068
808.898946	-53.047299
809.117261	-53.988814
809.335695	-54.445584
809.554246	-55.204761
809.772916	-56.234783
809.991704	-55.824525
810.210610	-54.209354
810.429634	-53.235947
810.648777	-53.153586
810.868039	-53.071122
811.087419	-52.321776
811.306918	-51.612566
811.526535	-51.724634
811.746272	-52.728639
811.966127	-54.075307
812.186102	-55.054906
812.406196	-55.917763
812.626409	-56.890350
812.846742	-56.192953
813.067194	-53.884435
813.287766	-52.251132
813.508457	-51.862059
813.729269	-52.291323
813.950200	-52.579200
814.171251	-52.307602
814.392422	-52.326130
814.613714	-53.333337
814.835126	-54.891249
815.056658	-55.306509
815.278311	-54.690626
815.500084	-54.530643
815.721978	-54.315707
815.943993	-52.808468
816.166128	-51.134479
816.388385	-50.609738
816.610762	-51.473338
816.833261	-53.070607
817.055881	-53.890177
817.278623	-54.092558
817.501486	-55.230874
817.724471	-56.658482
817.947577	-55.323593
818.170805	-53.368114
818.394155	-52.878591
818.617627	-53.101730
818.841221	-52.246105
819.064937	-50.886055
819.288775	-50.605534
819.512736	-51.795883
819.736819	-53.739299
819.961025	-54.700807
820.185354	-55.151821
820.409805	-56.433229
820.634379	-56.047072
820.859076	-53.439498
821.083897	-52.019550
821.308840	-52.242641
821.533907	-52.865675
821.759097	-52.313630
821.984411	-51.650676
822.209848	-52.259414
822.435409	-53.853999
822.661093	-54.492383
822.886902	-54.239737
823.112834	-54.907480
823.338891	-55.128783
823.565072	-52.872359
823.791377	-50.974442
824.017807	-50.749161
824.244361	-51.737104
824.471039	-52.429328
824.697843	-52.357646
824.924771	-53.098924
825.151824	-55.050771
825.379002	-55.464325
825.606306	-53.958137
825.833734	-53.706136
826.061288	-54.567384
826.288967	-53.684912
826.516772	-51.641089
826.744703	-50.881502
826.972759	-51.568280
827.200941	-52.558651
827.429249	-52.768799
827.657683	-53.255636
827.886243	-54.827270
828.114930	-55.277689
828.343743	-53.350695
828.572682	-52.194561
828.801748	-52.551009
829.030941	-53.190115
829.260260	-52.629333
829.489706	-51.910732
829.719280	-52.101694
829.948980	-52.690900
830.178808	-52.594511
830.408763	-52.242155
830.638845	-52.459252
830.869055	-52.558433
831.099393	-51.572755
831.329858	-50.523522
831.560451	-50.472541
831.791173	-51.427471
832.022022	-52.512246
832.252999	-52.901176
832.484105	-53.129543
832.715339	-53.263084
832.946702	-52.457162
833.178193	-51.381959
833.409813	-51.086717
833.641561	-51.330105
833.873439	-51.022003
834.105445	-50.327018
834.337581	-50.389001
834.569846	-51.381752
834.802241	-52.226802
835.034764	-52.279750
835.267418	-52.366906
835.500201	-52.047994
835.733114	-50.562332
835.966157	-49.363765
836.199329	-49.450749
836.432632	-50.329050
836.666065	-50.540204
836.899629	-50.315900
837.133323	-50.957078
837.367147	-51.772529
837.601102	-51.014461
837.835188	-50.129984
838.069405	-50.224537
838.303752	-49.846578
838.538231	-48.327681
838.772841	-47.493299
839.007582	-48.040271
839.242455	-49.087270
839.477459	-49.324131
839.712595	-49.606296
839.947863	-50.769132
840.183263	-50.841611
840.418794	-49.269783
840.654458	-48.600756
840.890254	-48.966106
841.126182	-48.634312
841.362242	-47.584051
841.598435	-47.388705
841.834761	-48.151949
842.071220	-48.678378
842.307811	-48.699451
842.544536	-49.242862
842.781393	-49.640783
843.018384	-48.467109
843.255508	-47.255173
843.492765	-47.046965
843.730156	-47.197258
843.967681	-46.945919
844.205339	-46.796868
844.443132	-47.177650
844.681058	-47.496733
844.919118	-47.432070
845.157313	-47.637267
845.395642	-48.008522
845.634105	-47.479599
845.872703	-46.420528
846.111436	-45.851328
846.350303	-45.745543
846.589306	-45.688308
846.828443	-45.813232
847.067716	-46.391510
847.307124	-46.946243
847.546667	-46.879416
847.786345	-46.756051
848.026160	-47.033844
848.266110	-47.032101
848.506195	-46.287436
848.746417	-45.596095
848.986775	-45.346025
849.227269	-45.158454
849.467899	-44.966138
849.708666	-45.235773
849.949569	-45.893440
850.190609	-45.942549
850.431785	-45.313362
850.673099	-45.066595
850.914549	-45.220125
851.156137	-44.936747
851.397861	-44.399739
851.639723	-44.322709
851.881723	-44.393394
852.123860	-44.070118
852.366135	-43.970760
852.608547	-44.648818
852.851098	-45.254341
853.093786	-44.820211
853.336613	-44.410404
853.579578	-44.559016
853.822681	-44.448144
854.065923	-44.035109
854.309304	-44.114324
854.552823	-44.317229
854.796481	-43.797115
855.040278	-43.342061
855.284215	-43.685592
855.528290	-44.127230
855.772505	-43.933879
856.016859	-43.800910
856.261353	-43.897566
856.505987	-43.567804
856.750760	-43.202053
856.995673	-43.394895
857.240727	-43.468436
857.485920	-42.882834
857.731254	-42.515275
857.976729	-42.686337
858.222343	-42.814233
858.468099	-42.873279
858.713995	-43.263005
858.960032	-43.383644
859.206211	-42.797060
859.452530	-42.484415
859.698991	-42.739608
859.945593	-42.765545
860.192336	-42.497092
860.439222	-42.606204
860.686248	-42.813606
860.933417	-42.625180
861.180728	-42.632241
861.428181	-42.974223
861.675776	-42.684509
861.923514	-41.919401
862.171394	-41.674341
862.419417	-41.853015
862.667582	-41.880073
862.915890	-41.931570
863.164342	-42.202385
863.412936	-42.102034
863.661674	-41.622836
863.910555	-41.505941
864.159579	-41.703299
864.408747	-41.598021
864.658059	-41.322695
864.907515	-41.371032
865.157114	-41.629739
865.406858	-41.824948
865.656746	-42.076252
865.906778	-42.240501
866.156955	-41.844092
866.407277	-41.221083
866.657743	-40.999851
866.908354	-41.131406
867.159110	-41.211633
867.410011	-41.203865
867.661057	-41.235116
867.912249	-41.187222
868.163586	-41.116235
868.415069	-41.226620
868.666697	-41.256223
868.918472	-40.883015
869.170392	-40.501905
869.422458	-40.486369
869.674671	-40.687326
869.927030	-40.941911
870.179536	-41.170443
870.432188	-41.031957
870.684987	-40.586732
870.937933	-40.428230
871.191026	-40.607363
871.444266	-40.642778
871.697653	-40.534869
871.951188	-40.528878
872.204870	-40.473189
872.458700	-40.479676
872.712677	-40.831944
872.966803	-40.997110
873.221076	-40.499759
873.475498	-40.093519
873.730068	-40.125074
873.984787	-40.175999
874.239654	-40.220844
874.494669	-40.373319
874.749834	-40.187513
875.005147	-39.814307
875.260610	-39.935628
875.516222	-40.326123
875.771983	-40.253993
876.027894	-39.962447
876.283954	-39.844831
876.540164	-39.759392
876.796524	-39.845612
877.053033	-40.211293
877.309693	-40.283602
877.566503	-39.915560
877.823464	-39.765088
878.080575	-39.958052
878.337837	-40.127225
878.595249	-40.136627
878.852813	-39.960701
879.110528	-39.668005
879.368393	-39.603522
879.626410	-39.835789
879.884579	-39.967104
880.142899	-39.765891
880.401371	-39.453594
880.659994	-39.309465
880.918770	-39.470000
881.177698	-39.762364
881.436778	-39.787259
881.696010	-39.541997
881.955395	-39.388195
882.214933	-39.487142
882.474623	-39.740408
882.734467	-39.880099
882.994463	-39.703545
883.254613	-39.430399
883.514916	-39.423851
883.775372	-39.694890
884.035982	-39.878085
884.296746	-39.674042
884.557664	-39.314906
884.818735	-39.196850
885.079961	-39.365976
885.341341	-39.593244
885.602876	-39.614909
885.864565	-39.318079
886.126409	-39.001085
886.388407	-39.086074
886.650561	-39.416291
886.912870	-39.430471
887.175334	-39.201580
887.437953	-39.098708
887.700728	-39.145987
887.963658	-39.410519
888.226745	-39.719329
888.489987	-39.495465
888.753385	-39.045281
889.016940	-39.073840
889.280651	-39.425131
889.544518	-39.619065
889.808543	-39.537774
890.072723	-39.144886
890.337061	-38.747646
890.601556	-38.790793
890.866208	-39.041195
891.131017	-39.001074
891.395984	-38.855418
891.661109	-38.927416
891.926391	-39.227560
892.191831	-39.563260
892.457429	-39.436047
892.723186	-38.831147
892.989100	-38.426592
893.255173	-38.527610
893.521405	-38.975814
893.787796	-39.394803
894.054345	-39.362125
894.321053	-39.095096
894.587921	-39.090782
894.854948	-39.153412
895.122134	-38.897521
895.389480	-38.500710
895.656986	-38.262450
895.924651	-38.416023
896.192477	-38.993074
896.460463	-39.345607
896.728609	-38.961777
896.996915	-38.478319
897.265382	-38.384335
897.534010	-38.594264
897.802799	-38.823266
898.071749	-38.783664
898.340860	-38.597508
898.610132	-38.674438
898.879566	-39.004103
899.149162	-39.074349
899.418919	-38.666497
899.688838	-38.291410
899.958919	-38.392321
900.229162	-38.816491
900.499568	-39.021423
900.770136	-38.717288
901.040867	-38.202691
901.311761	-38.031921
901.582817	-38.357800
901.854037	-38.640881
902.125420	-38.513392
902.396966	-38.389849
902.668676	-38.488266
902.940550	-38.680007
903.212587	-38.689729
903.484788	-38.255910
903.757153	-37.847162
904.029683	-38.029987
904.302377	-38.580370
904.575236	-38.830134
904.848259	-38.541821
905.121447	-38.068362
905.394800	-37.907373
905.668319	-38.083297
905.942002	-38.110944
906.215852	-37.884129
906.489866	-37.778163
906.764047	-37.995337
907.038393	-38.360737
907.312906	-38.311782
907.587584	-37.810371
907.862429	-37.539263
908.137441	-37.738287
908.412619	-38.124614
908.687964	-38.270216
908.963476	-37.967335
909.239155	-37.692490
909.515002	-37.826347
909.791015	-37.946442
910.067197	-37.679368
910.343546	-37.349233
910.620063	-37.273631
910.896748	-37.540051
911.173601	-37.854064
911.450623	-37.686991
911.727813	-37.312058
912.005171	-37.299899
912.282699	-37.557105
912.560395	-37.625142
912.838261	-37.355380
913.116296	-37.076123
913.394500	-37.151204
913.672874	-37.501533
913.951418	-37.536761
914.230131	-37.081271
914.509015	-36.736365
914.788068	-36.792445
915.067292	-36.966358
915.346687	-36.901783
915.626252	-36.609392
915.905988	-36.481037
916.185895	-36.749297
916.465973	-36.981406
916.746223	-36.726169
917.026644	-36.349000
917.307236	-36.272294
917.588000	-36.507648
917.868937	-36.650526
918.150045	-36.353910
918.431325	-36.039742
918.712778	-36.097192
918.994404	-36.303304
919.276202	-36.240028
919.558173	-35.825329
919.840317	-35.538288
920.122634	-35.708335
920.405125	-35.958332
920.687789	-35.891946
920.970627	-35.670789
921.253639	-35.576243
921.536824	-35.769900
921.820184	-35.861145
922.103718	-35.498634
922.387427	-35.242280
922.671310	-35.367521
922.955368	-35.594471
923.239601	-35.594989
923.524009	-35.170440
923.808592	-34.796128
924.093351	-34.857365
924.378285	-34.940876
924.663396	-34.807847
924.948682	-34.717746
925.234144	-34.806261
925.519782	-35.072001
925.805597	-35.083534
926.091589	-34.617980
926.377757	-34.326518
926.664102	-34.485683
926.950624	-34.782355
927.237323	-34.847719
927.524200	-34.583536
927.811255	-34.367819
928.098487	-34.390748
928.385897	-34.294947
928.673485	-34.018554
928.961251	-33.920234
929.249196	-34.132369
929.537319	-34.412545
929.825621	-34.285344
930.114102	-33.838704
930.402762	-33.670352
930.691601	-33.872253
930.980620	-34.059244
931.269818	-33.952134
931.559196	-33.705134
931.848753	-33.671575
932.138491	-33.742662
932.428409	-33.539135
932.718508	-33.269573
933.008787	-33.269871
933.299246	-33.522162
933.589887	-33.690717
933.880709	-33.398138
934.171712	-33.061357
934.462896	-33.107593
934.754262	-33.249561
935.045810	-33.199799
935.337539	-32.970414
935.629451	-32.837462
935.921545	-32.997632
936.213822	-32.983297
936.506281	-32.648546
936.798922	-32.449133
937.091747	-32.472384
937.384755	-32.587670
937.677946	-32.487434
937.971321	-32.215439
938.264879	-32.286287
938.558621	-32.583250
938.852547	-32.637008
939.146657	-32.399467
939.440952	-32.128381
939.735431	-32.143614
940.030095	-32.247491
940.324943	-32.103361
940.619977	-31.989900
940.915196	-32.079727
941.210600	-32.179133
941.506189	-32.004761
941.801965	-31.623908
942.097926	-31.524289
942.394074	-31.753521
942.690407	-31.875178
942.986927	-31.712982
943.283634	-31.513319
943.580527	-31.532055
943.877608	-31.586455
944.174875	-31.378601
944.472330	-31.162167
944.769972	-31.197150
945.067802	-31.331524
945.365820	-31.248752
945.664026	-30.953453
945.962420	-30.874344
946.261002	-31.072394
946.559773	-31.146487
946.858733	-30.986895
947.157881	-30.842157
947.457219	-30.925609
947.756746	-31.032367
948.056462	-30.826756
948.356368	-30.618744
948.656464	-30.655924
948.956749	-30.755768
949.257225	-30.674523
949.557891	-30.422954
949.858748	-30.409786
950.159796	-30.612218
950.461034	-30.598784
950.762463	-30.413896
951.064084	-30.315632
951.365896	-30.446233
951.667900	-30.537100
951.970095	-30.325880
952.272483	-30.204046
952.575063	-30.301836
952.877835	-30.380401
953.180799	-30.248205
953.483956	-30.046864
953.787307	-30.120170
954.090850	-30.257805
954.394586	-30.148958
954.698516	-29.993565
955.002640	-30.035597
955.306957	-30.228512
955.611469	-30.165017
955.916174	-29.877533
956.221074	-29.781547
956.526169	-29.858515
956.831458	-29.847749
957.136942	-29.662470
957.442622	-29.585645
957.748496	-29.709221
958.054567	-29.691885
958.360833	-29.499234
958.667294	-29.422839
958.973952	-29.581482
959.280806	-29.684674
959.587857	-29.454984
959.895104	-29.239571
960.202548	-29.252918
960.510189	-29.316938
960.818027	-29.246559
961.126062	-29.144278
961.434295	-29.242838
961.742726	-29.299517
962.051355	-29.118185
962.360182	-28.969952
962.669207	-29.050411
962.978431	-29.236511
963.287854	-29.131516
963.597475	-28.889811
963.907296	-28.847125
964.217315	-28.883453
964.527535	-28.821377
964.837954	-28.665975
965.148573	-28.681369
965.459392	-28.764928
965.770411	-28.637729
966.081630	-28.488715
966.393051	-28.512559
966.704672	-28.651743
967.016494	-28.559339
967.328517	-28.309676
967.640742	-28.264681
967.953169	-28.342251
968.265797	-28.322847
968.578627	-28.174597
968.891660	-28.169206
969.204895	-28.279713
969.518332	-28.223352
969.831972	-28.113039
970.145816	-28.150826
970.459862	-28.304873
970.774112	-28.238905
971.088565	-28.018547
971.403223	-27.996147
971.718084	-28.100463
972.033149	-28.094579
972.348419	-27.944480
972.663893	-27.955001
972.979572	-28.082722
973.295456	-28.038462
973.611546	-27.927287
973.927840	-27.943570
974.244340	-28.046399
974.561046	-27.898597
974.877958	-27.652672
975.195076	-27.647365
975.512401	-27.771680
975.829932	-27.765065
976.147670	-27.602224
976.465615	-27.598450
976.783767	-27.661083
977.102126	-27.574437
977.420693	-27.477928
977.739468	-27.527579
978.058451	-27.611259
978.377642	-27.437145
978.697041	-27.258488
979.016649	-27.310234
979.336466	-27.422277
979.656492	-27.359141
979.976727	-27.238304
980.297171	-27.316422
980.617825	-27.372348
980.938689	-27.260181
981.259763	-27.155643
981.581048	-27.206071
981.902542	-27.204959
982.224248	-27.022062
982.546164	-26.956955
982.868291	-27.058716
983.190630	-27.082512
983.513180	-26.910837
983.835942	-26.854552
984.158916	-26.959478
984.482101	-26.923616
984.805500	-26.733913
985.129110	-26.650781
985.452934	-26.715691
985.776970	-26.637535
986.101220	-26.503305
986.425683	-26.532588
986.750359	-26.626450
987.075250	-26.521207
987.400354	-26.359147
987.725673	-26.430739
988.051206	-26.530318
988.376954	-26.415950
988.702916	-26.232037
989.029094	-26.240380
989.355487	-26.274855
989.682095	-26.191362
990.008919	-26.189583
990.335959	-26.303156
990.663216	-26.285770
990.990688	-26.075557
991.318377	-26.035342
991.646283	-26.163863
991.974406	-26.150161
992.302746	-25.970873
992.631304	-25.922017
992.960079	-26.000082
993.289072	-25.953861
993.618283	-25.896020
993.947713	-25.969776
994.277361	-26.012797
994.607227	-25.841756
994.937313	-25.741879
995.267618	-25.843173
995.598142	-25.863801
995.928886	-25.688398
996.259849	-25.621403
996.591033	-25.752841
996.922437	-25.779908
997.254061	-25.679891
997.585906	-25.671420
997.917972	-25.710424
998.250260	-25.585137
998.582768	-25.489491
998.915498	-25.586918
999.248450	-25.632886
999.581624	-25.454887
999.915020	-25.364859
1000.248639	-25.506588
1000.582480	-25.571581
1000.916545	-25.452892
1001.250832	-25.388150
1001.585343	-25.398319
1001.920077	-25.277330
1002.255035	-25.191351
1002.590218	-25.298611
1002.925624	-25.361570
1003.261255	-25.182183
1003.597111	-25.083174
1003.933192	-25.211712
1004.269497	-25.250383
1004.606029	-25.089477
1004.942785	-25.003825
1005.279768	-25.030530
1005.616977	-24.949972
1005.954412	-24.893834
1006.292074	-24.993170
1006.629962	-25.028021
1006.968077	-24.851845
1007.306420	-24.793905
1007.644990	-24.920358
1007.983787	-24.907831
1008.322813	-24.715225
1008.662067	-24.664371
1009.001549	-24.732427
1009.341259	-24.707281
1009.681199	-24.691620
1010.021367	-24.760239
1010.361765	-24.697425
1010.702392	-24.514277
1011.043250	-24.523304
1011.384337	-24.640684
1011.725654	-24.549242
1012.067202	-24.380636
1012.408980	-24.428649
1012.750989	-24.513584
1013.093230	-24.455271
1013.435702	-24.429861
1013.778405	-24.471353
1014.121341	-24.351532
1014.464508	-24.218116
1014.807908	-24.313390
1015.151540	-24.424447
1015.495405	-24.301763
1015.839503	-24.227509
1016.183835	-24.347518
1016.528400	-24.380920
1016.873198	-24.273793
1017.218231	-24.271689
1017.563498	-24.290544
1017.908999	-24.182391
1018.254735	-24.175589
1018.600707	-24.334084
1018.946913	-24.330936
1019.293354	-24.172971
1019.640032	-24.200520
1019.986945	-24.305187
1020.334094	-24.212248
1020.681480	-24.106990
1021.029102	-24.159667
1021.376961	-24.152075
1021.725058	-24.090366
1022.073391	-24.179039
1022.421962	-24.241931
1022.770772	-24.066595
1023.119819	-23.967081
1023.469104	-24.077252
1023.818628	-24.078220
1024.168391	-23.934687
1024.518393	-23.952242
1024.868634	-24.033972
1025.219115	-23.971964
1025.569836	-23.937047
1025.920796	-23.989103
1026.271997	-23.887409
1026.623438	-23.754646
1026.975121	-23.836554
1027.327044	-23.927500
1027.679208	-23.823092
1028.031614	-23.782740
1028.384262	-23.854358
1028.737152	-23.797199
1029.090284	-23.700305
1029.443659	-23.737038
1029.797276	-23.708020
1030.151137	-23.594040
1030.505240	-23.652542
1030.859587	-23.762138
1031.214178	-23.638710
1031.569013	-23.518029
1031.924093	-23.580328
1032.279417	-23.568588
1032.634985	-23.450544
1032.990799	-23.479859
1033.346858	-23.537133
1033.703162	-23.454146
1034.059712	-23.444002
1034.416509	-23.528413
1034.773551	-23.445047
1035.130841	-23.322826
1035.488377	-23.389664
1035.846160	-23.445594
1036.204190	-23.373593
1036.562468	-23.394979
1036.920994	-23.461781
1037.279768	-23.386309
1037.638790	-23.338336
1037.998061	-23.395084
1038.357581	-23.351556
1038.717350	-23.285135
1039.077368	-23.384645
1039.437636	-23.441123
1039.798154	-23.339686
1040.158922	-23.319790
1040.519940	-23.361797
1040.881209	-23.287985
1041.242729	-23.257442
1041.604501	-23.341605
1041.966524	-23.325136
1042.328798	-23.260036
1042.691325	-23.318749
1043.054103	-23.315779
1043.417135	-23.193328
1043.780419	-23.189549
1044.143956	-23.259865
1044.507746	-23.213803
1044.871791	-23.192684
1045.236088	-23.247134
1045.600641	-23.201366
1045.965447	-23.129955
1046.330508	-23.158193
1046.695824	-23.125437
1047.061395	-23.052349
1047.427222	-23.109164
1047.793304	-23.144091
1048.159642	-23.039418
1048.526237	-23.002628
1048.893088	-23.023142
1049.260196	-22.928250
1049.627561	-22.877035
1049.995183	-22.943466
1050.363063	-22.915208
1050.731201	-22.836345
1051.099597	-22.861094
1051.468251	-22.828986
1051.837164	-22.710528
1052.206336	-22.713460
1052.575767	-22.758365
1052.945458	-22.694390
1053.315409	-22.674052
1053.685619	-22.698353
1054.056090	-22.620770
1054.426821	-22.560096
1054.797814	-22.588997
1055.169067	-22.553080
1055.540582	-22.507198
1055.912359	-22.566957
1056.284398	-22.564515
1056.656698	-22.475159
1057.029262	-22.469821
1057.402088	-22.472609
1057.775177	-22.421228
1058.148530	-22.450035
1058.522146	-22.493720
1058.896027	-22.431215
1059.270171	-22.400992
1059.644580	-22.429727
1060.019254	-22.368253
1060.394193	-22.337964
1060.769397	-22.402819
1061.144867	-22.395793
1061.520602	-22.356929
1061.896604	-22.378993
1062.272872	-22.353871
1062.649407	-22.283877
1063.026210	-22.319639
1063.403279	-22.343269
1063.780616	-22.297955
1064.158221	-22.324042
1064.536094	-22.321912
1064.914235	-22.235200
1065.292645	-22.213673
1065.671325	-22.241856
1066.050273	-22.198385
1066.429491	-22.191099
1066.808979	-22.225855
1067.188738	-22.145480
1067.568766	-22.082547
1067.949066	-22.094605
1068.329636	-22.051329
1068.710478	-22.015269
1069.091592	-22.040220
1069.472977	-22.003110
1069.854635	-21.917108
1070.236565	-21.898218
1070.618768	-21.854284
1071.001243	-21.791190
1071.383993	-21.808031
1071.767016	-21.785354
1072.150313	-21.719481
1072.533884	-21.698032
1072.917730	-21.648194
1073.301850	-21.578291
1073.686246	-21.587576
1074.070917	-21.593229
1074.455864	-21.529294
1074.841087	-21.508197
1075.226586	-21.472614
1075.612362	-21.388470
1075.998415	-21.386930
1076.384745	-21.392909
1076.771353	-21.338664
1077.158238	-21.329396
1077.545401	-21.320717
1077.932843	-21.248192
1078.320564	-21.233794
1078.708564	-21.258301
1079.096842	-21.224203
1079.485401	-21.232005
1079.874240	-21.243921
1080.263358	-21.172821
1080.652757	-21.157863
1081.042438	-21.178975
1081.432399	-21.134865
1081.822641	-21.138334
1082.213166	-21.167976
1082.603972	-21.104705
1082.995061	-21.075265
1083.386433	-21.102882
1083.778087	-21.063836
1084.170025	-21.059415
1084.562246	-21.099126
1084.954751	-21.058077
1085.347541	-21.031321
1085.740615	-21.031611
1086.133973	-20.979391
1086.527617	-20.979287
1086.921546	-21.008478
1087.315761	-20.953556
1087.710262	-20.912312
1088.105050	-20.891047
1088.500124	-20.826638
1088.895485	-20.821281
1089.291134	-20.822917
1089.687070	-20.748225
1090.083294	-20.723024
1090.479806	-20.691194
1090.876607	-20.590204
1091.273696	-20.584674
1091.671075	-20.605484
1092.068744	-20.535473
1092.466702	-20.503573
1092.864950	-20.471496
1093.263489	-20.403593
1093.662319	-20.424961
1094.061440	-20.422136
1094.460852	-20.346709
1094.860555	-20.345139
1095.260551	-20.309829
1095.660840	-20.215989
1096.061421	-20.215337
1096.462295	-20.196569
1096.863462	-20.126174
1097.264923	-20.116016
1097.666678	-20.058573
1098.068727	-19.985569
1098.471071	-20.010813
1098.873710	-19.991418
1099.276644	-19.951126
1099.679874	-19.977993
1100.083400	-19.937539
1100.487222	-19.901888
1100.891340	-19.942190
1101.295756	-19.926022
1101.700468	-19.932472
1102.105478	-19.959141
1102.510787	-19.887181
1102.916393	-19.879694
1103.322298	-19.917441
1103.728502	-19.859542
1104.135005	-19.851461
1104.541807	-19.842240
1104.948909	-19.740828
1105.356312	-19.714156
1105.764015	-19.690607
1106.172019	-19.614096
1106.580324	-19.609709
1106.988931	-19.552183
1107.397840	-19.458683
1107.807051	-19.475023
1108.216564	-19.448286
1108.626380	-19.399453
1109.036500	-19.424530
1109.446923	-19.377672
1109.857649	-19.337087
1110.268680	-19.358096
1110.680016	-19.313976
1111.091657	-19.306480
1111.503602	-19.305711
1111.915854	-19.216817
1112.328411	-19.197103
1112.741275	-19.179292
1113.154445	-19.098425
1113.567922	-19.080988
1113.981706	-19.015966
1114.395798	-18.912464
1114.810198	-18.879281
1115.224906	-18.801271
1115.639923	-18.740694
1116.055249	-18.721460
1116.470884	-18.621293
1116.886829	-18.577986
1117.303084	-18.580317
1117.719650	-18.525165
1118.136526	-18.541380
1118.553713	-18.544071
1118.971212	-18.493986
1119.389022	-18.532173
1119.807145	-18.539342
1120.225580	-18.533620
1120.644328	-18.591416
1121.063389	-18.565003
1121.482763	-18.560184
1121.902452	-18.606443
1122.322454	-18.573302
1122.742771	-18.589502
1123.163404	-18.587897
1123.584351	-18.507730
1124.005614	-18.505560
1124.427193	-18.462855
1124.849089	-18.392848
1125.271301	-18.383417
1125.693830	-18.288115
1126.116677	-18.224022
1126.539842	-18.213038
1126.963324	-18.124337
1127.387126	-18.102271
1127.811246	-18.071582
1128.235685	-17.979714
1128.660444	-17.982660
1129.085522	-17.947108
1129.510922	-17.900907
1129.936641	-17.924122
1130.362682	-17.863217
1130.789044	-17.847835
1131.215728	-17.878175
1131.642734	-17.828222
1132.070063	-17.845179
1132.497714	-17.831811
1132.925689	-17.766672
1133.353987	-17.788141
1133.782610	-17.745618
1134.211556	-17.701333
1134.640827	-17.698412
1135.070424	-17.612716
1135.500345	-17.589090
1135.930593	-17.567207
1136.361166	-17.485897
1136.792067	-17.470112
1137.223294	-17.398322
1137.654848	-17.331641
1138.086730	-17.325155
1138.518940	-17.249729
1138.951479	-17.224597
1139.384346	-17.198963
1139.817543	-17.132584
1140.251069	-17.156525
1140.684925	-17.130736
1141.119111	-17.099585
1141.553628	-17.122002
1141.988475	-17.077771
1142.423655	-17.099031
1142.859166	-17.119819
1143.295009	-17.086474
1143.731185	-17.133236
1144.167694	-17.123031
1144.604536	-17.123621
1145.041711	-17.175834
1145.479221	-17.139917
1145.917065	-17.155709
1146.355245	-17.154419
1146.793759	-17.114987
1147.232609	-17.148316
1147.671795	-17.100114
1148.111317	-17.071436
1148.551177	-17.070927
1148.991373	-16.999727
1149.431907	-16.998106
1149.872779	-16.942080
1150.313989	-16.864337
1150.755538	-16.847006
1151.197426	-16.755736
1151.639653	-16.719316
1152.082220	-16.672878
1152.525128	-16.578929
1152.968376	-16.563909
1153.411966	-16.489258
1153.855897	-16.438547
1154.300169	-16.410319
1154.744784	-16.317627
1155.189742	-16.304338
1155.635042	-16.256279
1156.080687	-16.208378
1156.526674	-16.209528
1156.973007	-16.143614
1157.419683	-16.146698
1157.866705	-16.133839
1158.314072	-16.093228
1158.761786	-16.110221
1159.209845	-16.063220
1159.658251	-16.072153
1160.107004	-16.084648
1160.556104	-16.052213
1161.005553	-16.086204
1161.455349	-16.064172
1161.905494	-16.072929
1162.355989	-16.094594
1162.806832	-16.055552
1163.258026	-16.083090
1163.709570	-16.062111
1164.161464	-16.058221
1164.613710	-16.082103
1165.066307	-16.038199
1165.519256	-16.058129
1165.972558	-16.032759
1166.426212	-16.009676
1166.880219	-16.013895
1167.334580	-15.949001
1167.789295	-15.949869
1168.244364	-15.914628
1168.699788	-15.876593
1169.155567	-15.868357
1169.611702	-15.796872
1170.068193	-15.785462
1170.525041	-15.735946
1170.982245	-15.678499
1171.439807	-15.654530
1171.897726	-15.576308
1172.356004	-15.559084
1172.814640	-15.508839
1173.273635	-15.454179
1173.732989	-15.429729
1174.192703	-15.358712
1174.652778	-15.341313
1175.113213	-15.286224
1175.574009	-15.237051
1176.035167	-15.220100
1176.496687	-15.168278
1176.958569	-15.162806
1177.420814	-15.123446
1177.883422	-15.095547
1178.346394	-15.088353
1178.809730	-15.049007
1179.273430	-15.049906
1179.737496	-15.022704
1180.201927	-15.012009
1180.666723	-15.022902
1181.131886	-14.999560
1181.597416	-15.011964
1182.063312	-14.992876
1182.529576	-14.991062
1182.996209	-15.000016
1183.463209	-14.973342
1183.930579	-14.993864
1184.398317	-14.975501
1184.866426	-14.985428
1185.334904	-14.984977
1185.803754	-14.956353
1186.272974	-14.968039
1186.742566	-14.932716
1187.212529	-14.935485
1187.682865	-14.910166
1188.153574	-14.885629
1188.624656	-14.887089
1189.096112	-14.841250
1189.567942	-14.833642
1190.040147	-14.783421
1190.512726	-14.757303
1190.985681	-14.732260
1191.459012	-14.681860
1191.932720	-14.670323
1192.406804	-14.616726
1192.881265	-14.602846
1193.356104	-14.558702
1193.831322	-14.515586
1194.306918	-14.490832
1194.782893	-14.443425
1195.259248	-14.430463
1195.735982	-14.388417
1196.213097	-14.366943
1196.690593	-14.347713
1197.168471	-14.309609
1197.646730	-14.295511
1198.125371	-14.253207
1198.604395	-14.245461
1199.083803	-14.224178
1199.563594	-14.201405
1200.043769	-14.196953
1200.524329	-14.163210
1201.005273	-14.167921
1201.486604	-14.124726
1201.968320	-14.125327
1202.450422	-14.100181
1202.932912	-14.098924
1203.415789	-14.083756
1203.899054	-14.069733
1204.382707	-14.063798
1204.866748	-14.043603
1205.351179	-14.037457
1205.836000	-14.012611
1206.321211	-14.023952
1206.806812	-13.999603
1207.292805	-14.018552
1207.779189	-13.977624
1208.265965	-14.007333
1208.753134	-13.962032
1209.240696	-13.989410
1209.728651	-13.951635
1210.217000	-13.973681
1210.705744	-13.964921
1211.194883	-13.950546
1211.684417	-13.966875
1212.174347	-13.915369
1212.664673	-13.968127
1213.155396	-13.883910
1213.646516	-13.960415
1214.138034	-13.868648
1214.629951	-13.945518
1215.122266	-13.853510
1215.614980	-13.900187
1216.108095	-13.842032
1216.601609	-13.848694
1217.095524	-13.836773
1217.589841	-13.797342
1218.084559	-13.835073
1218.579679	-13.746856
1219.075202	-13.809141
1219.571128	-13.694318
1220.067458	-13.776217
1220.564191	-13.662877
1221.061330	-13.734318
1221.558874	-13.643480
1222.056823	-13.684987
1222.555178	-13.622449
1223.053940	-13.618499
1223.553109	-13.604083
1224.052686	-13.568087
1224.552671	-13.591093
1225.053065	-13.524377
1225.553867	-13.569226
1226.055079	-13.486156
1226.556702	-13.528267
1227.058735	-13.456253
1227.561179	-13.493147
1228.064035	-13.448533
1228.567303	-13.452968
1229.070983	-13.435501
1229.575077	-13.408837
1230.079585	-13.417786
1230.584506	-13.367873
1231.089842	-13.403023
1231.595594	-13.347235
1232.101761	-13.381847
1232.608345	-13.321855
1233.115345	-13.344765
1233.622762	-13.299537
1234.130597	-13.305751
1234.638851	-13.285432
1235.147523	-13.274662
1235.656615	-13.269969
1236.166126	-13.231924
1236.676058	-13.238693
1237.186411	-13.194077
1237.697185	-13.212067
1238.208381	-13.165881
1238.719999	-13.184849
1239.232040	-13.137369
1239.744505	-13.142912
1240.257394	-13.100505
1240.770708	-13.105891
1241.284446	-13.074817
1241.798610	-13.073378
1242.313201	-13.045014
1242.828218	-13.035001
1243.343662	-13.002767
1243.859534	-12.992309
1244.375834	-12.968355
1244.892563	-12.960703
1245.409721	-12.933445
1245.927309	-12.919300
1246.445327	-12.890524
1246.963777	-12.869701
1247.482657	-12.851062
1248.001970	-12.830546
1248.521716	-12.820532
1249.041894	-12.783528
1249.562506	-12.778097
1250.083553	-12.732638
1250.605034	-12.737017
1251.126950	-12.690752
1251.649302	-12.704547
1252.172091	-12.653761
1252.695316	-12.656884
1253.218979	-12.609397
1253.743079	-12.611311
1254.267619	-12.577221
1254.792597	-12.572208
1255.318015	-12.550282
1255.843874	-12.526562
1256.370173	-12.510947
1256.896913	-12.481537
1257.424095	-12.483067
1257.951720	-12.449682
1258.479787	-12.455211
1259.008298	-12.415626
1259.537254	-12.416953
1260.066654	-12.380771
1260.596499	-12.387593
1261.126790	-12.363036
1261.657527	-12.361016
1262.188711	-12.339400
1262.720342	-12.327739
1263.252422	-12.314592
1263.784950	-12.303476
1264.317928	-12.304421
1264.851355	-12.286211
1265.385232	-12.284469
1265.919560	-12.261236
1266.454340	-12.263763
1266.989572	-12.246046
1267.525256	-12.254216
1268.061394	-12.236769
1268.597985	-12.233879
1269.135031	-12.216351
1269.672531	-12.214685
1270.210487	-12.207010
1270.748899	-12.204276
1271.287768	-12.199564
1271.827094	-12.184946
1272.366877	-12.180003
1272.907119	-12.167831
1273.447820	-12.174847
1273.988981	-12.160557
1274.530601	-12.166414
1275.072683	-12.143853
1275.615226	-12.150569
1276.158230	-12.132552
1276.701697	-12.149617
1277.245627	-12.130996
1277.790021	-12.142439
1278.334879	-12.117714
1278.880202	-12.131964
1279.425991	-12.114208
1279.972245	-12.135113
1280.518966	-12.115967
1281.066155	-12.127323
1281.613811	-12.104659
1282.161936	-12.121002
1282.710529	-12.106523
1283.259593	-12.123631
1283.809126	-12.105884
1284.359131	-12.112151
1284.909607	-12.094545
1285.460555	-12.106964
1286.011976	-12.097467
1286.563870	-12.105425
1287.116237	-12.090366
1287.669080	-12.089336
1288.222397	-12.079078
1288.776191	-12.085432
1289.330460	-12.080266
1289.885207	-12.077749
1290.440431	-12.065954
1290.996133	-12.060462
1291.552314	-12.057377
1292.108975	-12.057844
1292.666115	-12.053551
1293.223737	-12.043343
1293.781839	-12.034580
1294.340424	-12.028695
1294.899491	-12.028965
1295.459041	-12.023875
1296.019075	-12.017061
1296.579593	-12.003098
1297.140597	-11.996385
1297.702086	-11.992381
1298.264061	-11.990459
1298.826524	-11.979990
1299.389474	-11.968972
1299.952912	-11.955312
1300.516839	-11.950620
1301.081255	-11.946711
1301.646162	-11.937740
1302.211559	-11.924107
1302.777448	-11.910059
1303.343829	-11.900610
1303.910702	-11.896430
1304.478069	-11.888959
1305.045930	-11.872088
1305.614285	-11.859408
1306.183136	-11.845998
1306.752483	-11.842150
1307.322326	-11.832856
1307.892666	-11.820852
1308.463504	-11.800032
1309.034841	-11.793101
1309.606677	-11.781354
1310.179012	-11.779521
1310.751849	-11.760723
1311.325186	-11.748648
1311.899025	-11.730114
1312.473366	-11.730531
1313.048211	-11.716412
1313.623559	-11.711939
1314.199412	-11.686882
1314.775770	-11.682387
1315.352634	-11.668845
1315.930004	-11.671654
1316.507881	-11.651102
1317.086266	-11.645277
1317.665159	-11.624165
1318.244562	-11.629581
1318.824474	-11.616513
1319.404897	-11.614923
1319.985831	-11.592347
1320.567276	-11.591909
1321.149234	-11.580800
1321.731706	-11.587015
1322.314691	-11.569965
1322.898190	-11.564736
1323.482205	-11.551692
1324.066736	-11.557536
1324.651783	-11.551400
1325.237347	-11.547782
1325.823430	-11.534446
1326.410031	-11.533217
1326.997151	-11.534612
1327.584791	-11.535436
1328.172952	-11.529698
1328.761634	-11.520639
1329.350839	-11.524321
1329.940566	-11.525670
1330.530817	-11.532625
1331.121592	-11.521373
1331.712891	-11.525080
1332.304716	-11.522221
1332.897068	-11.538130
1333.489946	-11.531203
1334.083352	-11.536979
1334.677287	-11.527785
1335.271750	-11.545140
1335.866744	-11.545158
1336.462268	-11.553575
1337.058323	-11.545021
1337.654910	-11.554460
1338.252029	-11.561459
1338.849682	-11.571993
1339.447869	-11.571226
1340.046591	-11.570758
1340.645848	-11.583039
1341.245641	-11.590518
1341.845972	-11.604451
1342.446840	-11.597555
1343.048246	-11.611814
1343.650191	-11.615735
1344.252677	-11.640039
1344.855702	-11.635562
1345.459269	-11.649306
1346.063379	-11.651343
1346.668030	-11.675794
1347.273226	-11.683074
1347.878965	-11.690324
1348.485250	-11.697941
1349.092080	-11.711121
1349.699456	-11.732663
1350.307380	-11.734328
1350.915851	-11.748147
1351.524871	-11.749163
1352.134441	-11.778961
1352.744560	-11.779367
1353.355231	-11.795914
1353.966453	-11.793233
1354.578227	-11.815795
1355.190555	-11.827626
1355.803436	-11.835129
1356.416872	-11.841290
1357.030863	-11.846419
1357.645411	-11.871287
1358.260515	-11.870535
1358.876177	-11.884927
1359.492397	-11.877944
1360.109176	-11.905081
1360.726516	-11.907089
1361.344416	-11.918628
1361.962877	-11.916700
1362.581901	-11.928185
1363.201487	-11.947424
1363.821637	-11.945575
1364.442352	-11.957660
1365.063632	-11.952609
1365.685478	-11.981557
1366.307891	-11.978396
1366.930871	-11.990490
1367.554420	-11.987763
1368.178538	-12.005091
1368.803226	-12.018995
1369.428485	-12.015847
1370.054315	-12.028231
1370.680717	-12.026923
1371.307693	-12.055248
1371.935242	-12.045734
1372.563366	-12.058076
1373.192065	-12.058805
1373.821341	-12.075666
1374.451193	-12.083798
1375.081623	-12.075175
1375.712632	-12.091960
1376.344221	-12.090309
1376.976389	-12.111496
1377.609139	-12.095719
1378.242470	-12.107348
1378.876384	-12.112658
1379.510881	-12.118053
1380.145963	-12.120836
1380.781629	-12.108159
1381.417881	-12.130679
1382.054720	-12.121642
1382.692147	-12.130830
1383.330161	-12.117570
1383.968765	-12.128090
1384.607959	-12.136603
1385.247743	-12.123975
1385.888119	-12.132030
1386.529087	-12.122217
1387.170648	-12.143646
1387.812804	-12.128252
1388.455554	-12.129292
1389.098899	-12.135032
1389.742842	-12.135669
1390.387381	-12.145076
1391.032519	-12.125790
1391.678256	-12.147511
1392.324592	-12.144888
1392.971529	-12.150239
1393.619068	-12.148079
1394.267208	-12.148750
1394.915952	-12.171152
1395.565300	-12.155280
1396.215253	-12.167922
1396.865812	-12.166528
1397.516977	-12.181027
1398.168749	-12.184067
1398.821130	-12.174144
1399.474120	-12.199228
1400.127719	-12.194481
1400.781930	-12.206814
1401.436752	-12.201448
1402.092186	-12.212903
1402.748234	-12.230317
1403.404897	-12.216353
1404.062174	-12.233980
1404.720067	-12.232990
1405.378577	-12.247356
1406.037705	-12.243785
1406.697451	-12.239179
1407.357817	-12.262573
1408.018803	-12.250885
1408.680410	-12.259741
1409.342639	-12.257116
1410.005492	-12.267416
1410.668968	-12.276371
1411.333068	-12.259765
1411.997795	-12.281361
1412.663147	-12.278438
1413.329127	-12.281875
1413.995736	-12.282735
1414.662973	-12.282035
1415.330840	-12.303404
1415.999339	-12.286349
1416.668469	-12.297263
1417.338232	-12.306170
1418.008628	-12.302957
1418.679659	-12.311275
1419.351325	-12.301183
1420.023628	-12.322871
1420.696568	-12.319061
1421.370145	-12.314318
1422.044362	-12.336285
1422.719219	-12.332920
1423.394717	-12.346399
1424.070856	-12.344095
1424.747638	-12.355758
1425.425064	-12.372569
1426.103134	-12.357902
1426.781850	-12.380206
1427.461212	-12.387234
1428.141221	-12.391498
1428.821878	-12.406227
1429.503185	-12.408693
1430.185141	-12.436108
1430.867749	-12.432187
1431.551008	-12.439195
1432.234920	-12.463633
1432.919486	-12.454384
1433.604707	-12.467982
1434.290583	-12.473445
1434.977116	-12.483559
1435.664307	-12.498803
1436.352156	-12.494727
1437.040664	-12.525274
1437.729833	-12.532390
1438.419663	-12.531395
1439.110156	-12.555818
1439.801312	-12.552211
1440.493132	-12.559769
1441.185617	-12.560726
1441.878768	-12.562720
1442.572586	-12.581144
1443.267072	-12.571627
1443.962228	-12.593203
1444.658053	-12.614537
1445.354549	-12.611505
1446.051717	-12.636718
1446.749558	-12.642757
1447.448073	-12.645921
1448.147263	-12.649380
1448.847128	-12.637905
1449.547671	-12.647665
1450.248891	-12.633859
1450.950789	-12.629740
1451.653368	-12.652130
1452.356627	-12.645402
1453.060568	-12.662895
1453.765192	-12.686202
1454.470500	-12.690235
1455.176492	-12.706834
1455.883170	-12.704626
1456.590534	-12.703786
1457.298586	-12.695336
1458.007327	-12.666227
1458.716758	-12.664116
1459.426880	-12.644549
1460.137693	-12.625196
1460.849199	-12.642736
1461.561398	-12.642763
1462.274293	-12.658558
1462.987883	-12.692795
1463.702170	-12.710785
1464.417155	-12.738131
1465.132838	-12.750830
1465.849222	-12.753182
1466.566306	-12.750640
1467.284093	-12.717205
1468.002582	-12.695598
1468.721775	-12.667601
1469.441674	-12.623844
1470.162278	-12.618663
1470.883590	-12.613688
1471.605609	-12.615246
1472.328338	-12.660543
1473.051777	-12.702281
1473.775928	-12.754561
1474.500790	-12.824096
1475.226367	-12.874578
1475.952657	-12.920182
1476.679663	-12.946677
1477.407386	-12.948735
1478.135826	-12.939750
1478.864985	-12.903064
1479.594863	-12.868938
1480.325463	-12.842720
1481.056784	-12.811003
1481.788828	-12.821127
1482.521597	-12.858565
1483.255090	-12.910800
1483.989309	-13.022332
1484.724256	-13.154920
1485.459931	-13.295172
1486.196336	-13.470336
1486.933471	-13.623090
1487.671337	-13.738236
1488.409937	-13.826523
1489.149270	-13.836064
1489.889337	-13.769254
1490.630141	-13.648635
1491.371682	-13.460791
1492.113961	-13.236334
1492.856979	-13.005436
1493.600738	-12.776274
1494.345238	-12.574895
1495.090481	-12.414984
1495.836467	-12.304212
1496.583198	-12.250369
1497.330675	-12.249772
1498.078899	-12.307151
1498.827872	-12.410414
1499.577593	-12.544337
1500.328065	-12.708207
1501.079289	-12.871798
1501.831265	-13.015169
1502.583995	-13.139180
1503.337480	-13.211202
1504.091721	-13.229702
1504.846719	-13.217345
1505.602475	-13.161295
1506.358991	-13.088141
1507.116268	-13.037058
1507.874306	-13.002305
1508.633108	-13.020395
1509.392673	-13.125148
1510.153004	-13.307003
1510.914101	-13.607857
1511.675965	-14.055130
1512.438599	-14.642437
1513.202002	-15.429882
1513.966176	-16.449084
1514.731122	-17.707686
1515.496842	-19.282255
1516.263336	-21.118439
1517.030607	-22.821431
1517.798654	-23.459823
1518.567479	-22.344212
1519.337083	-20.280742
1520.107468	-18.206628
1520.878634	-16.407838
1521.650584	-14.861429
1522.423317	-13.554317
1523.196836	-12.448152
1523.971141	-11.486686
1524.746233	-10.662406
1525.522115	-9.948424
1526.298786	-9.320629
1527.076249	-8.780487
1527.854504	-8.308134
1528.633553	-7.897821
1529.413397	-7.549336
1530.194037	-7.248702
1530.975474	-6.999025
1531.757709	-6.794259
1532.540745	-6.628257
1533.324581	-6.505111
1534.109220	-6.414580
1534.894662	-6.359809
1535.680909	-6.339433
1536.467961	-6.346066
1537.255821	-6.389409
1538.044489	-6.460982
1538.833967	-6.564191
1539.624256	-6.707547
1540.415357	-6.880520
1541.207271	-7.099034
1542.000000	-7.362414
1542.793545	-7.667992
1543.587907	-8.037095
1544.383087	-8.459656
1545.179088	-8.949037
1545.975909	-9.521147
1546.773552	-10.167233
1547.572019	-10.918259
1548.371311	-11.780748
1549.171428	-12.768450
1549.972373	-13.927958
1550.774147	-15.276119
1551.576751	-16.886378
1552.380185	-18.843070
1553.184453	-21.250722
1553.989554	-24.269352
1554.795490	-27.428452
1555.602263	-28.003804
1556.409873	-25.371053
1557.218322	-22.513936
1558.027612	-20.210243
1558.837743	-18.443628
1559.648717	-17.031541
1560.460536	-15.890154
1561.273200	-14.980658
1562.086710	-14.225755
1562.901069	-13.620311
1563.716278	-13.136206
1564.532337	-12.748960
1565.349249	-12.463183
1566.167014	-12.250998
1566.985634	-12.119305
1567.805111	-12.057078
1568.625444	-12.049816
1569.446637	-12.112692
1570.268690	-12.219150
1571.091605	-12.374557
1571.915382	-12.580350
1572.740024	-12.810324
1573.565532	-13.079074
1574.391907	-13.365890
1575.219150	-13.661476
1576.047262	-13.967451
1576.876246	-14.254250
1577.706103	-14.531276
1578.536833	-14.775532
1579.368439	-14.974369
1580.200922	-15.142879
1581.034282	-15.248738
1581.868522	-15.310405
1582.703643	-15.331051
1583.539646	-15.298176
1584.376532	-15.241569
1585.214304	-15.148223
1586.052962	-15.037879
1586.892508	-14.917215
1587.732943	-14.778970
1588.574269	-14.653104
1589.416487	-14.520592
1590.259599	-14.396686
1591.103605	-14.288984
1591.948508	-14.183574
1592.794309	-14.100029
1593.641009	-14.021475
1594.488609	-13.958935
1595.337112	-13.906886
1596.186518	-13.854928
1597.036829	-13.818618
1597.888047	-13.774280
1598.740172	-13.734474
1599.593207	-13.692228
1600.447153	-13.643222
1601.302010	-13.597102
1602.157782	-13.539923
1603.014469	-13.491221
1603.872072	-13.438353
1604.730593	-13.390256
1605.590034	-13.353983
1606.450397	-13.320472
1607.311681	-13.306242
1608.173890	-13.298388
1609.037024	-13.310789
1609.901085	-13.336221
1610.766075	-13.373874
1611.631995	-13.433148
1612.498846	-13.498355
1613.366630	-13.583674
1614.235349	-13.675038
1615.105004	-13.779936
1615.975596	-13.892797
1616.847128	-14.007111
1617.719600	-14.133162
1618.593014	-14.252264
1619.467372	-14.377950
1620.342675	-14.495793
1621.218924	-14.612811
1622.096122	-14.723977
1622.974270	-14.824086
1623.853369	-14.925389
1624.733420	-15.012253
1625.614427	-15.101650
1626.496389	-15.181172
1627.379308	-15.264093
1628.263187	-15.345109
1629.148026	-15.424505
1630.033828	-15.513147
1630.920593	-15.599145
1631.808324	-15.698078
1632.697022	-15.795011
1633.586688	-15.905295
1634.477324	-16.016170
1635.368932	-16.130501
1636.261514	-16.248663
1637.155070	-16.361997
1638.049602	-16.478856
1638.945113	-16.581850
1639.841603	-16.686712
1640.739075	-16.776007
1641.637529	-16.859580
1642.536968	-16.928647
1643.437393	-16.988005
1644.338806	-17.039785
1645.241209	-17.077559
1646.144602	-17.115079
1647.048988	-17.140955
1647.954368	-17.170279
1648.860744	-17.188897
1649.768118	-17.211060
1650.676491	-17.227007
1651.585865	-17.241475
1652.496241	-17.252248
1653.407621	-17.257163
1654.320008	-17.261093
1655.233401	-17.252265
1656.147804	-17.241965
1657.063218	-17.216591
1657.979645	-17.188467
1658.897085	-17.145324
1659.815542	-17.099802
1660.735016	-17.045414
1661.655509	-16.988490
1662.577023	-16.927813
1663.499560	-16.863977
1664.423121	-16.801602
1665.347709	-16.733781
1666.273324	-16.668775
1667.199969	-16.597454
1668.127645	-16.530440
1669.056353	-16.455911
1669.986097	-16.383926
1670.916877	-16.305131
1671.848695	-16.228476
1672.781553	-16.145950
1673.715452	-16.063502
1674.650395	-15.978949
1675.586383	-15.895412
1676.523418	-15.812810
1677.461501	-15.729866
1678.400635	-15.650508
1679.340821	-15.570137
1680.282061	-15.493673
1681.224357	-15.413407
1682.167710	-15.337576
1683.112122	-15.258445
1684.057595	-15.184508
1685.004132	-15.106782
1685.951732	-15.034414
1686.900400	-14.959111
1687.850135	-14.889274
1688.800940	-14.816948
1689.752818	-14.749841
1690.705768	-14.681305
1691.659795	-14.617665
1692.614898	-14.553068
1693.571081	-14.492238
1694.528345	-14.430434
1695.486691	-14.371172
1696.446122	-14.311743
1697.406640	-14.254816
1698.368245	-14.198318
1699.330941	-14.143364
1700.294729	-14.089555
1701.259611	-14.037631
1702.225588	-13.987258
1703.192664	-13.937274
1704.160838	-13.888440
1705.130114	-13.840390
1706.100493	-13.794504
1707.071977	-13.748492
1708.044568	-13.703562
1709.018268	-13.658762
1709.993079	-13.616486
1710.969003	-13.574939
1711.946041	-13.535288
1712.924196	-13.495844
1713.903469	-13.458508
1714.883862	-13.421754
1715.865378	-13.386622
1716.848017	-13.351832
1717.831783	-13.318526
1718.816677	-13.285985
1719.802701	-13.254762
1720.789857	-13.224818
1721.778147	-13.196353
1722.767573	-13.169162
1723.758136	-13.141996
1724.749840	-13.115646
1725.742685	-13.089552
1726.736673	-13.065540
1727.731808	-13.041456
1728.728090	-13.018941
1729.725521	-12.995749
1730.724105	-12.974891
1731.723842	-12.953476
1732.724735	-12.934716
1733.726785	-12.914935
1734.729995	-12.897927
1735.734366	-12.879442
1736.739902	-12.863513
1737.746603	-12.845871
1738.754472	-12.831382
1739.763510	-12.815768
1740.773721	-12.803212
1741.785105	-12.788801
1742.797665	-12.776386
1743.811403	-12.762313
1744.826321	-12.750585
1745.842422	-12.738282
1746.859706	-12.728108
1747.878177	-12.717596
1748.897835	-12.707916
1749.918685	-12.697860
1750.940726	-12.687747
1751.963963	-12.678262
1752.988395	-12.668798
1754.014027	-12.661100
1755.040860	-12.652800
1756.068895	-12.646387
1757.098135	-12.638483
1758.128583	-12.632216
1759.160240	-12.624006
1760.193109	-12.617663
1761.227191	-12.610192
1762.262488	-12.604891
1763.299004	-12.598765
1764.336740	-12.593470
1765.375697	-12.587711
1766.415880	-12.582251
1767.457288	-12.577616
1768.499926	-12.572370
1769.543794	-12.568242
1770.588895	-12.562471
1771.635231	-12.558532
1772.682805	-12.553301
1773.731619	-12.550527
1774.781674	-12.547120
1775.832973	-12.545804
1776.885519	-12.544441
1777.939312	-12.543641
1778.994357	-12.543169
1780.050654	-12.541887
1781.108207	-12.542324
1782.167017	-12.541828
1783.227087	-12.543814
1784.288418	-12.544645
1785.351013	-12.547214
1786.414875	-12.548851
1787.480006	-12.550950
1788.546407	-12.553339
1789.614082	-12.555135
1790.683032	-12.558379
1791.753259	-12.560129
1792.824767	-12.563319
1793.897557	-12.564710
1794.971632	-12.567055
1796.046994	-12.569304
1797.123645	-12.572302
1798.201588	-12.576912
1799.280824	-12.580872
1800.361357	-12.586373
1801.443188	-12.590299
1802.526320	-12.595251
1803.610756	-12.599488
1804.696497	-12.604119
1805.783546	-12.609742
1806.871906	-12.614925
1807.961578	-12.621979
1809.052565	-12.627904
1810.144870	-12.635362
1811.238494	-12.642337
1812.333441	-12.649896
1813.429713	-12.658052
1814.527311	-12.665466
1815.626239	-12.674124
1816.726499	-12.682057
1817.828094	-12.691629
1818.931025	-12.701513
1820.035295	-12.711886
1821.140906	-12.722833
1822.247862	-12.732751
1823.356165	-12.743434
1824.465816	-12.753337
1825.576819	-12.764418
1826.689175	-12.776064
1827.802888	-12.788523
1828.917960	-12.801855
1830.034394	-12.814642
1831.152191	-12.827667
1832.271354	-12.839864
1833.391887	-12.852113
1834.513790	-12.864479
1835.637068	-12.877116
1836.761722	-12.890482
1837.887755	-12.904234
1839.015169	-12.918189
1840.143968	-12.932623
1841.274153	-12.946761
1842.405727	-12.961553
1843.538693	-12.976517
1844.673053	-12.992153
1845.808810	-13.009403
1846.945966	-13.026621
1848.084525	-13.045975
1849.224488	-13.064682
1850.365858	-13.084605
1851.508638	-13.104804
1852.652831	-13.124393
1853.798438	-13.145816
1854.945463	-13.165591
1856.093909	-13.187686
1857.243777	-13.209392
1858.395071	-13.232022
1859.547794	-13.256198
1860.701947	-13.278364
1861.857533	-13.301950
1863.014556	-13.323308
1864.173018	-13.345553
1865.332922	-13.368399
1866.494270	-13.390856
1867.657065	-13.415288
1868.821309	-13.438152
1869.987006	-13.461754
1871.154158	-13.484366
1872.322768	-13.505783
1873.492839	-13.527973
1874.664373	-13.549396
1875.837373	-13.572264
1877.011841	-13.595872
1878.187782	-13.619614
1879.365197	-13.643909
1880.544089	-13.667063
1881.724460	-13.689806
1882.906315	-13.712253
1884.089655	-13.734305
1885.274483	-13.757432
1886.460803	-13.781358
1887.648616	-13.805902
1888.837927	-13.831805
1890.028736	-13.857931
1891.221049	-13.884605
1892.414866	-13.911900
1893.610192	-13.938651
1894.807028	-13.966286
1896.005379	-13.994489
1897.205246	-14.023477
1898.406633	-14.053605
1899.609542	-14.083110
1900.813977	-14.112145
1902.019940	-14.140648
1903.227434	-14.168588
1904.436462	-14.197819
1905.647028	-14.227576
1906.859133	-14.256622
1908.072781	-14.284774
1909.287976	-14.311592
1910.504719	-14.338433
1911.723013	-14.365686
1912.942863	-14.392859
1914.164270	-14.419634
1915.387238	-14.445204
1916.611770	-14.469357
1917.837868	-14.493044
1919.065536	-14.516054
1920.294777	-14.538361
1921.525594	-14.560061
1922.757989	-14.581021
1923.991967	-14.602068
1925.227529	-14.623078
1926.464679	-14.642872
1927.703420	-14.661732
1928.943755	-14.680114
1930.185688	-14.698023
1931.429221	-14.716279
1932.674356	-14.734557
1933.921099	-14.752620
1935.169451	-14.770780
1936.419415	-14.787641
1937.670996	-14.803263
1938.924195	-14.819691
1940.179017	-14.836845
1941.435463	-14.854287
1942.693538	-14.871553
1943.953245	-14.887546
1945.214586	-14.903116
1946.477566	-14.918449
1947.742186	-14.932442
1949.008451	-14.946331
1950.276363	-14.961208
1951.545926	-14.975544
1952.817143	-14.989062
1954.090017	-15.000979
1955.364551	-15.010984
1956.640749	-15.020315
1957.918615	-15.030127
1959.198150	-15.039435
1960.479359	-15.047887
1961.762244	-15.053989
1963.046810	-15.057200
1964.333059	-15.058603
1965.620995	-15.059072
1966.910621	-15.059060
1968.201940	-15.059312
1969.494956	-15.058253
1970.789672	-15.053843
1972.086091	-15.046857
1973.384217	-15.039090
1974.684053	-15.031514
1975.985602	-15.024412
1977.288869	-15.016321
1978.593855	-15.005831
1979.900566	-14.993138
1981.209003	-14.978743
1982.519171	-14.963594
1983.831073	-14.948960
1985.144712	-14.934969
1986.460093	-14.920806
1987.777217	-14.905562
1989.096089	-14.888186
1990.416713	-14.868955
1991.739092	-14.850228
1993.063228	-14.833519
1994.389127	-14.818611
1995.716791	-14.804036
1997.046223	-14.788150
1998.377428	-14.769858
1999.710409	-14.750117
2001.045169	-14.730376
2002.381713	-14.711398
2003.720043	-14.693235
2005.060163	-14.675269
2006.402077	-14.656753
2007.745788	-14.637338
2009.091301	-14.617197
2010.438618	-14.596466
2011.787743	-14.575076
2013.138680	-14.552125
2014.491433	-14.526161
2015.846005	-14.497023
2017.202399	-14.465929
2018.560621	-14.434870
2019.920673	-14.405195
2021.282558	-14.376318
2022.646281	-14.346575
2024.011846	-14.315032
2025.379256	-14.282515
2026.748515	-14.249837
2028.119626	-14.217075
2029.492594	-14.184143
2030.867422	-14.151672
2032.244114	-14.119363
2033.622673	-14.087168
2035.003104	-14.055387
2036.385411	-14.024129
2037.769597	-13.993819
2039.155665	-13.965847
2040.543621	-13.940716
2041.933467	-13.918284
2043.325208	-13.898414
2044.718847	-13.880345
2046.114389	-13.862127
2047.511837	-13.840763
2048.911195	-13.813221
2050.312467	-13.777545
2051.715657	-13.733195
2053.120769	-13.680328
2054.527807	-13.621028
2055.936775	-13.560034
2057.347677	-13.501807
2058.760516	-13.448827
2060.175297	-13.402622
2061.592025	-13.364895
2063.010701	-13.337359
2064.431332	-13.320045
2065.853921	-13.310695
2067.278472	-13.306402
2068.704988	-13.305012
2070.133475	-13.305055
2071.563936	-13.304977
2072.996375	-13.303703
2074.430796	-13.299487
2075.867204	-13.291099
2077.305603	-13.279070
2078.745996	-13.264230
2080.188389	-13.247150
2081.632784	-13.228507
2083.079187	-13.208950
2084.527601	-13.187558
2085.978030	-13.164029
2087.430480	-13.139325
2088.884954	-13.114585
2090.341455	-13.089373
2091.799990	-13.062130
2093.260561	-13.032718
2094.723173	-13.001688
2096.187831	-12.969524
2097.654538	-12.936755
2099.123300	-12.903246
2100.594119	-12.869265
2102.067001	-12.835867
2103.541950	-12.804697
2105.018971	-12.776971
2106.498067	-12.753243
2107.979243	-12.733688
2109.462503	-12.718660
2110.947853	-12.708585
2112.435295	-12.703700
2113.924836	-12.703047
2115.416478	-12.704255
2116.910227	-12.704751
2118.406087	-12.703010
2119.904063	-12.697368
2121.404158	-12.686691
2122.906378	-12.670980
2124.410727	-12.651738
2125.917210	-12.630268
2127.425831	-12.607425
2128.936594	-12.584325
2130.449505	-12.562570
2131.964567	-12.544428
2133.481786	-12.531376
2135.001166	-12.524400
2136.522711	-12.523404
2138.046427	-12.526958
2139.572317	-12.532846
2141.100388	-12.539824
2142.630642	-12.545536
2144.163085	-12.546949
2145.697722	-12.544214
2147.234558	-12.539434
2148.773596	-12.534053
2150.314842	-12.528432
2151.858301	-12.522991
2153.403977	-12.519609
2154.951875	-12.519490
2156.502000	-12.522036
2158.054357	-12.526156
2159.608950	-12.530019
2161.165785	-12.532211
2162.724866	-12.533751
2164.286198	-12.535896
2165.849786	-12.538110
2167.415635	-12.539751
2168.983749	-12.541743
2170.554134	-12.545178
2172.126795	-12.549833
2173.701737	-12.554191
2175.278964	-12.557935
2176.858481	-12.562034
2178.440294	-12.566622
2180.024408	-12.571339
2181.610827	-12.576783
2183.199557	-12.583161
2184.790602	-12.590177
2186.383968	-12.597905
2187.979660	-12.606535
2189.577683	-12.616377
2191.178041	-12.627227
2192.780741	-12.638436
2194.385787	-12.651556
2195.993185	-12.667710
2197.602939	-12.685774
2199.215054	-12.705151
2200.829537	-12.726551
2202.446392	-12.750157
2204.065624	-12.775308
2205.687239	-12.802168
2207.311242	-12.830658
2208.937638	-12.859136
2210.566433	-12.887239
2212.197631	-12.915741
2213.831239	-12.943562
2215.467261	-12.969100
2217.105703	-12.993208
2218.746570	-13.017094
2220.389867	-13.039987
2222.035601	-13.062860
2223.683776	-13.086734
2225.334398	-13.110501
2226.987472	-13.134079
2228.643004	-13.159282
2230.300999	-13.185571
2231.961463	-13.211290
2233.624402	-13.237708
2235.289820	-13.266744
2236.957723	-13.297139
2238.628118	-13.327053
2240.301009	-13.358214
2241.976402	-13.392114
2243.654303	-13.427784
2245.334717	-13.465767
2247.017650	-13.507004
2248.703108	-13.550918
2250.391096	-13.597565
2252.081620	-13.646320
2253.774686	-13.696448
2255.470300	-13.748507
2257.168467	-13.803410
2258.869193	-13.859884
2260.572484	-13.916573
2262.278345	-13.972766
2263.986783	-14.028443
2265.697804	-14.083739
2267.411412	-14.138506
2269.127615	-14.192111
2270.846417	-14.244534
2272.567826	-14.296477
2274.291846	-14.348510
2276.018484	-14.400114
2277.747745	-14.451528
2279.479637	-14.504256
2281.214164	-14.557904
2282.951333	-14.611808
2284.691149	-14.665050
2286.433619	-14.719810
2288.178750	-14.777437
2289.926546	-14.836830
2291.677014	-14.897098
2293.430161	-14.959463
2295.185992	-15.024917
2296.944513	-15.093699
2298.705732	-15.164267
2300.469653	-15.237546
2302.236283	-15.316240
2304.005629	-15.398476
2305.777696	-15.482307
2307.552492	-15.570208
2309.330022	-15.662562
2311.110292	-15.755678
2312.893310	-15.849144
2314.679080	-15.944267
2316.467611	-16.039618
2318.258907	-16.133240
2320.052976	-16.225564
2321.849824	-16.317084
2323.649457	-16.406802
2325.451883	-16.494314
2327.257106	-16.581166
2329.065135	-16.668270
2330.875975	-16.753854
2332.689633	-16.840062
2334.506116	-16.928002
2336.325430	-17.015774
2338.147581	-17.104902
2339.972578	-17.194940
2341.800425	-17.285290
2343.631130	-17.378813
2345.464700	-17.474408
2347.301141	-17.571242
2349.140461	-17.671659
2350.982665	-17.776627
2352.827760	-17.885499
2354.675754	-17.999631
2356.526653	-18.117090
2358.380464	-18.238834
2360.237195	-18.366794
2362.096851	-18.495220
2363.959440	-18.629548
2365.824968	-18.771583
2367.693444	-18.909031
2369.564873	-19.049216
2371.439263	-19.195513
2373.316620	-19.332569
2375.196953	-19.466571
2377.080267	-19.603271
2378.966570	-19.733172
2380.855869	-19.859212
2382.748171	-19.984337
2384.643484	-20.106806
2386.541815	-20.228576
2388.443170	-20.349573
2390.347557	-20.473018
2392.254984	-20.599882
2394.165457	-20.723270
2396.078984	-20.847703
2397.995572	-20.975877
2399.915229	-21.102549
2401.837961	-21.231819
2403.763777	-21.360615
2405.692684	-21.496217
2407.624689	-21.640367
2409.559800	-21.782943
2411.498023	-21.938814
2413.439368	-22.104161
2415.383840	-22.263706
2417.331449	-22.440705
2419.282201	-22.627295
2421.236104	-22.802939
2423.193165	-22.988284
2425.153393	-23.181496
2427.116795	-23.367508
2429.083378	-23.555937
2431.053151	-23.738167
2433.026121	-23.906506
2435.002297	-24.072265
2436.981685	-24.227287
2438.964293	-24.382837
2440.950131	-24.533902
2442.939204	-24.671617
2444.931522	-24.825626
2446.927092	-24.973812
2448.925923	-25.105473
2450.928022	-25.256738
2452.933397	-25.404926
2454.942056	-25.546285
2456.954008	-25.701762
2458.969260	-25.848031
2460.987821	-25.994476
2463.009699	-26.151908
2465.034902	-26.316640
2467.063437	-26.492362
2469.095315	-26.672706
2471.130542	-26.876087
2473.169127	-27.090404
2475.211078	-27.299123
2477.256404	-27.526152
2479.305112	-27.764629
2481.357212	-27.997860
2483.412713	-28.240484
2485.471621	-28.475840
2487.533946	-28.706542
2489.599696	-28.917011
2491.668880	-29.098937
2493.741507	-29.275128
2495.817585	-29.439374
2497.897122	-29.587937
2499.980127	-29.729551
2502.066609	-29.864646
2504.156578	-30.005098
2506.250040	-30.156345
2508.347006	-30.297182
2510.447483	-30.436924
2512.551482	-30.586473
2514.659010	-30.735140
2516.770076	-30.861919
2518.884690	-31.005514
2521.002861	-31.174303
2523.124597	-31.328771
2525.249907	-31.489254
2527.378801	-31.698404
2529.511287	-31.934717
2531.647375	-32.187170
2533.787074	-32.445423
2535.930393	-32.725570
2538.077340	-33.028120
2540.227927	-33.333504
2542.382160	-33.633394
2544.540051	-33.943849
2546.701608	-34.232359
2548.866840	-34.464011
2551.035757	-34.691073
2553.208369	-34.863220
2555.384684	-35.000170
2557.564713	-35.116576
2559.748465	-35.211871
2561.935948	-35.322535
2564.127174	-35.418175
2566.322152	-35.533070
2568.520890	-35.627817
2570.723399	-35.721262
2572.929689	-35.821784
2575.139769	-35.934564
2577.353649	-36.010210
2579.571340	-36.089692
2581.792849	-36.235510
2584.018189	-36.342503
2586.247368	-36.500902
2588.480396	-36.743734
2590.717284	-37.007249
2592.958041	-37.273526
2595.202678	-37.643711
2597.451204	-38.027964
2599.703630	-38.428977
2601.959966	-38.848810
2604.220222	-39.303059
2606.484408	-39.809672
2608.752535	-40.145857
2611.024612	-40.555820
2613.300651	-40.850310
2615.580661	-41.002719
2617.864653	-41.073464
2620.152638	-41.226052
2622.444625	-41.253568
2624.740626	-41.207888
2627.040651	-41.351648
2629.344710	-41.273569
2631.652814	-41.258656
2633.964974	-41.262992
2636.281200	-41.216039
2638.601504	-41.071365
2640.925896	-41.095845
2643.254386	-40.974904
2645.586987	-40.955987
2647.923707	-41.070018
2650.264559	-41.123841
2652.609554	-41.317521
2654.958702	-41.560101
2657.312015	-41.952970
2659.669503	-42.261259
2662.031178	-42.772435
2664.397051	-43.237207
2666.767132	-43.890981
2669.141434	-44.521422
2671.519968	-45.288143
2673.902745	-45.997155
2676.289776	-46.632219
2678.681072	-47.175024
2681.076646	-47.582613
2683.476508	-47.855816
2685.880671	-48.123125
2688.289145	-48.279188
2690.701942	-48.405407
2693.119075	-48.318085
2695.540554	-48.262740
2697.966391	-48.027046
2700.396599	-47.599769
2702.831189	-47.196935
2705.270172	-46.739321
2707.713561	-46.344870
2710.161368	-46.010397
2712.613605	-45.795090
2715.070283	-45.673465
2717.531416	-45.654775
2719.997014	-45.679481
2722.467090	-45.862838
2724.941657	-45.989323
2727.420726	-46.324195
2729.904310	-46.682613
2732.392421	-47.120451
2734.885072	-47.778373
2737.382275	-48.428555
2739.884042	-49.226139
2742.390387	-49.874244
2744.901321	-50.487024
2747.416857	-51.253779
2749.937008	-51.817807
2752.461787	-52.685435
2754.991206	-53.649812
2757.525279	-54.641993
2760.064017	-55.954438
2762.607434	-57.070616
2765.155544	-57.771012
2767.708358	-57.578806
2770.265890	-56.681701
2772.828153	-55.463722
2775.395160	-54.272168
2777.966924	-53.452793
2780.543459	-52.599092
2783.124778	-52.062962
2785.710894	-51.697778
2788.301821	-51.253116
2790.897572	-51.067548
2793.498160	-50.953651
2796.103599	-50.980555
2798.713903	-50.944314
2801.329085	-51.337921
2803.949159	-51.717113
2806.574139	-52.107231
2809.204038	-52.293476
2811.838871	-52.613098
2814.478650	-52.602027
2817.123391	-52.809047
2819.773107	-53.102213
2822.427812	-53.471669
2825.087521	-53.991018
2827.752247	-54.911868
2830.422005	-55.870353
2833.096808	-57.283985
2835.776672	-59.045659
2838.461611	-61.336824
2841.151638	-63.436146
2843.846769	-65.322315
2846.547019	-65.222864
2849.252401	-64.532888
2851.962930	-63.017704
2854.678621	-61.809775
2857.399489	-60.667521
2860.125549	-59.948475
2862.856815	-59.080650
2865.593302	-58.576664
2868.335026	-58.663006
2871.082002	-58.674951
2873.834244	-59.190452
2876.591767	-59.576638
2879.354588	-59.426058
2882.122721	-58.894967
2884.896181	-58.223130
2887.674984	-57.602697
2890.459146	-57.065236
2893.248681	-56.754794
2896.043606	-56.555629
2898.843937	-56.533137
2901.649687	-56.969767
2904.460875	-57.197054
2907.277515	-58.018175
2910.099623	-58.977420
2912.927215	-60.049515
2915.760308	-61.347236
2918.598916	-62.780594
2921.443057	-64.220166
2924.292747	-65.882504
2927.148002	-66.830974
2930.008837	-67.628682
2932.875270	-67.198365
2935.747318	-65.863198
2938.624995	-64.637086
2941.508320	-63.810259
2944.397308	-63.761529
2947.291977	-64.735145
2950.192343	-66.019142
2953.098423	-68.477049
2956.010234	-71.134245
2958.927792	-72.948299
2961.851116	-71.898886
2964.780221	-69.761159
2967.715126	-66.816793
2970.655847	-65.016401
2973.602402	-63.904015
2976.554808	-62.796620
2979.513083	-62.561713
2982.477243	-62.312341
2985.447308	-62.093608
2988.423293	-62.565892
2991.405218	-62.462709
2994.393099	-62.795472
2997.386955	-63.776866
