# 2022-03-22_13.14.09
# shape = sech2
# FWHM_ps = 0.11
# carrier_nm = 1542
# frep_MHz = 12126
# pow_mW = 8000
# GDD = 0.0
# propa_len = 0.16
# untap_len = 0.01
# taper_len = 0.1
# waist_len = 0.02
# uptap_len = 0.02
# untap_scale = 1.0
# waist_scale = 0.1631578947368421
# workingDir = NL_20110305_12 (Spirou)
# axis = slow
# window_ps = 10.0
# steps = 200
# points = 21700
# 
# wavelength [nm]	 power spectral density [dB]
600.043425	-88.845206
600.163550	-89.039203
600.283723	-89.313298
600.403943	-89.427960
600.524212	-90.376304
600.644529	-91.669802
600.764895	-91.250953
600.885308	-90.660961
601.005770	-90.359934
601.126280	-89.756790
601.246839	-89.218441
601.367446	-88.978187
601.488101	-87.665742
601.608804	-87.009222
601.729557	-86.875856
601.850357	-86.365392
601.971206	-85.701447
602.092104	-85.500548
602.213050	-85.511612
602.334045	-85.617958
602.455089	-85.904351
602.576181	-85.608246
602.697322	-85.442804
602.818511	-85.544262
602.939749	-86.110715
603.061036	-86.522857
603.182372	-86.762515
603.303757	-87.011489
603.425191	-87.253302
603.546673	-87.369131
603.668204	-88.148912
603.789785	-88.631336
603.911414	-88.520494
604.033092	-88.184158
604.154820	-87.700002
604.276596	-87.645347
604.398422	-87.930269
604.520297	-87.455538
604.642220	-86.128370
604.764193	-85.224149
604.886216	-85.220099
605.008287	-85.745875
605.130408	-85.519891
605.252578	-85.049027
605.374798	-84.915535
605.497066	-85.745772
605.619385	-87.075965
605.741752	-86.863789
605.864169	-86.323636
605.986636	-86.860459
606.109152	-87.193212
606.231718	-87.651797
606.354333	-87.700620
606.476998	-88.348881
606.599712	-88.971018
606.722476	-88.568116
606.845290	-88.249117
606.968154	-89.182646
607.091067	-88.984865
607.214030	-87.864902
607.337043	-87.764212
607.460106	-89.185778
607.583219	-89.461877
607.706381	-88.790089
607.829594	-88.226551
607.952856	-89.410823
608.076169	-91.606587
608.199531	-90.909570
608.322944	-89.898701
608.446407	-91.792565
608.569920	-94.473333
608.693483	-93.478520
608.817096	-92.826230
608.940759	-95.194529
609.064473	-102.841664
609.188237	-102.951325
609.312051	-99.822344
609.435916	-103.536224
609.559831	-105.858988
609.683796	-98.398178
609.807812	-99.783591
609.931878	-111.780933
610.055995	-100.586480
610.180162	-95.828296
610.304380	-95.543846
610.428648	-105.814575
610.552967	-97.923990
610.677337	-92.756466
610.801757	-93.605924
610.926228	-101.494353
611.050750	-104.963498
611.175323	-95.527394
611.299946	-94.885533
611.424620	-100.318256
611.549345	-104.475120
611.674121	-94.414353
611.798948	-93.515676
611.923826	-96.289656
612.048755	-113.084250
612.173734	-98.680516
612.298765	-95.192111
612.423847	-96.435887
612.548980	-100.396118
612.674165	-104.546321
612.799400	-100.415531
612.924687	-98.093455
613.050025	-97.464685
613.175414	-103.969340
613.300854	-108.446539
613.426346	-94.990590
613.551889	-91.984444
613.677484	-92.989185
613.803130	-97.748413
613.928827	-91.722126
614.054576	-88.072467
614.180377	-88.244702
614.306229	-90.504466
614.432132	-88.924174
614.558087	-85.568507
614.684094	-85.223755
614.810153	-86.885384
614.936263	-86.647428
615.062425	-84.033292
615.188639	-83.486789
615.314904	-84.936547
615.441222	-85.825953
615.567591	-83.988741
615.694012	-83.641613
615.820486	-84.954039
615.947011	-86.410147
616.073588	-84.920087
616.200217	-84.490464
616.326898	-86.575460
616.453632	-89.169977
616.580417	-87.381611
616.707255	-86.579909
616.834144	-89.556172
616.961086	-94.088289
617.088081	-90.887753
617.215127	-90.068199
617.342226	-95.467848
617.469378	-95.249783
617.596581	-89.731784
617.723837	-90.285688
617.851146	-93.931847
617.978507	-89.314169
618.105920	-86.057389
618.233386	-86.519141
618.360905	-88.438433
618.488476	-86.689030
618.616100	-84.475158
618.743777	-85.122725
618.871506	-87.711510
618.999288	-85.765625
619.127123	-84.301248
619.255011	-85.542108
619.382951	-87.840917
619.510945	-86.757907
619.638991	-84.942757
619.767090	-85.626730
619.895243	-86.492738
620.023448	-85.090570
620.151706	-84.403066
620.280017	-85.359966
620.408382	-85.688561
620.536799	-83.669872
620.665270	-82.980593
620.793794	-84.053403
620.922371	-84.073599
621.051002	-82.743123
621.179686	-82.279724
621.308423	-83.234397
621.437213	-82.786293
621.566057	-81.793472
621.694954	-81.739946
621.823905	-82.558998
621.952909	-82.540249
622.081967	-82.756638
622.211079	-83.639807
622.340244	-85.156044
622.469462	-84.421047
622.598735	-84.263522
622.728061	-87.164853
622.857441	-86.550795
622.986874	-84.208342
623.116361	-84.699829
623.245903	-86.547312
623.375498	-85.250475
623.505147	-83.113443
623.634850	-84.321953
623.764606	-86.908068
623.894417	-84.435050
624.024282	-83.115057
624.154201	-84.691891
624.284174	-86.968192
624.414202	-84.691448
624.544283	-83.823310
624.674419	-86.233359
624.804609	-87.544878
624.934853	-84.829361
625.065151	-85.492601
625.195504	-90.547869
625.325911	-90.403680
625.456373	-87.785013
625.586889	-90.549195
625.717460	-96.727780
625.848085	-88.696519
625.978764	-87.289469
626.109498	-94.228171
626.240287	-92.082069
626.371131	-85.456880
626.502029	-86.142938
626.632982	-92.832493
626.763989	-88.062954
626.895052	-83.653986
627.026169	-84.594238
627.157341	-90.454106
627.288568	-87.146236
627.419850	-83.644617
627.551187	-85.068642
627.682579	-92.682948
627.814026	-89.517399
627.945528	-84.810678
628.077085	-85.697968
628.208697	-92.860068
628.340364	-93.995644
628.472087	-86.523031
628.603865	-86.375851
628.735698	-92.747886
628.867586	-95.314344
628.999530	-86.348826
629.131529	-85.348036
629.263584	-90.235488
629.395694	-101.328190
629.527859	-87.814184
629.660080	-86.041704
629.792357	-91.413496
629.924689	-97.308017
630.057077	-86.869414
630.189520	-86.181743
630.322019	-91.262003
630.454574	-95.396406
630.587184	-90.148693
630.719851	-90.833353
630.852573	-93.083872
630.985351	-89.420929
631.118185	-89.611756
631.251075	-94.982140
631.384021	-94.989422
631.517023	-90.612754
631.650081	-90.654247
631.783195	-91.929018
631.916365	-92.114253
632.049592	-92.532348
632.182874	-90.636780
632.316213	-89.013049
632.449608	-91.143358
632.583059	-92.242617
632.716567	-88.171172
632.850131	-88.599421
632.983751	-97.103692
633.117428	-90.062672
633.251161	-84.877889
633.384951	-86.732839
633.518797	-99.538195
633.652700	-87.823634
633.786660	-84.516298
633.920676	-87.912897
634.054749	-101.624968
634.188879	-85.050942
634.323065	-83.024236
634.457308	-87.876213
634.591608	-95.032081
634.725965	-83.648204
634.860379	-82.681170
634.994850	-89.437226
635.129377	-91.706375
635.263962	-84.205770
635.398604	-85.996857
635.533303	-97.935063
635.668058	-84.236298
635.802872	-81.940538
635.937742	-86.751546
636.072669	-93.185101
636.207654	-82.889056
636.342696	-82.864303
636.477796	-91.377627
636.612953	-87.436673
636.748167	-82.891838
636.883439	-86.239314
637.018768	-93.481980
637.154155	-83.450047
637.289599	-82.448215
637.425101	-87.987583
637.560660	-91.914480
637.696277	-85.568934
637.831952	-85.442083
637.967685	-87.790662
638.103475	-89.473199
638.239324	-87.902123
638.375230	-85.089427
638.511194	-85.927742
638.647215	-92.392343
638.783295	-84.942044
638.919433	-81.897255
639.055629	-86.159530
639.191883	-94.032661
639.328195	-82.048965
639.464565	-81.607340
639.600994	-92.911716
639.737481	-85.644957
639.874025	-81.082427
640.010629	-85.357463
640.147290	-93.332058
640.284010	-81.503061
640.420789	-81.868109
640.557625	-92.638240
640.694521	-85.995742
640.831474	-81.538077
640.968487	-84.997251
641.105558	-92.429810
641.242687	-83.879260
641.379876	-83.162094
641.517123	-87.198908
641.654429	-89.989379
641.791793	-84.498348
641.929216	-82.110352
642.066699	-84.455992
642.204240	-100.212964
642.341840	-85.871639
642.479499	-82.465347
642.617217	-88.416334
642.754994	-89.582618
642.892830	-81.263544
643.030726	-82.438634
643.168680	-92.090912
643.306694	-81.962988
643.444767	-80.483248
643.582899	-87.052004
643.721091	-86.801759
643.859342	-81.095009
643.997652	-85.475962
644.136022	-87.806664
644.274451	-80.068207
644.412940	-81.137003
644.551488	-86.654226
644.690096	-80.009880
644.828763	-79.434681
644.967490	-85.626289
645.106277	-81.188335
645.245124	-78.079373
645.384030	-80.951421
645.522997	-82.728222
645.662023	-78.146523
645.801109	-79.298016
645.940255	-84.115751
646.079460	-79.515049
646.218726	-78.708318
646.358052	-85.118827
646.497438	-82.116241
646.636884	-78.831964
646.776391	-82.498924
646.915957	-86.705140
647.055584	-80.027179
647.195271	-81.667086
647.335019	-91.143499
647.474826	-80.891147
647.614695	-79.386993
647.754623	-85.140163
647.894612	-84.991648
648.034662	-79.922346
648.174772	-81.785893
648.314943	-88.663755
648.455174	-80.661492
648.595466	-79.900630
648.735819	-86.681437
648.876233	-82.834188
649.016707	-78.282333
649.157242	-80.578148
649.297838	-85.307385
649.438495	-79.046171
649.579213	-78.697376
649.719992	-85.899823
649.860832	-82.032039
650.001733	-78.284909
650.142695	-81.912959
650.283718	-85.169768
650.424803	-78.423707
650.565949	-78.950004
650.707156	-85.595933
650.848424	-79.963500
650.989754	-77.743057
651.131145	-81.934215
651.272597	-82.578763
651.414111	-78.127711
651.555687	-79.441531
651.697324	-82.981223
651.839022	-78.538586
651.980782	-77.529522
652.122604	-80.412614
652.264488	-79.858466
652.406433	-77.819988
652.548441	-79.178063
652.690510	-81.535676
652.832640	-78.862963
652.974833	-78.622837
653.117088	-81.528641
653.259405	-80.553942
653.401784	-78.374980
653.544224	-80.303401
653.686727	-83.436482
653.829293	-81.805384
653.971920	-82.188217
654.114609	-88.129579
654.257361	-83.549405
654.400175	-81.489749
654.543052	-83.393348
654.685991	-85.760254
654.828992	-84.083492
654.972056	-85.023120
655.115183	-86.259434
655.258372	-84.786303
655.401623	-84.301588
655.544937	-85.079585
655.688314	-83.752679
655.831754	-82.832536
655.975256	-82.429106
656.118822	-81.762755
656.262450	-80.033475
656.406141	-80.693620
656.549894	-82.030795
656.693711	-80.611980
656.837591	-79.512689
656.981534	-80.554505
657.125540	-81.640111
657.269610	-80.406239
657.413742	-80.865909
657.557938	-82.964485
657.702196	-82.334556
657.846519	-81.710346
657.990904	-84.358183
658.135353	-85.518598
658.279866	-81.854847
658.424441	-82.792845
658.569081	-86.383110
658.713784	-83.301828
658.858550	-83.212931
659.003381	-88.158559
659.148274	-83.850036
659.293232	-80.160989
659.438253	-81.853621
659.583339	-83.742559
659.728488	-80.574162
659.873701	-79.993964
660.018978	-84.282681
660.164318	-81.922852
660.309723	-78.989033
660.455192	-81.386654
660.600725	-82.777857
660.746323	-78.652416
660.891984	-79.443739
661.037710	-85.337643
661.183500	-82.510091
661.329354	-81.584278
661.475272	-91.305446
661.621255	-89.489951
661.767303	-87.014947
661.913415	-95.612356
662.059591	-86.295849
662.205833	-86.660273
662.352138	-103.246960
662.498509	-84.491709
662.644944	-84.068967
662.791443	-97.839651
662.938008	-87.499539
663.084638	-85.004076
663.231332	-92.265598
663.378091	-92.020935
663.524915	-85.957877
663.671804	-84.499283
663.818759	-87.738420
663.965778	-102.905642
664.112863	-84.889746
664.260012	-83.463873
664.407227	-94.104496
664.554507	-85.151356
664.701853	-81.935602
664.849264	-87.445191
664.996740	-91.275446
665.144282	-84.485941
665.291889	-83.080789
665.439561	-82.632782
665.587300	-88.317682
665.735103	-85.340699
665.882973	-78.916810
666.030908	-81.195297
666.178909	-97.010893
666.326976	-79.591126
666.475109	-79.815304
666.623307	-102.694402
666.771571	-80.901872
666.919902	-79.414323
667.068298	-89.992706
667.216761	-84.392870
667.365289	-80.850952
667.513884	-83.997652
667.662545	-88.255166
667.811272	-92.378886
667.960065	-83.770443
668.108925	-79.736960
668.257851	-82.942100
668.406843	-91.300910
668.555902	-81.878279
668.705027	-83.486657
668.854219	-86.695385
669.003478	-79.168523
669.152803	-79.868221
669.302195	-87.470857
669.451653	-81.997707
669.601179	-80.474969
669.750771	-81.977792
669.900430	-81.754233
670.050156	-88.254253
670.199949	-83.491978
670.349808	-77.395396
670.499735	-79.714434
670.649729	-88.069929
670.799790	-77.786393
670.949918	-78.395376
671.100114	-87.147044
671.250377	-77.160647
671.400707	-76.811589
671.551104	-83.344403
671.701569	-76.905771
671.852101	-75.462922
672.002700	-82.686334
672.153368	-82.955382
672.304102	-78.357538
672.454905	-82.999337
672.605775	-83.530743
672.756713	-80.488934
672.907718	-84.220605
673.058791	-85.778376
673.209933	-82.453579
673.361142	-81.609065
673.512419	-81.754785
673.663764	-86.984263
673.815177	-91.646173
673.966658	-81.938840
674.118207	-81.645033
674.269825	-87.053413
674.421510	-99.606129
674.573264	-84.923075
674.725086	-82.718763
674.876977	-86.073325
675.028936	-93.390180
675.180963	-84.457524
675.333059	-83.209813
675.485224	-89.531256
675.637457	-81.859544
675.789758	-78.772188
675.942129	-84.708684
676.094568	-81.700390
676.247075	-75.041286
676.399652	-77.030853
676.552298	-83.585180
676.705012	-76.979841
676.857795	-79.045645
677.010648	-88.866279
677.163569	-77.289580
677.316560	-78.661080
677.469619	-82.708329
677.622748	-77.199440
677.775946	-80.718668
677.929214	-89.274094
678.082551	-83.571781
678.235957	-84.680616
678.389432	-79.022799
678.542977	-81.744882
678.696592	-84.492013
678.850276	-76.944466
679.004030	-79.166553
679.157853	-84.968179
679.311746	-80.340115
679.465709	-80.773219
679.619742	-79.250306
679.773844	-81.503268
679.928017	-84.070275
680.082259	-79.244640
680.236571	-84.288742
680.390954	-82.713379
680.545406	-78.699555
680.699929	-85.540032
680.854522	-84.544568
681.009185	-84.659618
681.163918	-84.200942
681.318722	-79.495466
681.473596	-84.678597
681.628540	-81.465815
681.783555	-81.004784
681.938641	-89.678989
682.093797	-76.319989
682.249023	-76.810416
682.404321	-88.082012
682.559689	-76.315924
682.715128	-76.320051
682.870637	-86.584164
683.026218	-83.371231
683.181869	-81.381679
683.337591	-88.182658
683.493385	-86.188174
683.649249	-83.726942
683.805185	-92.448545
683.961191	-83.752029
684.117269	-79.027745
684.273418	-85.036937
684.429639	-83.909557
684.585930	-79.279644
684.742294	-87.320520
684.898728	-80.143141
685.055234	-77.577928
685.211812	-84.200414
685.368461	-81.116475
685.525182	-79.216731
685.681975	-86.588611
685.838839	-83.900005
685.995775	-81.220189
686.152783	-84.292663
686.309863	-80.807705
686.467014	-79.548170
686.624238	-80.449920
686.781534	-79.393492
686.938902	-77.296803
687.096342	-78.181748
687.253854	-77.911304
687.411438	-77.066873
687.569095	-80.244035
687.726824	-82.973536
687.884626	-83.208276
688.042499	-84.375789
688.200446	-81.754592
688.358465	-83.531924
688.516556	-86.691502
688.674720	-88.926320
688.832957	-100.918332
688.991266	-89.508430
689.149649	-91.782279
689.308104	-81.520270
689.466632	-80.725786
689.625233	-83.480659
689.783906	-78.401569
689.942653	-78.208180
690.101473	-78.825110
690.260367	-77.568756
690.419333	-82.215820
690.578372	-77.626322
690.737485	-75.435780
690.896672	-77.711528
691.055931	-75.344268
691.215264	-76.552785
691.374671	-80.484974
691.534151	-75.982669
691.693704	-77.999636
691.853332	-96.603413
692.013033	-80.642039
692.172807	-78.071693
692.332656	-84.328115
692.492578	-80.551906
692.652575	-75.698796
692.812645	-84.059466
692.972789	-79.440196
693.133007	-75.525553
693.293300	-84.804407
693.453666	-77.388964
693.614107	-77.304285
693.774622	-84.069224
693.935211	-75.444620
694.095875	-77.444949
694.256613	-106.257882
694.417426	-80.040652
694.578313	-78.560605
694.739274	-82.347554
694.900311	-82.989290
695.061421	-80.105508
695.222607	-94.206693
695.383868	-77.254301
695.545203	-75.047769
695.706613	-85.296166
695.868098	-78.401768
696.029658	-77.162624
696.191293	-85.503308
696.353003	-78.279912
696.514789	-81.951584
696.676649	-83.230448
696.838585	-79.435158
697.000596	-93.762234
697.162682	-78.023287
697.324844	-81.056497
697.487081	-83.002718
697.649394	-76.503338
697.811782	-86.947833
697.974246	-77.960643
698.136786	-77.923936
698.299401	-86.205425
698.462092	-73.550833
698.624859	-75.606121
698.787702	-79.023667
698.950621	-76.317801
699.113616	-87.799275
699.276686	-78.874700
699.439833	-79.256171
699.603056	-85.445591
699.766355	-76.468447
699.929731	-80.027239
700.093183	-93.864243
700.256711	-81.184500
700.420315	-77.672913
700.583996	-81.470026
700.747754	-86.154583
700.911588	-77.851083
701.075499	-81.922020
701.239486	-86.775927
701.403550	-81.048591
701.567691	-83.778388
701.731909	-89.412837
701.896203	-87.069852
702.060575	-81.461765
702.225024	-86.373756
702.389549	-78.161249
702.554152	-75.715892
702.718832	-78.838930
702.883589	-79.677515
703.048424	-82.226278
703.213335	-82.999589
703.378324	-76.454077
703.543391	-76.449617
703.708535	-79.002061
703.873757	-77.113428
704.039056	-80.540694
704.204433	-94.120752
704.369887	-89.273716
704.535420	-86.841212
704.701030	-79.227001
704.866718	-80.402942
705.032484	-87.456221
705.198328	-80.169744
705.364250	-72.905602
705.530250	-74.925553
705.696328	-76.605471
705.862485	-70.834023
706.028720	-76.744350
706.195033	-74.458200
706.361424	-71.245272
706.527894	-80.800516
706.694442	-73.425139
706.861069	-74.255206
707.027775	-83.736560
707.194559	-78.719957
707.361422	-80.288103
707.528363	-76.382768
707.695384	-77.493594
707.862483	-78.399278
708.029661	-77.517439
708.196918	-74.672028
708.364254	-79.149787
708.531670	-80.560904
708.699164	-74.230607
708.866738	-76.206047
709.034391	-78.353852
709.202123	-91.447235
709.369935	-73.258319
709.537826	-73.776551
709.705796	-83.217551
709.873847	-73.191837
710.041976	-74.227715
710.210186	-88.910772
710.378475	-77.462688
710.546844	-74.823454
710.715292	-80.231913
710.883821	-74.195142
711.052429	-71.722140
711.221118	-76.184811
711.389887	-77.377673
711.558735	-79.297114
711.727664	-87.999401
711.896673	-82.499895
712.065763	-82.556034
712.234932	-77.350350
712.404183	-80.651675
712.573513	-84.016006
712.742924	-81.433321
712.912416	-86.247998
713.081988	-76.649754
713.251641	-76.253767
713.421375	-76.313791
713.591190	-73.064139
713.761085	-74.872449
713.931061	-78.792147
714.101119	-78.234014
714.271257	-79.930644
714.441476	-93.197288
714.611777	-82.253287
714.782159	-83.466979
714.952622	-80.373555
715.123166	-78.321035
715.293792	-83.800866
715.464499	-82.864462
715.635288	-79.609856
715.806158	-74.180071
715.977110	-78.506538
716.148143	-74.097026
716.319259	-73.915622
716.490456	-79.961409
716.661735	-74.889521
716.833096	-81.441392
717.004538	-82.524070
717.176063	-81.374617
717.347670	-77.071618
717.519359	-91.223520
717.691130	-74.752810
717.862984	-77.694290
718.034920	-75.100466
718.206938	-71.468370
718.379039	-82.023112
718.551222	-72.622906
718.723488	-77.707293
718.895836	-78.002250
719.068267	-78.070729
719.240781	-77.723767
719.413377	-72.575085
719.586057	-73.674136
719.758819	-68.847384
719.931664	-69.943016
720.104593	-71.422090
720.277604	-70.784848
720.450699	-73.234558
720.623876	-75.573756
720.797137	-77.059324
720.970482	-81.385100
721.143910	-91.927214
721.317421	-82.633795
721.491016	-80.326209
721.664694	-86.418765
721.838456	-73.073726
722.012302	-74.513166
722.186231	-74.410548
722.360244	-73.007276
722.534342	-92.482784
722.708523	-75.051744
722.882788	-84.801416
723.057137	-82.346005
723.231570	-78.362782
723.406088	-69.036913
723.580689	-71.502556
723.755375	-69.377319
723.930146	-68.080812
724.105000	-74.489525
724.279940	-69.358303
724.454963	-73.875841
724.630072	-73.443890
724.805265	-75.957043
724.980543	-85.045484
725.155905	-81.551056
725.331353	-78.494119
725.506885	-76.737255
725.682503	-82.177190
725.858205	-77.559540
726.033993	-75.957116
726.209865	-77.026683
726.385823	-74.672847
726.561866	-77.582980
726.737995	-75.383283
726.914209	-77.166946
727.090508	-80.121141
727.266893	-78.007072
727.443364	-69.104615
727.619920	-66.675459
727.796562	-68.726889
727.973290	-66.070470
728.150103	-71.967642
728.327003	-72.002839
728.503988	-74.973740
728.681060	-71.532358
728.858218	-71.279270
729.035461	-72.604654
729.212791	-68.027596
729.390208	-73.535296
729.567710	-69.387656
729.745299	-75.935984
729.922975	-68.163045
730.100737	-70.334286
730.278586	-71.704103
730.456521	-72.462761
730.634543	-70.577963
730.812652	-68.278048
730.990848	-70.134411
731.169130	-70.996048
731.347500	-74.025662
731.525957	-81.510455
731.704500	-85.514655
731.883131	-81.015025
732.061850	-73.173975
732.240655	-78.295552
732.419548	-77.173340
732.598528	-86.338389
732.777596	-70.511450
732.956751	-70.624132
733.135994	-68.467219
733.315325	-66.940404
733.494744	-70.561815
733.674250	-66.454792
733.853844	-73.401190
734.033526	-68.504358
734.213296	-75.726226
734.393154	-66.098756
734.573101	-67.622383
734.753135	-65.404577
734.933258	-66.485102
735.113469	-70.151872
735.293769	-70.358489
735.474157	-83.980117
735.654633	-76.936069
735.835198	-72.264579
736.015852	-71.126502
736.196594	-76.243309
736.377426	-73.528101
736.558346	-76.561552
736.739355	-72.871934
736.920453	-71.375395
737.101640	-67.767980
737.282916	-72.115997
737.464282	-69.223147
737.645736	-70.293059
737.827280	-66.482369
738.008914	-69.674724
738.190637	-72.582586
738.372449	-78.436887
738.554351	-70.056282
738.736342	-68.003617
738.918424	-65.478511
739.100595	-66.984233
739.282855	-65.397332
739.465206	-69.513140
739.647647	-67.128207
739.830178	-73.574191
740.012799	-69.776846
740.195510	-73.557680
740.378311	-70.253951
740.561203	-72.910577
740.744185	-74.650894
740.927258	-79.624535
741.110421	-67.280695
741.293674	-70.344802
741.477018	-65.917140
741.660453	-65.397472
741.843979	-66.476829
742.027596	-65.448782
742.211303	-69.354255
742.395102	-65.825649
742.578991	-69.137235
742.762972	-65.856027
742.947044	-69.127945
743.131207	-69.573944
743.315461	-74.857510
743.499807	-76.633877
743.684244	-77.534402
743.868773	-79.187089
744.053394	-73.560814
744.238106	-70.338584
744.422910	-67.910247
744.607805	-68.694777
744.792793	-67.407386
744.977872	-68.314043
745.163044	-71.262003
745.348307	-73.427461
745.533663	-70.435788
745.719111	-67.504438
745.904651	-66.659154
746.090283	-65.644082
746.276008	-67.616540
746.461826	-70.356784
746.647735	-76.537564
746.833738	-83.623385
747.019833	-82.609935
747.206021	-74.647100
747.392302	-68.393681
747.578676	-71.346603
747.765143	-69.897642
747.951703	-79.412234
748.138356	-70.157612
748.325102	-79.783462
748.511941	-66.640696
748.698874	-69.150430
748.885900	-63.814962
749.073019	-65.861412
749.260232	-66.670550
749.447539	-66.785853
749.634939	-79.764147
749.822433	-75.532301
750.010021	-71.490122
750.197703	-76.981200
750.385479	-67.297062
750.573348	-67.820394
750.761312	-66.322079
750.949370	-67.544459
751.137523	-74.652438
751.325769	-78.319627
751.514110	-70.647350
751.702545	-70.215739
751.891075	-66.944346
752.079700	-68.390575
752.268419	-72.280125
752.457233	-75.064832
752.646142	-77.822014
752.835145	-87.538770
753.024244	-69.766251
753.213437	-71.276527
753.402726	-68.775642
753.592110	-71.385611
753.781589	-69.441021
753.971163	-69.609336
754.160833	-75.610250
754.350598	-81.260424
754.540459	-71.783095
754.730415	-72.862837
754.920467	-69.243309
755.110615	-70.322380
755.300858	-72.988803
755.491198	-76.357866
755.681633	-71.307160
755.872164	-72.161459
756.062792	-68.103449
756.253515	-68.746717
756.444335	-70.300079
756.635252	-70.171120
756.826264	-73.077903
757.017373	-71.479296
757.208579	-70.807078
757.399881	-70.194553
757.591280	-73.046654
757.782776	-71.895770
757.974368	-72.045131
758.166058	-71.738339
758.357844	-74.180144
758.549728	-79.924313
758.741708	-68.041986
758.933786	-70.298662
759.125961	-68.618273
759.318233	-72.871260
759.510603	-69.860814
759.703071	-73.882638
759.895635	-67.501101
760.088298	-69.064013
760.281058	-65.270094
760.473916	-69.924335
760.666872	-69.161575
760.859926	-73.374198
761.053078	-67.350916
761.246328	-76.071071
761.439676	-72.763664
761.633122	-77.173832
761.826667	-66.372322
762.020310	-70.450991
762.214052	-64.035856
762.407892	-72.160771
762.601831	-67.282941
762.795868	-77.186363
762.990004	-65.809211
763.184239	-71.440001
763.378573	-65.322129
763.573006	-76.098136
763.767538	-69.585914
763.962169	-76.934403
764.156900	-69.270946
764.351729	-76.822779
764.546658	-70.566422
764.741687	-66.750785
764.936815	-64.851916
765.132042	-63.379409
765.327370	-62.419436
765.522797	-64.546956
765.718324	-66.389710
765.913950	-69.815325
766.109677	-70.260433
766.305504	-68.377541
766.501431	-71.358282
766.697458	-67.400494
766.893586	-74.522857
767.089814	-65.180924
767.286142	-69.005223
767.482571	-63.645144
767.679100	-67.687449
767.875730	-61.291955
768.072461	-64.421883
768.269293	-61.596081
768.466225	-66.256753
768.663259	-63.596870
768.860393	-75.734772
769.057629	-70.375301
769.254966	-67.670091
769.452404	-63.034849
769.649944	-63.812977
769.847585	-61.870118
770.045328	-63.558984
770.243172	-61.859668
770.441118	-63.532764
770.639166	-64.194212
770.837315	-63.952604
771.035567	-64.104415
771.233920	-61.978451
771.432376	-66.069425
771.630934	-62.567350
771.829594	-67.597293
772.028356	-63.281314
772.227220	-70.512886
772.426188	-61.403085
772.625257	-64.157969
772.824430	-60.199545
773.023705	-66.039946
773.223083	-62.536266
773.422563	-66.417774
773.622147	-64.836520
773.821834	-64.330672
774.021624	-65.365750
774.221517	-59.604849
774.421513	-61.871346
774.621613	-59.913776
774.821816	-63.856423
775.022122	-60.962750
775.222532	-67.757542
775.423046	-61.752951
775.623664	-63.787067
775.824385	-59.562909
776.025211	-62.919720
776.226140	-60.819182
776.427173	-62.802435
776.628311	-60.931314
776.829553	-60.460446
777.030899	-60.428359
777.232350	-59.365699
777.433905	-60.141230
777.635564	-60.604751
777.837328	-65.976683
778.039197	-63.477048
778.241171	-72.443908
778.443250	-62.727468
778.645433	-63.579161
778.847722	-58.292838
779.050116	-60.162384
779.252615	-59.262180
779.455219	-61.198270
779.657929	-61.689233
779.860744	-58.847394
780.063665	-61.661693
780.266691	-57.820617
780.469823	-62.957330
780.673061	-57.982600
780.876405	-65.058417
781.079855	-59.462357
781.283410	-61.828482
781.487072	-59.822207
781.690840	-60.556287
781.894715	-61.239778
782.098695	-58.149551
782.302783	-63.010183
782.506976	-59.652925
782.711277	-65.379460
782.915684	-59.164626
783.120198	-60.754035
783.324818	-58.362655
783.529546	-58.889017
783.734381	-59.027136
783.939322	-58.309562
784.144372	-61.357262
784.349528	-58.705293
784.554792	-61.909517
784.760163	-58.981554
784.965642	-63.094451
785.171228	-59.397269
785.376922	-62.034520
785.582724	-61.131494
785.788634	-59.861178
785.994651	-60.145102
786.200777	-57.739509
786.407011	-59.357268
786.613353	-56.892876
786.819804	-59.710094
787.026363	-57.351434
787.233030	-61.862206
787.439806	-60.035161
787.646691	-60.222489
787.853684	-60.250372
788.060786	-58.167855
788.267997	-60.226884
788.475317	-56.895847
788.682746	-60.424272
788.890285	-56.514313
789.097932	-58.490616
789.305689	-57.575298
789.513555	-58.457341
789.721531	-60.278143
789.929617	-57.991159
790.137812	-62.751593
790.346117	-57.986501
790.554531	-62.201777
790.763056	-58.463548
790.971691	-57.387861
791.180436	-57.883549
791.389291	-56.113235
791.598256	-59.735647
791.807332	-57.266102
792.016518	-61.946630
792.225815	-58.595813
792.435222	-59.991541
792.644740	-59.938848
792.854369	-57.089643
793.064109	-59.047760
793.273960	-55.623463
793.483922	-58.094032
793.693995	-56.559526
793.904180	-57.941831
794.114475	-57.072305
794.324882	-56.497172
794.535401	-58.379932
794.746031	-56.919632
794.956774	-60.796367
795.167627	-57.488866
795.378593	-57.172161
795.589671	-56.138433
795.800861	-56.071576
796.012162	-57.337755
796.223577	-55.932084
796.435103	-58.971232
796.646742	-56.677858
796.858493	-58.761705
797.070357	-57.922180
797.282334	-56.928431
797.494423	-58.903658
797.706626	-56.303803
797.918941	-58.756278
798.131369	-56.585060
798.343911	-57.268597
798.556566	-56.580454
798.769334	-55.071370
798.982215	-57.615442
799.195210	-55.600094
799.408319	-57.681944
799.621541	-55.448685
799.834877	-55.224973
800.048327	-56.884782
800.261890	-55.755231
800.475568	-57.420762
800.689360	-54.873778
800.903266	-55.792990
801.117287	-55.325438
801.331422	-55.696003
801.545671	-57.548607
801.760036	-54.552248
801.974514	-56.404392
802.189108	-55.129405
802.403816	-55.666779
802.618640	-56.476343
802.833578	-55.684149
803.048632	-58.060408
803.263800	-55.774786
803.479085	-55.634598
803.694484	-54.390348
803.909999	-53.871065
804.125630	-55.708733
804.341376	-54.384565
804.557239	-55.963302
804.773217	-54.097582
804.989311	-53.424534
805.205521	-54.632282
805.421847	-54.079808
805.638290	-56.985906
805.854849	-55.342405
806.071524	-54.950787
806.288316	-55.047222
806.505225	-53.654186
806.722250	-55.313666
806.939393	-53.857802
807.156652	-55.459290
807.374028	-55.144907
807.591521	-53.359519
807.809132	-54.964156
808.026859	-53.125487
808.244705	-54.867977
808.462667	-55.226190
808.680748	-53.963226
808.898946	-55.425424
809.117261	-53.219099
809.335695	-54.004911
809.554246	-53.918003
809.772916	-53.023753
809.991704	-54.246021
810.210610	-52.793948
810.429634	-54.162547
810.648777	-53.834421
810.868039	-53.007160
811.087419	-54.448966
811.306918	-52.813931
811.526535	-53.996889
811.746272	-54.140851
811.966127	-53.181220
812.186102	-54.481029
812.406196	-52.664076
812.626409	-53.200117
812.846742	-53.604599
813.067194	-52.600085
813.287766	-54.381538
813.508457	-53.861191
813.729269	-53.346797
813.950200	-53.115917
814.171251	-52.217071
814.392422	-53.043625
814.613714	-52.482153
814.835126	-53.124335
815.056658	-53.342328
815.278311	-52.344837
815.500084	-52.949327
815.721978	-52.608939
815.943993	-53.467156
816.166128	-53.648530
816.388385	-52.795501
816.610762	-53.822032
816.833261	-52.147229
817.055881	-51.567273
817.278623	-52.672222
817.501486	-52.235028
817.724471	-53.929060
817.947577	-54.019742
818.170805	-52.531486
818.394155	-52.676078
818.617627	-51.579754
818.841221	-52.868843
819.064937	-53.695947
819.288775	-51.937619
819.512736	-52.494021
819.736819	-52.623507
819.961025	-52.195355
820.185354	-52.398143
820.409805	-52.640779
820.634379	-53.455556
820.859076	-52.827601
821.083897	-52.096833
821.308840	-52.379823
821.533907	-52.329248
821.759097	-53.147271
821.984411	-53.638947
822.209848	-53.547323
822.435409	-53.290945
822.661093	-52.690968
822.886902	-52.842055
823.112834	-51.801089
823.338891	-50.987647
823.565072	-52.246320
823.791377	-52.304975
824.017807	-52.463886
824.244361	-53.014371
824.471039	-51.856332
824.697843	-52.443384
824.924771	-53.482956
825.151824	-53.859474
825.379002	-54.920567
825.606306	-53.049472
825.833734	-51.595835
826.061288	-52.227779
826.288967	-51.733497
826.516772	-52.498160
826.744703	-53.488992
826.972759	-51.437053
827.200941	-50.870540
827.429249	-51.276862
827.657683	-51.843611
827.886243	-53.885269
828.114930	-54.641940
828.343743	-53.727137
828.572682	-53.497027
828.801748	-52.867796
829.030941	-52.768243
829.260260	-52.579770
829.489706	-51.531891
829.719280	-52.259603
829.948980	-53.181234
830.178808	-52.383188
830.408763	-52.272469
830.638845	-51.715521
830.869055	-51.483505
831.099393	-52.751539
831.329858	-53.831266
831.560451	-53.955165
831.791173	-53.284000
832.022022	-51.896420
832.252999	-52.402024
832.484105	-53.006880
832.715339	-52.942767
832.946702	-53.707442
833.178193	-52.071353
833.409813	-50.825237
833.641561	-52.161559
833.873439	-52.785505
834.105445	-53.324420
834.337581	-53.770695
834.569846	-51.311670
834.802241	-50.887888
835.034764	-51.582516
835.267418	-51.383147
835.500201	-52.621218
835.733114	-52.979202
835.966157	-52.799877
836.199329	-53.812341
836.432632	-51.649203
836.666065	-50.777855
836.899629	-52.067943
837.133323	-51.374415
837.367147	-52.090063
837.601102	-52.772224
837.835188	-50.662156
838.069405	-51.035344
838.303752	-51.416035
838.538231	-50.851758
838.772841	-53.139585
839.007582	-53.369080
839.242455	-51.232186
839.477459	-50.213562
839.712595	-49.527176
839.947863	-50.760573
840.183263	-52.625719
840.418794	-51.580230
840.654458	-50.941419
840.890254	-49.713115
841.126182	-48.887053
841.362242	-49.837122
841.598435	-51.073113
841.834761	-52.378344
842.071220	-51.835697
842.307811	-49.860893
842.544536	-49.108092
842.781393	-48.313829
843.018384	-48.629826
843.255508	-49.709594
843.492765	-50.453516
843.730156	-52.133457
843.967681	-51.181663
844.205339	-48.598461
844.443132	-48.430088
844.681058	-48.020134
844.919118	-48.983133
845.157313	-51.277513
845.395642	-48.768625
845.634105	-47.528978
845.872703	-48.021304
846.111436	-47.512496
846.350303	-48.325486
846.589306	-48.869385
846.828443	-48.331322
847.067716	-48.947947
847.307124	-48.785938
847.546667	-47.958579
847.786345	-46.548403
848.026160	-46.166471
848.266110	-47.603753
848.506195	-48.341677
848.746417	-48.432428
848.986775	-48.114541
849.227269	-46.161124
849.467899	-46.300574
849.708666	-47.241687
849.949569	-46.841331
850.190609	-47.065340
850.431785	-46.685292
850.673099	-46.366789
850.914549	-47.161925
851.156137	-46.817026
851.397861	-45.992648
851.639723	-45.254769
851.881723	-45.466305
852.123860	-46.332544
852.366135	-45.737547
852.608547	-45.469995
852.851098	-45.800791
853.093786	-46.045287
853.336613	-46.590867
853.579578	-45.316398
853.822681	-43.906448
854.065923	-44.469928
854.309304	-45.525774
854.552823	-45.862785
854.796481	-45.086723
855.040278	-44.210576
855.284215	-44.160450
855.528290	-44.782389
855.772505	-45.421669
856.016859	-45.213151
856.261353	-44.262579
856.505987	-43.960209
856.750760	-43.743300
856.995673	-43.432343
857.240727	-43.724032
857.485920	-44.235548
857.731254	-44.759513
857.976729	-44.921287
858.222343	-43.851024
858.468099	-42.614869
858.713995	-42.631105
858.960032	-43.433140
859.206211	-43.689244
859.452530	-43.180837
859.698991	-42.978991
859.945593	-43.283860
860.192336	-43.291157
860.439222	-43.024823
860.686248	-42.671781
860.933417	-42.335430
861.180728	-42.861193
861.428181	-43.045373
861.675776	-42.515744
861.923514	-42.699792
862.171394	-42.772789
862.419417	-42.595015
862.667582	-42.385029
862.915890	-42.137879
863.164342	-42.283344
863.412936	-42.051262
863.661674	-41.923465
863.910555	-41.799355
864.159579	-41.620543
864.408747	-42.478160
864.658059	-42.283225
864.907515	-41.577367
865.157114	-41.794584
865.406858	-41.409414
865.656746	-41.151958
865.906778	-41.264798
866.156955	-41.624173
866.407277	-41.881027
866.657743	-41.392732
866.908354	-41.326750
867.159110	-40.951914
867.410011	-40.893819
867.661057	-41.673220
867.912249	-41.084792
868.163586	-40.741862
868.415069	-40.699037
868.666697	-40.692895
868.918472	-41.221291
869.170392	-40.804408
869.422458	-40.724294
869.674671	-41.056759
869.927030	-40.951950
870.179536	-40.582998
870.432188	-40.090021
870.684987	-40.726344
870.937933	-40.762495
871.191026	-40.101930
871.444266	-40.255247
871.697653	-39.833203
871.951188	-40.182708
872.204870	-40.895120
872.458700	-40.243133
872.712677	-39.836912
872.966803	-40.200110
873.221076	-40.557421
873.475498	-39.689808
873.730068	-39.478615
873.984787	-40.460735
874.239654	-40.403040
874.494669	-39.903497
874.749834	-39.400595
875.005147	-39.681262
875.260610	-40.364512
875.516222	-39.705234
875.771983	-39.431769
876.027894	-39.791627
876.283954	-39.882392
876.540164	-39.620040
876.796524	-39.461968
877.053033	-39.573443
877.309693	-39.360149
877.566503	-39.691135
877.823464	-39.740466
878.080575	-39.114424
878.337837	-39.296189
878.595249	-39.351126
878.852813	-39.262889
879.110528	-39.278707
879.368393	-39.324435
879.626410	-39.642934
879.884579	-39.530637
880.142899	-39.020433
880.401371	-38.765134
880.659994	-39.173931
880.918770	-39.201211
881.177698	-38.997900
881.436778	-39.294745
881.696010	-38.885938
881.955395	-38.640399
882.214933	-39.190158
882.474623	-39.323604
882.734467	-38.775498
882.994463	-38.471525
883.254613	-38.983919
883.514916	-39.160558
883.775372	-38.863008
884.035982	-38.598900
884.296746	-38.883190
884.557664	-39.095374
884.818735	-38.334226
885.079961	-38.396057
885.341341	-39.148395
885.602876	-39.119591
885.864565	-38.604431
886.126409	-38.246001
886.388407	-38.584927
886.650561	-38.874148
886.912870	-38.649790
887.175334	-38.205487
887.437953	-38.589357
887.700728	-38.970986
887.963658	-38.215308
888.226745	-38.386337
888.489987	-38.776076
888.753385	-38.525932
889.016940	-38.375109
889.280651	-38.350469
889.544518	-38.493757
889.808543	-38.520440
890.072723	-38.518117
890.337061	-38.090667
890.601556	-38.419190
890.866208	-38.826457
891.131017	-38.225704
891.395984	-38.206268
891.661109	-38.212155
891.926391	-38.388709
892.191831	-38.450406
892.457429	-38.264292
892.723186	-38.246329
892.989100	-38.328568
893.255173	-38.456479
893.521405	-37.992866
893.787796	-38.328668
894.054345	-38.608231
894.321053	-38.194362
894.587921	-38.022349
894.854948	-38.094474
895.122134	-38.636395
895.389480	-38.398253
895.656986	-38.278008
895.924651	-38.348789
896.192477	-38.270946
896.460463	-38.280866
896.728609	-38.039722
896.996915	-38.356631
897.265382	-38.353305
897.534010	-38.232790
897.802799	-38.212821
898.071749	-38.408688
898.340860	-38.563037
898.610132	-38.089111
898.879566	-38.224482
899.149162	-38.146017
899.418919	-38.305516
899.688838	-38.455910
899.958919	-38.231925
900.229162	-38.443096
900.499568	-38.277657
900.770136	-38.113212
901.040867	-38.130679
901.311761	-38.612795
901.582817	-38.085744
901.854037	-38.095540
902.125420	-38.795079
902.396966	-38.120534
902.668676	-37.970239
902.940550	-38.141365
903.212587	-38.535759
903.484788	-38.325861
903.757153	-37.980774
904.029683	-38.191361
904.302377	-38.516787
904.575236	-38.298982
904.848259	-37.748803
905.121447	-38.461475
905.394800	-38.204331
905.668319	-38.089187
905.942002	-38.257777
906.215852	-37.982703
906.489866	-38.250823
906.764047	-38.175017
907.038393	-38.097636
907.312906	-38.265679
907.587584	-38.268341
907.862429	-37.609677
908.137441	-38.626915
908.412619	-38.582484
908.687964	-37.320325
908.963476	-38.231990
909.239155	-38.407245
909.515002	-37.987696
909.791015	-38.009744
910.067197	-37.990206
910.343546	-37.915024
910.620063	-38.258358
910.896748	-37.581292
911.173601	-37.839646
911.450623	-38.854639
911.727813	-37.340080
912.005171	-37.670644
912.282699	-38.489845
912.560395	-37.905376
912.838261	-37.593783
913.116296	-37.724019
913.394500	-37.825451
913.672874	-37.979527
913.951418	-37.340263
914.230131	-37.263638
914.509015	-38.482953
914.788068	-37.268184
915.067292	-37.052523
915.346687	-37.727458
915.626252	-37.598292
915.905988	-37.481969
916.185895	-37.394451
916.465973	-37.620820
916.746223	-37.591375
917.026644	-37.109650
917.307236	-37.107222
917.588000	-37.763311
917.868937	-36.748876
918.150045	-37.135063
918.431325	-37.558525
918.712778	-36.871644
918.994404	-37.284663
919.276202	-37.091538
919.558173	-36.899554
919.840317	-37.003182
920.122634	-36.681703
920.405125	-36.718816
920.687789	-37.360824
920.970627	-36.309819
921.253639	-36.732734
921.536824	-37.037508
921.820184	-36.463227
922.103718	-37.062818
922.387427	-36.650782
922.671310	-36.571006
922.955368	-36.787575
923.239601	-36.186445
923.524009	-36.374327
923.808592	-37.000350
924.093351	-35.562207
924.378285	-36.290699
924.663396	-36.597236
924.948682	-35.697861
925.234144	-36.564952
925.519782	-36.155136
925.805597	-35.470357
926.091589	-36.022346
926.377757	-35.786473
926.664102	-35.500122
926.950624	-36.381751
927.237323	-35.392126
927.524200	-35.756193
927.811255	-36.063891
928.098487	-35.334799
928.385897	-35.682093
928.673485	-35.646390
928.961251	-35.061529
929.249196	-35.646924
929.537319	-35.623289
929.825621	-34.826439
930.114102	-35.405136
930.402762	-35.081510
930.691601	-34.887364
930.980620	-34.762365
931.269818	-34.830125
931.559196	-34.801270
931.848753	-34.530921
932.138491	-34.347557
932.428409	-35.005314
932.718508	-34.497835
933.008787	-33.977575
933.299246	-34.659283
933.589887	-34.320472
933.880709	-34.024033
934.171712	-34.103226
934.462896	-34.355546
934.754262	-34.239830
935.045810	-33.895943
935.337539	-33.495080
935.629451	-34.250082
935.921545	-33.691432
936.213822	-33.316580
936.506281	-33.809892
936.798922	-33.592523
937.091747	-33.254559
937.384755	-33.206905
937.677946	-33.214465
937.971321	-33.507466
938.264879	-33.018088
938.558621	-32.540516
938.852547	-33.747597
939.146657	-33.008682
939.440952	-32.464375
939.735431	-33.292790
940.030095	-33.136814
940.324943	-32.546600
940.619977	-32.993439
940.915196	-32.709426
941.210600	-33.211683
941.506189	-32.629201
941.801965	-32.007638
942.097926	-33.257983
942.394074	-32.743527
942.690407	-31.609920
942.986927	-32.694730
943.283634	-32.780067
943.580527	-31.736736
943.877608	-32.081877
944.174875	-32.098061
944.472330	-32.273960
944.769972	-31.805619
945.067802	-31.602134
945.365820	-32.125134
945.664026	-31.931049
945.962420	-31.263120
946.261002	-31.975397
946.559773	-31.757524
946.858733	-31.595955
947.157881	-31.671653
947.457219	-31.470187
947.756746	-31.486632
948.056462	-31.728966
948.356368	-31.277365
948.656464	-31.389024
948.956749	-31.517355
949.257225	-31.294255
949.557891	-31.180841
949.858748	-31.008024
950.159796	-31.297495
950.461034	-31.297178
950.762463	-30.685178
951.064084	-30.841240
951.365896	-31.433172
951.667900	-30.640233
951.970095	-30.691047
952.272483	-30.894509
952.575063	-30.845365
952.877835	-30.840917
953.180799	-30.545075
953.483956	-30.474604
953.787307	-31.232270
954.090850	-30.287558
954.394586	-30.330469
954.698516	-30.907159
955.002640	-30.310178
955.306957	-30.384754
955.611469	-30.689208
955.916174	-29.785962
956.221074	-30.471447
956.526169	-30.462034
956.831458	-29.640143
957.136942	-30.107905
957.442622	-30.232964
957.748496	-29.646327
958.054567	-29.885164
958.360833	-29.655978
958.667294	-29.733349
958.973952	-29.805452
959.280806	-29.400268
959.587857	-29.613848
959.895104	-29.559550
960.202548	-29.298348
960.510189	-29.641553
960.818027	-29.336883
961.126062	-29.163169
961.434295	-29.686708
961.742726	-29.208244
962.051355	-29.086484
962.360182	-29.437882
962.669207	-29.221802
962.978431	-29.125324
963.287854	-29.259328
963.597475	-29.010939
963.907296	-29.270538
964.217315	-29.027000
964.527535	-28.845523
964.837954	-29.100941
965.148573	-28.992635
965.459392	-28.672575
965.770411	-29.022143
966.081630	-28.702295
966.393051	-28.672819
966.704672	-28.892552
967.016494	-28.576609
967.328517	-28.477672
967.640742	-28.932198
967.953169	-28.314359
968.265797	-28.493868
968.578627	-28.640863
968.891660	-28.304291
969.204895	-28.560779
969.518332	-28.553343
969.831972	-28.135830
970.145816	-28.679499
970.459862	-28.232299
970.774112	-28.253364
971.088565	-28.557359
971.403223	-28.183865
971.718084	-28.210572
972.033149	-28.591608
972.348419	-28.013035
972.663893	-28.265691
972.979572	-28.431610
973.295456	-28.007047
973.611546	-28.097797
973.927840	-28.355507
974.244340	-27.809191
974.561046	-28.143684
974.877958	-28.115068
975.195076	-27.807043
975.512401	-27.931201
975.829932	-27.926870
976.147670	-27.662162
976.465615	-27.819764
976.783767	-27.713713
977.102126	-27.652253
977.420693	-27.545558
977.739468	-27.586007
978.058451	-27.482692
978.377642	-27.549088
978.697041	-27.360755
979.016649	-27.370048
979.336466	-27.434938
979.656492	-27.244386
979.976727	-27.290279
980.297171	-27.321532
980.617825	-27.076272
980.938689	-27.311722
981.259763	-27.184500
981.581048	-26.976827
981.902542	-27.255739
982.224248	-27.053667
982.546164	-26.922929
982.868291	-27.138299
983.190630	-26.933125
983.513180	-26.863254
983.835942	-27.101902
984.158916	-26.713961
984.482101	-26.825548
984.805500	-26.887465
985.129110	-26.698974
985.452934	-26.655532
985.776970	-26.776573
986.101220	-26.499382
986.425683	-26.647658
986.750359	-26.556763
987.075250	-26.449355
987.400354	-26.452142
987.725673	-26.562182
988.051206	-26.248212
988.376954	-26.475651
988.702916	-26.335393
989.029094	-26.306902
989.355487	-26.327699
989.682095	-26.335738
990.008919	-26.174440
990.335959	-26.299675
990.663216	-26.251050
990.990688	-26.174544
991.318377	-26.211577
991.646283	-26.216682
991.974406	-26.058927
992.302746	-26.206091
992.631304	-26.180385
992.960079	-25.965208
993.289072	-26.180951
993.618283	-26.005492
993.947713	-26.019416
994.277361	-26.037260
994.607227	-25.954780
994.937313	-25.846504
995.267618	-26.007166
995.598142	-25.758400
995.928886	-25.913440
996.259849	-25.763796
996.591033	-25.750297
996.922437	-25.692672
997.254061	-25.723105
997.585906	-25.601210
997.917972	-25.698857
998.250260	-25.550338
998.582768	-25.533075
998.915498	-25.583373
999.248450	-25.433572
999.581624	-25.499887
999.915020	-25.432337
1000.248639	-25.401355
1000.582480	-25.341469
1000.916545	-25.401325
1001.250832	-25.205234
1001.585343	-25.384023
1001.920077	-25.200328
1002.255035	-25.177985
1002.590218	-25.214457
1002.925624	-25.168195
1003.261255	-25.047427
1003.597111	-25.172950
1003.933192	-24.941555
1004.269497	-25.045882
1004.606029	-25.041107
1004.942785	-24.835437
1005.279768	-24.994960
1005.616977	-24.831255
1005.954412	-24.834705
1006.292074	-24.804076
1006.629962	-24.820685
1006.968077	-24.650664
1007.306420	-24.836514
1007.644990	-24.594033
1007.983787	-24.675828
1008.322813	-24.685941
1008.662067	-24.566782
1009.001549	-24.599584
1009.341259	-24.603430
1009.681199	-24.503888
1010.021367	-24.513332
1010.361765	-24.580386
1010.702392	-24.371567
1011.043250	-24.584397
1011.384337	-24.387565
1011.725654	-24.429635
1012.067202	-24.429883
1012.408980	-24.399563
1012.750989	-24.324397
1013.093230	-24.409927
1013.435702	-24.313959
1013.778405	-24.293217
1014.121341	-24.352139
1014.464508	-24.171925
1014.807908	-24.345452
1015.151540	-24.188730
1015.495405	-24.238983
1015.839503	-24.218603
1016.183835	-24.183494
1016.528400	-24.166152
1016.873198	-24.181311
1017.218231	-24.077352
1017.563498	-24.174779
1017.908999	-24.113960
1018.254735	-24.065227
1018.600707	-24.198042
1018.946913	-23.981732
1019.293354	-24.132496
1019.640032	-24.024671
1019.986945	-24.013065
1020.334094	-24.043150
1020.681480	-24.026673
1021.029102	-23.960238
1021.376961	-24.013976
1021.725058	-23.925521
1022.073391	-23.871644
1022.421962	-23.997495
1022.770772	-23.779301
1023.119819	-23.924140
1023.469104	-23.781501
1023.818628	-23.790285
1024.168391	-23.796560
1024.518393	-23.701940
1024.868634	-23.718855
1025.219115	-23.675208
1025.569836	-23.643875
1025.920796	-23.607278
1026.271997	-23.630333
1026.623438	-23.499092
1026.975121	-23.639069
1027.327044	-23.432970
1027.679208	-23.551064
1028.031614	-23.496681
1028.384262	-23.389082
1028.737152	-23.555909
1029.090284	-23.326197
1029.443659	-23.468911
1029.797276	-23.378939
1030.151137	-23.387618
1030.505240	-23.387466
1030.859587	-23.370262
1031.214178	-23.322892
1031.569013	-23.357104
1031.924093	-23.333632
1032.279417	-23.261765
1032.634985	-23.387702
1032.990799	-23.206670
1033.346858	-23.362240
1033.703162	-23.213331
1034.059712	-23.270207
1034.416509	-23.286781
1034.773551	-23.174103
1035.130841	-23.309056
1035.488377	-23.142639
1035.846160	-23.272076
1036.204190	-23.176467
1036.562468	-23.191155
1036.920994	-23.232986
1037.279768	-23.156952
1037.638790	-23.212639
1037.998061	-23.166055
1038.357581	-23.210625
1038.717350	-23.164192
1039.077368	-23.225614
1039.437636	-23.137342
1039.798154	-23.204071
1040.158922	-23.183564
1040.519940	-23.122607
1040.881209	-23.259914
1041.242729	-23.047948
1041.604501	-23.250130
1041.966524	-23.088031
1042.328798	-23.127571
1042.691325	-23.165722
1043.054103	-23.010687
1043.417135	-23.205162
1043.780419	-22.969794
1044.143956	-23.114061
1044.507746	-23.014293
1044.871791	-22.996511
1045.236088	-23.036469
1045.600641	-22.905891
1045.965447	-23.006647
1046.330508	-22.883067
1046.695824	-22.913523
1047.061395	-22.883181
1047.427222	-22.851888
1047.793304	-22.854435
1048.159642	-22.784926
1048.526237	-22.813272
1048.893088	-22.752026
1049.260196	-22.776363
1049.627561	-22.704887
1049.995183	-22.734288
1050.363063	-22.688806
1050.731201	-22.656579
1051.099597	-22.704073
1051.468251	-22.573706
1051.837164	-22.700717
1052.206336	-22.538530
1052.575767	-22.617349
1052.945458	-22.586673
1053.315409	-22.494818
1053.685619	-22.632624
1054.056090	-22.417769
1054.426821	-22.569788
1054.797814	-22.467097
1055.169067	-22.446777
1055.540582	-22.539130
1055.912359	-22.343008
1056.284398	-22.546453
1056.656698	-22.359752
1057.029262	-22.449646
1057.402088	-22.448917
1057.775177	-22.345889
1058.148530	-22.505120
1058.522146	-22.304931
1058.896027	-22.480255
1059.270171	-22.378067
1059.644580	-22.369071
1060.019254	-22.469484
1060.394193	-22.299075
1060.769397	-22.473261
1061.144867	-22.316534
1061.520602	-22.384572
1061.896604	-22.414680
1062.272872	-22.255743
1062.649407	-22.449600
1063.026210	-22.243749
1063.403279	-22.374924
1063.780616	-22.283033
1064.158221	-22.225557
1064.536094	-22.354256
1064.914235	-22.140971
1065.292645	-22.287905
1065.671325	-22.151979
1066.050273	-22.156458
1066.429491	-22.216992
1066.808979	-22.020586
1067.188738	-22.196689
1067.568766	-21.979488
1067.949066	-22.077990
1068.329636	-22.026144
1068.710478	-21.923326
1069.091592	-22.036285
1069.472977	-21.824038
1069.854635	-21.953620
1070.236565	-21.837551
1070.618768	-21.803330
1071.001243	-21.867259
1071.383993	-21.675985
1071.767016	-21.814749
1072.150313	-21.653756
1072.533884	-21.685587
1072.917730	-21.693389
1073.301850	-21.550340
1073.686246	-21.681148
1074.070917	-21.509058
1074.455864	-21.591804
1074.841087	-21.526683
1075.226586	-21.475175
1075.612362	-21.554851
1075.998415	-21.442495
1076.384745	-21.483873
1076.771353	-21.450423
1077.158238	-21.414468
1077.545401	-21.470327
1077.932843	-21.367498
1078.320564	-21.433139
1078.708564	-21.393928
1079.096842	-21.387527
1079.485401	-21.389629
1079.874240	-21.380254
1080.263358	-21.366657
1080.652757	-21.409273
1081.042438	-21.341634
1081.432399	-21.398381
1081.822641	-21.369854
1082.213166	-21.349641
1082.603972	-21.421042
1082.995061	-21.296497
1083.386433	-21.411743
1083.778087	-21.335471
1084.170025	-21.328351
1084.562246	-21.380276
1084.954751	-21.249619
1085.347541	-21.400007
1085.740615	-21.242871
1086.133973	-21.301265
1086.527617	-21.290995
1086.921546	-21.204836
1087.315761	-21.282032
1087.710262	-21.162941
1088.105050	-21.199832
1088.500124	-21.148034
1088.895485	-21.086654
1089.291134	-21.102242
1089.687070	-21.023943
1090.083294	-20.972070
1090.479806	-20.953851
1090.876607	-20.891408
1091.273696	-20.828938
1091.671075	-20.831923
1092.068744	-20.685596
1092.466702	-20.754350
1092.864950	-20.604290
1093.263489	-20.614734
1093.662319	-20.578873
1094.061440	-20.445889
1094.460852	-20.531776
1094.860555	-20.360460
1095.260551	-20.387508
1095.660840	-20.325758
1096.061421	-20.243874
1096.462295	-20.234728
1096.863462	-20.162934
1097.264923	-20.109880
1097.666678	-20.077176
1098.068727	-20.010477
1098.471071	-19.966583
1098.873710	-19.976695
1099.276644	-19.848943
1099.679874	-19.923162
1100.083400	-19.824899
1100.487222	-19.841286
1100.891340	-19.855736
1101.295756	-19.764503
1101.700468	-19.874902
1102.105478	-19.784594
1102.510787	-19.821887
1102.916393	-19.820414
1103.322298	-19.811807
1103.728502	-19.786387
1104.135005	-19.816100
1104.541807	-19.741899
1104.948909	-19.771662
1105.356312	-19.715505
1105.764015	-19.672999
1106.172019	-19.701816
1106.580324	-19.578322
1106.988931	-19.630408
1107.397840	-19.563562
1107.807051	-19.524138
1108.216564	-19.548352
1108.626380	-19.494922
1109.036500	-19.495873
1109.446923	-19.508729
1109.857649	-19.478383
1110.268680	-19.484746
1110.680016	-19.511390
1111.091657	-19.446985
1111.503602	-19.517964
1111.915854	-19.427334
1112.328411	-19.456247
1112.741275	-19.412756
1113.154445	-19.349869
1113.567922	-19.332721
1113.981706	-19.264530
1114.395798	-19.176754
1114.810198	-19.146010
1115.224906	-19.055156
1115.639923	-18.956407
1116.055249	-18.960277
1116.470884	-18.805533
1116.886829	-18.815129
1117.303084	-18.737315
1117.719650	-18.689841
1118.136526	-18.680200
1118.553713	-18.650167
1118.971212	-18.627605
1119.389022	-18.649176
1119.807145	-18.630364
1120.225580	-18.644061
1120.644328	-18.686215
1121.063389	-18.646197
1121.482763	-18.710838
1121.902452	-18.684093
1122.322454	-18.685645
1122.742771	-18.701108
1123.163404	-18.662908
1123.584351	-18.631419
1124.005614	-18.626125
1124.427193	-18.531341
1124.849089	-18.514034
1125.271301	-18.461806
1125.693830	-18.355045
1126.116677	-18.340354
1126.539842	-18.257121
1126.963324	-18.188239
1127.387126	-18.151627
1127.811246	-18.107227
1128.235685	-18.036951
1128.660444	-18.052364
1129.085522	-17.978485
1129.510922	-17.997150
1129.936641	-17.974893
1130.362682	-17.961480
1130.789044	-17.970371
1131.215728	-17.981130
1131.642734	-17.953418
1132.070063	-17.986980
1132.497714	-17.961009
1132.925689	-17.957589
1133.353987	-17.959027
1133.782610	-17.913086
1134.211556	-17.898317
1134.640827	-17.867686
1135.070424	-17.803418
1135.500345	-17.764581
1135.930593	-17.724234
1136.361166	-17.621781
1136.792067	-17.603850
1137.223294	-17.517490
1137.654848	-17.453522
1138.086730	-17.406703
1138.518940	-17.346619
1138.951479	-17.286936
1139.384346	-17.272674
1139.817543	-17.208850
1140.251069	-17.192271
1140.684925	-17.191745
1141.119111	-17.154996
1141.553628	-17.164114
1141.988475	-17.187893
1142.423655	-17.163299
1142.859166	-17.209633
1143.295009	-17.226231
1143.731185	-17.231583
1144.167694	-17.277383
1144.604536	-17.298730
1145.041711	-17.300705
1145.479221	-17.341755
1145.917065	-17.354638
1146.355245	-17.331605
1146.793759	-17.377965
1147.232609	-17.333031
1147.671795	-17.330664
1148.111317	-17.312362
1148.551177	-17.273281
1148.991373	-17.224681
1149.431907	-17.204745
1149.872779	-17.122788
1150.313989	-17.076695
1150.755538	-17.033472
1151.197426	-16.934615
1151.639653	-16.890895
1152.082220	-16.833375
1152.525128	-16.739733
1152.968376	-16.696059
1153.411966	-16.637238
1153.855897	-16.557043
1154.300169	-16.516973
1154.744784	-16.473529
1155.189742	-16.396781
1155.635042	-16.384344
1156.080687	-16.336563
1156.526674	-16.287958
1156.973007	-16.282066
1157.419683	-16.250685
1157.866705	-16.211874
1158.314072	-16.226389
1158.761786	-16.200158
1159.209845	-16.171505
1159.658251	-16.207878
1160.107004	-16.168092
1160.556104	-16.173117
1161.005553	-16.190819
1161.455349	-16.175247
1161.905494	-16.171876
1162.355989	-16.195234
1162.806832	-16.177452
1163.258026	-16.175733
1163.709570	-16.190029
1164.161464	-16.177138
1164.613710	-16.160457
1165.066307	-16.174537
1165.519256	-16.150275
1165.972558	-16.126135
1166.426212	-16.127383
1166.880219	-16.102240
1167.334580	-16.055715
1167.789295	-16.060553
1168.244364	-16.013049
1168.699788	-15.969290
1169.155567	-15.953050
1169.611702	-15.909964
1170.068193	-15.847463
1170.525041	-15.837632
1170.982245	-15.779675
1171.439807	-15.721310
1171.897726	-15.702519
1172.356004	-15.648948
1172.814640	-15.583524
1173.273635	-15.576109
1173.732989	-15.510704
1174.192703	-15.463780
1174.652778	-15.441510
1175.113213	-15.398825
1175.574009	-15.342347
1176.035167	-15.329547
1176.496687	-15.292497
1176.958569	-15.246375
1177.420814	-15.230401
1177.883422	-15.210888
1178.346394	-15.164208
1178.809730	-15.158075
1179.273430	-15.143986
1179.737496	-15.107050
1180.201927	-15.103604
1180.666723	-15.104026
1181.131886	-15.064775
1181.597416	-15.077378
1182.063312	-15.071889
1182.529576	-15.049453
1182.996209	-15.057539
1183.463209	-15.060383
1183.930579	-15.035867
1184.398317	-15.049755
1184.866426	-15.049703
1185.334904	-15.031977
1185.803754	-15.029335
1186.272974	-15.040844
1186.742566	-15.012241
1187.212529	-15.003841
1187.682865	-15.015581
1188.153574	-14.979878
1188.624656	-14.954284
1189.096112	-14.973477
1189.567942	-14.923875
1190.040147	-14.890337
1190.512726	-14.895795
1190.985681	-14.852962
1191.459012	-14.800277
1191.932720	-14.795916
1192.406804	-14.757147
1192.881265	-14.697487
1193.356104	-14.673373
1193.831322	-14.651335
1194.306918	-14.579973
1194.782893	-14.548453
1195.259248	-14.534890
1195.735982	-14.462107
1196.213097	-14.431208
1196.690593	-14.417973
1197.168471	-14.360423
1197.646730	-14.325954
1198.125371	-14.316994
1198.604395	-14.278990
1199.083803	-14.241268
1199.563594	-14.237309
1200.043769	-14.219841
1200.524329	-14.181092
1201.005273	-14.185672
1201.486604	-14.178245
1201.968320	-14.146674
1202.450422	-14.156759
1202.932912	-14.158210
1203.415789	-14.130837
1203.899054	-14.140855
1204.382707	-14.149243
1204.866748	-14.138433
1205.351179	-14.121839
1205.836000	-14.146222
1206.321211	-14.143615
1206.806812	-14.119822
1207.292805	-14.130346
1207.779189	-14.133432
1208.265965	-14.127225
1208.753134	-14.116961
1209.240696	-14.100747
1209.728651	-14.117764
1210.217000	-14.111067
1210.705744	-14.077517
1211.194883	-14.067117
1211.684417	-14.098521
1212.174347	-14.077613
1212.664673	-14.012406
1213.155396	-14.045968
1213.646516	-14.079935
1214.138034	-14.001181
1214.629951	-13.967044
1215.122266	-14.034838
1215.614980	-14.025238
1216.108095	-13.922796
1216.601609	-13.934021
1217.095524	-14.013279
1217.589841	-13.933061
1218.084559	-13.852799
1218.579679	-13.907374
1219.075202	-13.943151
1219.571128	-13.837303
1220.067458	-13.782714
1220.564191	-13.864499
1221.061330	-13.844540
1221.558874	-13.732631
1222.056823	-13.729063
1222.555178	-13.789472
1223.053940	-13.736823
1223.553109	-13.640391
1224.052686	-13.676534
1224.552671	-13.704983
1225.053065	-13.622797
1225.553867	-13.582193
1226.055079	-13.618348
1226.556702	-13.611465
1227.058735	-13.534907
1227.561179	-13.537214
1228.064035	-13.560215
1228.567303	-13.513110
1229.070983	-13.481154
1229.575077	-13.495103
1230.079585	-13.489582
1230.584506	-13.437525
1231.089842	-13.438619
1231.595594	-13.452840
1232.101761	-13.409598
1232.608345	-13.387317
1233.115345	-13.399895
1233.622762	-13.393963
1234.130597	-13.345415
1234.638851	-13.340462
1235.147523	-13.360312
1235.656615	-13.321413
1236.166126	-13.293286
1236.676058	-13.294110
1237.186411	-13.298924
1237.697185	-13.256386
1238.208381	-13.232683
1238.719999	-13.240507
1239.232040	-13.220711
1239.744505	-13.189813
1240.257394	-13.162449
1240.770708	-13.166053
1241.284446	-13.141039
1241.798610	-13.106499
1242.313201	-13.085873
1242.828218	-13.076171
1243.343662	-13.059212
1243.859534	-13.012482
1244.375834	-13.000675
1244.892563	-12.990331
1245.409721	-12.963537
1245.927309	-12.923376
1246.445327	-12.912761
1246.963777	-12.909799
1247.482657	-12.863101
1248.001970	-12.841047
1248.521716	-12.834528
1249.041894	-12.820853
1249.562506	-12.775768
1250.083553	-12.761610
1250.605034	-12.764276
1251.126950	-12.726533
1251.649302	-12.700717
1252.172091	-12.690724
1252.695316	-12.685224
1253.218979	-12.642045
1253.743079	-12.629402
1254.267619	-12.624806
1254.792597	-12.597530
1255.318015	-12.572657
1255.843874	-12.559573
1256.370173	-12.554671
1256.896913	-12.517456
1257.424095	-12.509787
1257.951720	-12.495386
1258.479787	-12.480384
1259.008298	-12.454661
1259.537254	-12.449762
1260.066654	-12.436517
1260.596499	-12.411689
1261.126790	-12.407251
1261.657527	-12.393518
1262.188711	-12.381991
1262.720342	-12.358986
1263.252422	-12.365911
1263.784950	-12.344577
1264.317928	-12.333395
1264.851355	-12.323487
1265.385232	-12.324899
1265.919560	-12.305929
1266.454340	-12.293213
1266.989572	-12.299111
1267.525256	-12.287752
1268.061394	-12.275596
1268.597985	-12.266291
1269.135031	-12.278359
1269.672531	-12.259888
1270.210487	-12.252152
1270.748899	-12.252904
1271.287768	-12.259315
1271.827094	-12.242491
1272.366877	-12.235967
1272.907119	-12.248550
1273.447820	-12.242974
1273.988981	-12.231801
1274.530601	-12.228367
1275.072683	-12.245440
1275.615226	-12.229466
1276.158230	-12.224103
1276.701697	-12.224989
1277.245627	-12.238743
1277.790021	-12.217109
1278.334879	-12.215331
1278.880202	-12.223150
1279.425991	-12.223755
1279.972245	-12.205008
1280.518966	-12.204514
1281.066155	-12.217311
1281.613811	-12.202927
1282.161936	-12.192592
1282.710529	-12.193664
1283.259593	-12.203698
1283.809126	-12.183312
1284.359131	-12.178953
1284.909607	-12.183708
1285.460555	-12.186322
1286.011976	-12.166233
1286.563870	-12.167411
1287.116237	-12.172812
1287.669080	-12.168936
1288.222397	-12.152393
1288.776191	-12.156968
1289.330460	-12.161191
1289.885207	-12.151037
1290.440431	-12.140158
1290.996133	-12.143593
1291.552314	-12.147142
1292.108975	-12.129388
1292.666115	-12.125084
1293.223737	-12.124634
1293.781839	-12.125220
1294.340424	-12.102494
1294.899491	-12.102009
1295.459041	-12.098264
1296.019075	-12.092201
1296.579593	-12.069216
1297.140597	-12.069701
1297.702086	-12.062109
1298.264061	-12.051149
1298.826524	-12.029052
1299.389474	-12.030352
1299.952912	-12.018173
1300.516839	-12.005153
1301.081255	-11.984649
1301.646162	-11.986267
1302.211559	-11.971416
1302.777448	-11.956793
1303.343829	-11.940211
1303.910702	-11.940739
1304.478069	-11.924367
1305.045930	-11.910016
1305.614285	-11.896493
1306.183136	-11.896318
1306.752483	-11.878552
1307.322326	-11.865200
1307.892666	-11.854345
1308.463504	-11.852713
1309.034841	-11.833669
1309.606677	-11.822119
1310.179012	-11.812260
1310.751849	-11.809576
1311.325186	-11.788695
1311.899025	-11.779529
1312.473366	-11.769617
1313.048211	-11.766353
1313.623559	-11.743608
1314.199412	-11.737607
1314.775770	-11.726649
1315.352634	-11.723961
1315.930004	-11.699254
1316.507881	-11.697818
1317.086266	-11.685241
1317.665159	-11.684813
1318.244562	-11.658641
1318.824474	-11.662801
1319.404897	-11.648863
1319.985831	-11.652232
1320.567276	-11.624705
1321.149234	-11.636296
1321.731706	-11.620512
1322.314691	-11.629083
1322.898190	-11.601243
1323.482205	-11.619523
1324.066736	-11.603618
1324.651783	-11.616066
1325.237347	-11.589697
1325.823430	-11.612437
1326.410031	-11.598963
1326.997151	-11.611678
1327.584791	-11.590550
1328.172952	-11.611965
1328.761634	-11.605630
1329.350839	-11.612477
1329.940566	-11.601437
1330.530817	-11.614692
1331.121592	-11.620264
1331.712891	-11.615966
1332.304716	-11.618438
1332.897068	-11.619727
1333.489946	-11.639704
1334.083352	-11.622739
1334.677287	-11.639190
1335.271750	-11.629598
1335.866744	-11.661975
1336.462268	-11.637262
1337.058323	-11.661996
1337.654910	-11.650606
1338.252029	-11.686417
1338.849682	-11.666128
1339.447869	-11.688357
1340.046591	-11.687603
1340.645848	-11.715546
1341.245641	-11.711480
1341.845972	-11.720211
1342.446840	-11.738584
1343.048246	-11.750865
1343.650191	-11.767002
1344.252677	-11.760124
1344.855702	-11.794160
1345.459269	-11.795937
1346.063379	-11.821943
1346.668030	-11.809897
1347.273226	-11.844119
1347.878965	-11.849484
1348.485250	-11.869225
1349.092080	-11.865337
1349.699456	-11.886900
1350.307380	-11.905086
1350.915851	-11.911966
1351.524871	-11.918923
1352.134441	-11.928128
1352.744560	-11.953853
1353.355231	-11.956272
1353.966453	-11.963397
1354.578227	-11.972067
1355.190555	-11.992335
1355.803436	-12.002983
1356.416872	-12.000202
1357.030863	-12.015273
1357.645411	-12.027060
1358.260515	-12.043758
1358.876177	-12.039129
1359.492397	-12.049194
1360.109176	-12.067072
1360.726516	-12.074968
1361.344416	-12.084315
1361.962877	-12.077613
1362.581901	-12.109442
1363.201487	-12.106295
1363.821637	-12.125938
1364.442352	-12.113031
1365.063632	-12.140661
1365.685478	-12.148203
1366.307891	-12.153113
1366.930871	-12.159147
1367.554420	-12.159954
1368.178538	-12.192257
1368.803226	-12.175226
1369.428485	-12.197686
1370.054315	-12.182702
1370.680717	-12.217343
1371.307693	-12.207047
1371.935242	-12.212641
1372.563366	-12.215787
1373.192065	-12.220831
1373.821341	-12.240011
1374.451193	-12.216576
1375.081623	-12.238125
1375.712632	-12.224889
1376.344221	-12.250857
1376.976389	-12.230342
1377.609139	-12.235779
1378.242470	-12.238552
1378.876384	-12.240897
1379.510881	-12.246222
1380.145963	-12.225593
1380.781629	-12.244245
1381.417881	-12.234065
1382.054720	-12.246480
1382.692147	-12.227456
1383.330161	-12.234604
1383.968765	-12.238806
1384.607959	-12.237521
1385.247743	-12.235975
1385.888119	-12.225549
1386.529087	-12.242348
1387.170648	-12.235500
1387.812804	-12.240755
1388.455554	-12.228425
1389.098899	-12.241247
1389.742842	-12.243706
1390.387381	-12.242934
1391.032519	-12.241086
1391.678256	-12.241213
1392.324592	-12.258408
1392.971529	-12.249875
1393.619068	-12.257907
1394.267208	-12.249017
1394.915952	-12.268821
1395.565300	-12.265962
1396.215253	-12.265691
1396.865812	-12.267577
1397.516977	-12.268566
1398.168749	-12.286704
1398.821130	-12.270218
1399.474120	-12.283173
1400.127719	-12.275906
1400.781930	-12.293362
1401.436752	-12.290996
1402.092186	-12.283215
1402.748234	-12.296985
1403.404897	-12.289525
1404.062174	-12.309737
1404.720067	-12.289178
1405.378577	-12.299718
1406.037705	-12.301554
1406.697451	-12.301003
1407.357817	-12.309024
1408.018803	-12.286932
1408.680410	-12.310057
1409.342639	-12.298119
1410.005492	-12.308090
1410.668968	-12.301502
1411.333068	-12.296070
1411.997795	-12.318756
1412.663147	-12.300637
1413.329127	-12.318437
1413.995736	-12.302272
1414.662973	-12.317240
1415.330840	-12.325455
1415.999339	-12.312360
1416.668469	-12.331374
1417.338232	-12.315233
1418.008628	-12.342250
1418.679659	-12.332417
1419.351325	-12.332570
1420.023628	-12.346134
1420.696568	-12.337175
1421.370145	-12.364550
1422.044362	-12.345848
1422.719219	-12.362611
1423.394717	-12.370176
1424.070856	-12.371506
1424.747638	-12.392232
1425.425064	-12.374700
1426.103134	-12.402453
1426.781850	-12.401801
1427.461212	-12.410223
1428.141221	-12.422811
1428.821878	-12.413961
1429.503185	-12.446048
1430.185141	-12.439132
1430.867749	-12.452657
1431.551008	-12.458711
1432.234920	-12.457289
1432.919486	-12.483781
1433.604707	-12.469415
1434.290583	-12.485224
1434.977116	-12.487298
1435.664307	-12.492761
1436.352156	-12.513716
1437.040664	-12.500379
1437.729833	-12.522233
1438.419663	-12.523267
1439.110156	-12.531084
1439.801312	-12.542951
1440.493132	-12.528771
1441.185617	-12.549857
1441.878768	-12.545456
1442.572586	-12.552629
1443.267072	-12.561074
1443.962228	-12.555004
1444.658053	-12.581462
1445.354549	-12.578810
1446.051717	-12.588822
1446.749558	-12.595955
1447.448073	-12.590521
1448.147263	-12.607941
1448.847128	-12.593174
1449.547671	-12.593574
1450.248891	-12.593141
1450.950789	-12.585070
1451.653368	-12.598736
1452.356627	-12.587194
1453.060568	-12.595851
1453.765192	-12.605069
1454.470500	-12.603148
1455.176492	-12.615930
1455.883170	-12.602168
1456.590534	-12.602648
1457.298586	-12.599093
1458.007327	-12.579671
1458.716758	-12.576604
1459.426880	-12.556444
1460.137693	-12.555643
1460.849199	-12.559829
1461.561398	-12.554218
1462.274293	-12.573032
1462.987883	-12.580097
1463.702170	-12.598810
1464.417155	-12.617871
1465.132838	-12.614683
1465.849222	-12.626975
1466.566306	-12.619264
1467.284093	-12.609283
1468.002582	-12.602040
1468.721775	-12.575735
1469.441674	-12.574942
1470.162278	-12.570927
1470.883590	-12.573229
1471.605609	-12.600274
1472.328338	-12.620663
1473.051777	-12.670306
1473.775928	-12.722744
1474.500790	-12.766583
1475.226367	-12.828699
1475.952657	-12.867222
1476.679663	-12.907042
1477.407386	-12.937821
1478.135826	-12.937825
1478.864985	-12.950647
1479.594863	-12.944832
1480.325463	-12.938279
1481.056784	-12.949230
1481.788828	-12.948396
1482.521597	-12.980008
1483.255090	-13.022730
1483.989309	-13.064357
1484.724256	-13.134408
1485.459931	-13.185473
1486.196336	-13.234409
1486.933471	-13.271314
1487.671337	-13.251636
1488.409937	-13.212676
1489.149270	-13.119751
1489.889337	-12.976211
1490.630141	-12.815900
1491.371682	-12.607258
1492.113961	-12.399396
1492.856979	-12.201733
1493.600738	-12.000839
1494.345238	-11.846942
1495.090481	-11.720278
1495.836467	-11.629992
1496.583198	-11.606650
1497.330675	-11.612300
1498.078899	-11.671597
1498.827872	-11.789270
1499.577593	-11.927420
1500.328065	-12.117973
1501.079289	-12.331905
1501.831265	-12.544721
1502.583995	-12.787945
1503.337480	-13.006655
1504.091721	-13.205156
1504.846719	-13.402865
1505.602475	-13.550206
1506.358991	-13.697353
1507.116268	-13.846122
1507.874306	-13.976128
1508.633108	-14.162925
1509.392673	-14.384570
1510.153004	-14.652984
1510.914101	-15.031326
1511.675965	-15.466506
1512.438599	-15.996430
1513.202002	-16.635396
1513.966176	-17.269914
1514.731122	-17.895238
1515.496842	-18.331148
1516.263336	-18.362202
1517.030607	-17.975824
1517.798654	-17.118965
1518.567479	-16.022509
1519.337083	-14.863666
1520.107468	-13.694904
1520.878634	-12.636058
1521.650584	-11.679864
1522.423317	-10.812701
1523.196836	-10.074064
1523.971141	-9.425937
1524.746233	-8.855056
1525.522115	-8.381848
1526.298786	-7.969445
1527.076249	-7.611854
1527.854504	-7.323978
1528.633553	-7.072018
1529.413397	-6.855033
1530.194037	-6.687172
1530.975474	-6.538055
1531.757709	-6.409728
1532.540745	-6.316766
1533.324581	-6.232792
1534.109220	-6.162237
1534.894662	-6.121823
1535.680909	-6.088671
1536.467961	-6.069497
1537.255821	-6.085295
1538.044489	-6.116456
1538.833967	-6.170026
1539.624256	-6.271769
1540.415357	-6.405004
1541.207271	-6.574826
1542.000000	-6.811145
1542.793545	-7.099171
1543.587907	-7.441848
1544.383087	-7.874234
1545.179088	-8.383280
1545.975909	-8.970292
1546.773552	-9.681983
1547.572019	-10.511140
1548.371311	-11.460979
1549.171428	-12.607161
1549.972373	-13.969198
1550.774147	-15.578422
1551.576751	-17.617177
1552.380185	-20.275993
1553.184453	-23.912486
1553.989554	-29.784283
1554.795490	-35.079943
1555.602263	-27.904733
1556.409873	-23.205622
1557.218322	-20.244374
1558.027612	-18.202552
1558.837743	-16.621133
1559.648717	-15.388576
1560.460536	-14.451122
1561.273200	-13.677927
1562.086710	-13.059234
1562.901069	-12.606652
1563.716278	-12.243677
1564.532337	-11.974494
1565.349249	-11.825716
1566.167014	-11.737965
1566.985634	-11.716890
1567.805111	-11.794709
1568.625444	-11.917453
1569.446637	-12.089854
1570.268690	-12.347003
1571.091605	-12.632337
1571.915382	-12.949126
1572.740024	-13.334151
1573.565532	-13.721711
1574.391907	-14.112001
1575.219150	-14.540183
1576.047262	-14.926615
1576.876246	-15.271873
1577.706103	-15.608524
1578.536833	-15.847519
1579.368439	-16.006412
1580.200922	-16.123942
1581.034282	-16.122887
1581.868522	-16.050427
1582.703643	-15.952524
1583.539646	-15.770884
1584.376532	-15.564906
1585.214304	-15.371830
1586.052962	-15.139187
1586.892508	-14.918584
1587.732943	-14.735049
1588.574269	-14.536606
1589.416487	-14.360937
1590.259599	-14.226991
1591.103605	-14.084852
1591.948508	-13.961156
1592.794309	-13.874511
1593.641009	-13.776946
1594.488609	-13.687667
1595.337112	-13.629473
1596.186518	-13.558200
1597.036829	-13.485848
1597.888047	-13.440622
1598.740172	-13.384809
1599.593207	-13.323636
1600.447153	-13.289789
1601.302010	-13.250413
1602.157782	-13.204343
1603.014469	-13.187013
1603.872072	-13.171798
1604.730593	-13.149397
1605.590034	-13.156032
1606.450397	-13.172910
1607.311681	-13.182553
1608.173890	-13.219948
1609.037024	-13.272635
1609.901085	-13.316435
1610.766075	-13.383502
1611.631995	-13.469195
1612.498846	-13.543602
1613.366630	-13.634321
1614.235349	-13.745812
1615.105004	-13.844251
1615.975596	-13.949920
1616.847128	-14.075270
1617.719600	-14.185239
1618.593014	-14.291724
1619.467372	-14.415711
1620.342675	-14.524648
1621.218924	-14.621534
1622.096122	-14.734883
1622.974270	-14.837770
1623.853369	-14.923193
1624.733420	-15.024102
1625.614427	-15.123145
1626.496389	-15.204211
1627.379308	-15.300553
1628.263187	-15.405185
1629.148026	-15.494128
1630.033828	-15.595988
1630.920593	-15.713303
1631.808324	-15.815756
1632.697022	-15.923386
1633.586688	-16.049498
1634.477324	-16.161749
1635.368932	-16.269200
1636.261514	-16.392480
1637.155070	-16.502734
1638.049602	-16.596736
1638.945113	-16.699833
1639.841603	-16.790545
1640.739075	-16.856537
1641.637529	-16.926586
1642.536968	-16.990871
1643.437393	-17.030381
1644.338806	-17.070608
1645.241209	-17.113925
1646.144602	-17.136798
1647.048988	-17.156673
1647.954368	-17.184305
1648.860744	-17.195929
1649.768118	-17.199792
1650.676491	-17.212989
1651.585865	-17.214240
1652.496241	-17.201156
1653.407621	-17.194954
1654.320008	-17.181380
1655.233401	-17.149260
1656.147804	-17.119449
1657.063218	-17.088026
1657.979645	-17.038684
1658.897085	-16.987984
1659.815542	-16.942012
1660.735016	-16.882469
1661.655509	-16.818421
1662.577023	-16.763312
1663.499560	-16.700832
1664.423121	-16.629443
1665.347709	-16.566224
1666.273324	-16.501866
1667.199969	-16.426023
1668.127645	-16.353757
1669.056353	-16.284869
1669.986097	-16.205283
1670.916877	-16.124407
1671.848695	-16.050031
1672.781553	-15.968937
1673.715452	-15.883208
1674.650395	-15.805697
1675.586383	-15.727797
1676.523418	-15.643677
1677.461501	-15.565746
1678.400635	-15.492099
1679.340821	-15.411851
1680.282061	-15.333063
1681.224357	-15.260928
1682.167710	-15.184403
1683.112122	-15.105610
1684.057595	-15.034103
1685.004132	-14.962300
1685.951732	-14.885596
1686.900400	-14.814253
1687.850135	-14.746824
1688.800940	-14.674535
1689.752818	-14.604924
1690.705768	-14.542651
1691.659795	-14.477633
1692.614898	-14.410501
1693.571081	-14.350470
1694.528345	-14.291558
1695.486691	-14.228115
1696.446122	-14.169554
1697.406640	-14.116503
1698.368245	-14.059857
1699.330941	-14.004278
1700.294729	-13.956142
1701.259611	-13.906890
1702.225588	-13.854669
1703.192664	-13.809040
1704.160838	-13.766765
1705.130114	-13.720514
1706.100493	-13.676979
1707.071977	-13.639005
1708.044568	-13.598091
1709.018268	-13.555622
1709.993079	-13.519241
1710.969003	-13.484580
1711.946041	-13.446912
1712.924196	-13.412680
1713.903469	-13.382816
1714.883862	-13.350072
1715.865378	-13.316865
1716.848017	-13.288675
1717.831783	-13.259849
1718.816677	-13.228057
1719.802701	-13.200277
1720.789857	-13.175083
1721.778147	-13.146788
1722.767573	-13.119719
1723.758136	-13.097141
1724.749840	-13.073657
1725.742685	-13.048124
1726.736673	-13.025508
1727.731808	-13.004054
1728.728090	-12.979510
1729.725521	-12.956234
1730.724105	-12.936976
1731.723842	-12.916687
1732.724735	-12.895809
1733.726785	-12.878332
1734.729995	-12.861235
1735.734366	-12.841630
1736.739902	-12.823347
1737.746603	-12.807604
1738.754472	-12.790517
1739.763510	-12.773179
1740.773721	-12.759465
1741.785105	-12.746111
1742.797665	-12.730801
1743.811403	-12.717526
1744.826321	-12.706587
1745.842422	-12.694390
1746.859706	-12.682262
1747.878177	-12.673065
1748.897835	-12.664054
1749.918685	-12.653262
1750.940726	-12.644352
1751.963963	-12.637687
1752.988395	-12.629812
1754.014027	-12.622253
1755.040860	-12.617470
1756.068895	-12.612977
1757.098135	-12.607110
1758.128583	-12.602605
1759.160240	-12.599601
1760.193109	-12.595312
1761.227191	-12.590900
1762.262488	-12.588733
1763.299004	-12.586775
1764.336740	-12.583631
1765.375697	-12.581843
1766.415880	-12.581533
1767.457288	-12.580398
1768.499926	-12.578910
1769.543794	-12.578592
1770.588895	-12.578120
1771.635231	-12.576504
1772.682805	-12.575951
1773.731619	-12.576603
1774.781674	-12.576660
1775.832973	-12.576788
1776.885519	-12.577865
1777.939312	-12.578616
1778.994357	-12.578366
1780.050654	-12.578752
1781.108207	-12.579914
1782.167017	-12.580446
1783.227087	-12.581279
1784.288418	-12.583271
1785.351013	-12.585376
1786.414875	-12.587164
1787.480006	-12.590030
1788.546407	-12.593778
1789.614082	-12.596870
1790.683032	-12.600059
1791.753259	-12.604464
1792.824767	-12.609222
1793.897557	-12.613738
1794.971632	-12.619361
1796.046994	-12.625989
1797.123645	-12.632297
1798.201588	-12.638352
1799.280824	-12.645209
1800.361357	-12.651968
1801.443188	-12.658030
1802.526320	-12.664529
1803.610756	-12.672043
1804.696497	-12.679431
1805.783546	-12.687108
1806.871906	-12.695634
1807.961578	-12.704389
1809.052565	-12.711925
1810.144870	-12.719715
1811.238494	-12.728363
1812.333441	-12.737399
1813.429713	-12.746392
1814.527311	-12.756094
1815.626239	-12.766559
1816.726499	-12.776792
1817.828094	-12.787816
1818.931025	-12.799400
1820.035295	-12.811068
1821.140906	-12.822186
1822.247862	-12.834067
1823.356165	-12.846712
1824.465816	-12.859680
1825.576819	-12.873462
1826.689175	-12.887872
1827.802888	-12.902131
1828.917960	-12.915516
1830.034394	-12.929313
1831.152191	-12.943866
1832.271354	-12.958896
1833.391887	-12.974734
1834.513790	-12.991065
1835.637068	-13.007492
1836.761722	-13.023676
1837.887755	-13.040666
1839.015169	-13.058162
1840.143968	-13.075718
1841.274153	-13.093476
1842.405727	-13.111893
1843.538693	-13.130475
1844.673053	-13.148852
1845.808810	-13.167776
1846.945966	-13.186887
1848.084525	-13.205184
1849.224488	-13.223173
1850.365858	-13.242289
1851.508638	-13.262118
1852.652831	-13.281806
1853.798438	-13.301687
1854.945463	-13.321730
1856.093909	-13.341551
1857.243777	-13.361687
1858.395071	-13.383487
1859.547794	-13.406398
1860.701947	-13.429584
1861.857533	-13.452984
1863.014556	-13.476858
1864.173018	-13.500770
1865.332922	-13.525110
1866.494270	-13.550478
1867.657065	-13.576530
1868.821309	-13.602800
1869.987006	-13.629435
1871.154158	-13.656683
1872.322768	-13.684131
1873.492839	-13.711524
1874.664373	-13.738985
1875.837373	-13.767360
1877.011841	-13.796518
1878.187782	-13.825798
1879.365197	-13.855162
1880.544089	-13.884681
1881.724460	-13.913544
1882.906315	-13.942274
1884.089655	-13.971940
1885.274483	-14.001657
1886.460803	-14.030790
1887.648616	-14.060220
1888.837927	-14.089562
1890.028736	-14.118055
1891.221049	-14.147385
1892.414866	-14.177043
1893.610192	-14.205088
1894.807028	-14.232766
1896.005379	-14.261211
1897.205246	-14.288585
1898.406633	-14.315142
1899.609542	-14.342339
1900.813977	-14.369081
1902.019940	-14.394974
1903.227434	-14.421486
1904.436462	-14.447776
1905.647028	-14.472969
1906.859133	-14.498676
1908.072781	-14.525540
1909.287976	-14.552112
1910.504719	-14.578441
1911.723013	-14.605395
1912.942863	-14.632639
1914.164270	-14.659473
1915.387238	-14.686399
1916.611770	-14.713534
1917.837868	-14.740907
1919.065536	-14.768590
1920.294777	-14.796108
1921.525594	-14.822627
1922.757989	-14.847648
1923.991967	-14.872121
1925.227529	-14.897539
1926.464679	-14.923393
1927.703420	-14.947991
1928.943755	-14.970815
1930.185688	-14.992677
1931.429221	-15.014339
1932.674356	-15.036177
1933.921099	-15.057942
1935.169451	-15.078537
1936.419415	-15.096972
1937.670996	-15.114136
1938.924195	-15.131067
1940.179017	-15.147103
1941.435463	-15.161285
1942.693538	-15.173783
1943.953245	-15.184904
1945.214586	-15.194673
1946.477566	-15.202387
1947.742186	-15.207851
1949.008451	-15.211733
1950.276363	-15.215075
1951.545926	-15.218197
1952.817143	-15.220985
1954.090017	-15.222188
1955.364551	-15.221626
1956.640749	-15.220762
1957.918615	-15.220192
1959.198150	-15.219005
1960.479359	-15.216355
1961.762244	-15.211864
1963.046810	-15.206251
1964.333059	-15.200007
1965.620995	-15.193379
1966.910621	-15.186173
1968.201940	-15.178328
1969.494956	-15.170221
1970.789672	-15.161747
1972.086091	-15.152442
1973.384217	-15.142410
1974.684053	-15.132343
1975.985602	-15.122261
1977.288869	-15.111104
1978.593855	-15.098522
1979.900566	-15.085168
1981.209003	-15.071701
1982.519171	-15.058487
1983.831073	-15.044740
1985.144712	-15.028689
1986.460093	-15.009888
1987.777217	-14.989672
1989.096089	-14.969136
1990.416713	-14.947737
1991.739092	-14.923645
1993.063228	-14.896285
1994.389127	-14.866904
1995.716791	-14.836921
1997.046223	-14.806759
1998.377428	-14.776346
1999.710409	-14.745406
2001.045169	-14.713052
2002.381713	-14.679911
2003.720043	-14.646810
2005.060163	-14.614629
2006.402077	-14.583619
2007.745788	-14.553119
2009.091301	-14.521567
2010.438618	-14.488409
2011.787743	-14.454615
2013.138680	-14.421789
2014.491433	-14.390368
2015.846005	-14.359116
2017.202399	-14.326415
2018.560621	-14.292186
2019.920673	-14.258382
2021.282558	-14.226797
2022.646281	-14.196718
2024.011846	-14.166449
2025.379256	-14.135241
2026.748515	-14.103590
2028.119626	-14.071553
2029.492594	-14.040094
2030.867422	-14.009795
2032.244114	-13.979423
2033.622673	-13.947239
2035.003104	-13.912791
2036.385411	-13.877356
2037.769597	-13.842714
2039.155665	-13.808517
2040.543621	-13.772567
2041.933467	-13.733035
2043.325208	-13.691383
2044.718847	-13.649628
2046.114389	-13.607551
2047.511837	-13.563820
2048.911195	-13.518144
2050.312467	-13.471584
2051.715657	-13.426217
2053.120769	-13.383870
2054.527807	-13.345585
2055.936775	-13.311120
2057.347677	-13.280629
2058.760516	-13.254367
2060.175297	-13.233549
2061.592025	-13.219003
2063.010701	-13.209314
2064.431332	-13.201999
2065.853921	-13.195587
2067.278472	-13.190144
2068.704988	-13.185483
2070.133475	-13.180097
2071.563936	-13.172259
2072.996375	-13.161427
2074.430796	-13.147718
2075.867204	-13.131291
2077.305603	-13.112656
2078.745996	-13.091462
2080.188389	-13.066391
2081.632784	-13.037652
2083.079187	-13.006369
2084.527601	-12.973788
2085.978030	-12.940638
2087.430480	-12.907390
2088.884954	-12.873951
2090.341455	-12.840230
2091.799990	-12.807167
2093.260561	-12.775251
2094.723173	-12.744369
2096.187831	-12.714764
2097.654538	-12.687202
2099.123300	-12.662325
2100.594119	-12.640229
2102.067001	-12.620761
2103.541950	-12.603232
2105.018971	-12.587511
2106.498067	-12.573879
2107.979243	-12.562769
2109.462503	-12.553690
2110.947853	-12.545752
2112.435295	-12.538361
2113.924836	-12.531367
2115.416478	-12.524596
2116.910227	-12.517105
2118.406087	-12.508493
2119.904063	-12.498553
2121.404158	-12.487509
2122.906378	-12.475747
2124.410727	-12.463428
2125.917210	-12.449941
2127.425831	-12.435024
2128.936594	-12.421031
2130.449505	-12.410079
2131.964567	-12.401140
2133.481786	-12.392438
2135.001166	-12.385465
2136.522711	-12.382756
2138.046427	-12.384549
2139.572317	-12.388758
2141.100388	-12.393067
2142.630642	-12.397513
2144.163085	-12.403790
2145.697722	-12.411560
2147.234558	-12.417412
2148.773596	-12.419454
2150.314842	-12.419700
2151.858301	-12.421442
2153.403977	-12.423680
2154.951875	-12.422752
2156.502000	-12.418675
2158.054357	-12.414588
2159.608950	-12.412798
2161.165785	-12.411542
2162.724866	-12.408520
2164.286198	-12.405343
2165.849786	-12.404546
2167.415635	-12.406921
2168.983749	-12.410923
2170.554134	-12.415350
2172.126795	-12.421052
2173.701737	-12.430402
2175.278964	-12.443712
2176.858481	-12.457731
2178.440294	-12.471928
2180.024408	-12.488630
2181.610827	-12.508375
2183.199557	-12.528911
2184.790602	-12.549870
2186.383968	-12.571122
2187.979660	-12.593411
2189.577683	-12.617085
2191.178041	-12.640917
2192.780741	-12.662731
2194.385787	-12.683568
2195.993185	-12.705535
2197.602939	-12.727315
2199.215054	-12.747354
2200.829537	-12.767365
2202.446392	-12.789155
2204.065624	-12.810494
2205.687239	-12.830197
2207.311242	-12.850265
2208.937638	-12.870936
2210.566433	-12.891057
2212.197631	-12.911687
2213.831239	-12.932885
2215.467261	-12.954892
2217.105703	-12.978309
2218.746570	-13.003053
2220.389867	-13.028484
2222.035601	-13.055657
2223.683776	-13.086547
2225.334398	-13.120306
2226.987472	-13.155785
2228.643004	-13.194283
2230.300999	-13.236425
2231.961463	-13.280497
2233.624402	-13.325649
2235.289820	-13.371634
2236.957723	-13.419012
2238.628118	-13.469286
2240.301009	-13.520006
2241.976402	-13.568853
2243.654303	-13.619765
2245.334717	-13.673329
2247.017650	-13.724784
2248.703108	-13.774550
2250.391096	-13.826250
2252.081620	-13.879326
2253.774686	-13.931400
2255.470300	-13.981743
2257.168467	-14.031194
2258.869193	-14.082287
2260.572484	-14.133736
2262.278345	-14.182400
2263.986783	-14.231836
2265.697804	-14.284662
2267.411412	-14.337492
2269.127615	-14.387307
2270.846417	-14.438068
2272.567826	-14.493195
2274.291846	-14.550482
2276.018484	-14.608110
2277.747745	-14.668871
2279.479637	-14.734867
2281.214164	-14.805148
2282.951333	-14.877761
2284.691149	-14.954467
2286.433619	-15.037501
2288.178750	-15.122574
2289.926546	-15.206710
2291.677014	-15.293661
2293.430161	-15.384801
2295.185992	-15.476474
2296.944513	-15.565771
2298.705732	-15.655682
2300.469653	-15.748799
2302.236283	-15.841577
2304.005629	-15.931890
2305.777696	-16.024065
2307.552492	-16.117329
2309.330022	-16.206986
2311.110292	-16.295358
2312.893310	-16.384686
2314.679080	-16.474494
2316.467611	-16.563430
2318.258907	-16.648885
2320.052976	-16.735671
2321.849824	-16.825390
2323.649457	-16.912819
2325.451883	-17.000208
2327.257106	-17.091948
2329.065135	-17.184642
2330.875975	-17.279758
2332.689633	-17.379360
2334.506116	-17.481707
2336.325430	-17.591426
2338.147581	-17.705468
2339.972578	-17.823370
2341.800425	-17.951049
2343.631130	-18.082069
2345.464700	-18.214650
2347.301141	-18.351523
2349.140461	-18.489924
2350.982665	-18.629092
2352.827760	-18.766689
2354.675754	-18.902683
2356.526653	-19.043156
2358.380464	-19.179451
2360.237195	-19.311612
2362.096851	-19.451188
2363.959440	-19.588702
2365.824968	-19.719261
2367.693444	-19.851289
2369.564873	-19.986774
2371.439263	-20.117069
2373.316620	-20.237548
2375.196953	-20.363261
2377.080267	-20.491986
2378.966570	-20.610931
2380.855869	-20.732276
2382.748171	-20.859670
2384.643484	-20.985172
2386.541815	-21.109557
2388.443170	-21.241357
2390.347557	-21.385411
2392.254984	-21.529043
2394.165457	-21.676636
2396.078984	-21.840497
2397.995572	-22.011267
2399.915229	-22.187412
2401.837961	-22.368326
2403.763777	-22.557647
2405.692684	-22.749964
2407.624689	-22.933196
2409.559800	-23.121299
2411.498023	-23.309097
2413.439368	-23.486616
2415.383840	-23.663157
2417.331449	-23.843456
2419.282201	-24.022398
2421.236104	-24.188278
2423.193165	-24.362259
2425.153393	-24.533426
2427.116795	-24.688122
2429.083378	-24.846675
2431.053151	-24.997872
2433.026121	-25.145102
2435.002297	-25.284302
2436.981685	-25.425117
2438.964293	-25.572357
2440.950131	-25.698911
2442.939204	-25.843754
2444.931522	-25.996312
2446.927092	-26.139102
2448.925923	-26.298861
2450.928022	-26.468539
2452.933397	-26.656349
2454.942056	-26.854394
2456.954008	-27.077789
2458.969260	-27.307451
2460.987821	-27.530831
2463.009699	-27.788662
2465.034902	-28.025191
2467.063437	-28.251367
2469.095315	-28.492255
2471.130542	-28.708749
2473.169127	-28.917319
2475.211078	-29.115600
2477.256404	-29.314867
2479.305112	-29.504626
2481.357212	-29.690891
2483.412713	-29.877402
2485.471621	-30.044584
2487.533946	-30.214182
2489.599696	-30.365490
2491.668880	-30.500519
2493.741507	-30.621315
2495.817585	-30.735677
2497.897122	-30.867463
2499.980127	-30.975334
2502.066609	-31.090701
2504.156578	-31.224179
2506.250040	-31.361281
2508.347006	-31.506483
2510.447483	-31.687575
2512.551482	-31.896932
2514.659010	-32.122179
2516.770076	-32.402040
2518.884690	-32.676268
2521.002861	-32.977706
2523.124597	-33.319220
2525.249907	-33.606971
2527.378801	-33.900861
2529.511287	-34.196527
2531.647375	-34.471081
2533.787074	-34.697494
2535.930393	-34.915220
2538.077340	-35.147078
2540.227927	-35.338781
2542.382160	-35.509260
2544.540051	-35.704853
2546.701608	-35.875643
2548.866840	-35.964182
2551.035757	-36.078860
2553.208369	-36.145510
2555.384684	-36.192322
2557.564713	-36.206785
2559.748465	-36.235443
2561.935948	-36.304192
2564.127174	-36.349280
2566.322152	-36.360151
2568.520890	-36.486138
2570.723399	-36.625707
2572.929689	-36.740685
2575.139769	-36.972607
2577.353649	-37.299691
2579.571340	-37.599693
2581.792849	-37.928795
2584.018189	-38.440022
2586.247368	-38.857057
2588.480396	-39.222200
2590.717284	-39.700832
2592.958041	-40.139042
2595.202678	-40.466143
2597.451204	-40.750797
2599.703630	-41.157546
2601.959966	-41.548474
2604.220222	-41.699752
2606.484408	-41.923315
2608.752535	-42.241043
2611.024612	-42.337163
2613.300651	-42.310913
2615.580661	-42.225116
2617.864653	-42.058717
2620.152638	-41.959185
2622.444625	-41.900129
2624.740626	-41.589717
2627.040651	-41.368877
2629.344710	-41.364135
2631.652814	-41.332874
2633.964974	-41.201346
2636.281200	-41.183812
2638.601504	-41.333121
2640.925896	-41.513017
2643.254386	-41.893141
2645.586987	-42.189201
2647.923707	-42.549038
2650.264559	-43.059649
2652.609554	-43.555896
2654.958702	-44.077337
2657.312015	-44.767917
2659.669503	-45.111702
2662.031178	-45.666194
2664.397051	-46.323887
2666.767132	-46.935389
2669.141434	-47.788671
2671.519968	-48.333495
2673.902745	-49.329457
2676.289776	-49.868938
2678.681072	-49.949275
2681.076646	-50.140726
2683.476508	-49.646596
2685.880671	-49.359886
2688.289145	-48.468636
2690.701942	-48.443621
2693.119075	-47.616218
2695.540554	-47.111225
2697.966391	-46.655229
2700.396599	-46.423868
2702.831189	-45.981805
2705.270172	-45.979688
2707.713561	-46.051910
2710.161368	-46.119953
2712.613605	-46.204074
2715.070283	-46.606206
2717.531416	-46.867564
2719.997014	-47.107952
2722.467090	-47.313755
2724.941657	-47.750024
2727.420726	-47.976883
2729.904310	-48.337928
2732.392421	-48.695949
2734.885072	-49.615090
2737.382275	-49.914233
2739.884042	-51.398548
2742.390387	-51.872709
2744.901321	-53.983361
2747.416857	-54.717810
2749.937008	-56.591345
2752.461787	-57.214975
2754.991206	-58.780865
2757.525279	-58.388201
2760.064017	-58.020786
2762.607434	-56.520697
2765.155544	-55.880071
2767.708358	-53.852170
2770.265890	-54.031559
2772.828153	-52.587010
2775.395160	-53.100590
2777.966924	-52.273060
2780.543459	-53.022573
2783.124778	-52.408243
2785.710894	-52.771295
2788.301821	-52.716314
2790.897572	-52.434040
2793.498160	-52.021511
2796.103599	-51.940697
2798.713903	-51.738724
2801.329085	-51.345446
2803.949159	-51.807068
2806.574139	-51.682229
2809.204038	-52.672103
2811.838871	-52.496895
2814.478650	-54.059188
2817.123391	-54.141218
2819.773107	-55.377837
2822.427812	-56.193835
2825.087521	-57.237954
2827.752247	-59.003810
2830.422005	-60.146157
2833.096808	-62.389461
2835.776672	-62.084352
2838.461611	-62.982678
2841.151638	-60.552104
2843.846769	-61.350979
2846.547019	-60.094012
2849.252401	-61.294940
2851.962930	-60.875652
2854.678621	-62.143180
2857.399489	-62.371538
2860.125549	-62.839775
2862.856815	-62.573197
2865.593302	-61.272706
2868.335026	-60.679108
2871.082002	-59.265882
2873.834244	-59.211592
2876.591767	-57.784741
2879.354588	-57.440889
2882.122721	-56.888938
2884.896181	-56.834447
2887.674984	-56.913504
2890.459146	-56.955693
2893.248681	-57.469311
2896.043606	-57.396489
2898.843937	-58.194476
2901.649687	-59.303824
2904.460875	-60.331808
2907.277515	-62.969701
2910.099623	-62.946490
2912.927215	-64.895981
2915.760308	-62.532656
2918.598916	-63.355663
2921.443057	-61.224383
2924.292747	-61.831184
2927.148002	-61.304308
2930.008837	-61.416403
2932.875270	-62.110908
2935.747318	-62.242378
2938.624995	-64.743363
2941.508320	-65.553944
2944.397308	-67.968745
2947.291977	-70.062745
2950.192343	-73.328048
2953.098423	-72.370357
2956.010234	-71.096988
2958.927792	-69.252811
2961.851116	-67.769423
2964.780221	-65.504632
2967.715126	-64.209968
2970.655847	-63.204285
2973.602402	-61.644750
2976.554808	-61.941600
2979.513083	-62.561497
2982.477243	-62.833300
2985.447308	-65.143163
2988.423293	-65.199037
2991.405218	-68.533332
2994.393099	-68.778775
2997.386955	-70.276003
