# 2022-03-21_14.37.54
# shape = sech2
# FWHM_ps = 0.1
# carrier_nm = 1542
# frep_MHz = 12126
# pow_mW = 8000
# GDD = 0.0
# propa_len = 0.14444444444444446
# untap_len = 0.01
# taper_len = 0.08444444444444445
# waist_len = 0.02
# uptap_len = 0.02
# untap_scale = 1.0
# waist_scale = 0.16666666666666669
# workingDir = NL_20110305_12 (Spirou)
# axis = slow
# window_ps = 10.0
# steps = 200
# points = 13000
# 
# wavelength [nm]	 power spectral density [dB]
1000.248639	-24.322119
1000.582480	-24.269138
1000.916545	-24.406227
1001.250832	-24.020743
1001.585343	-24.408537
1001.920077	-23.979774
1002.255035	-24.151142
1002.590218	-24.132858
1002.925624	-23.874243
1003.261255	-24.147337
1003.597111	-23.772523
1003.933192	-24.052379
1004.269497	-23.688762
1004.606029	-23.989580
1004.942785	-23.606967
1005.279768	-23.820207
1005.616977	-23.671541
1005.954412	-23.578831
1006.292074	-23.712884
1006.629962	-23.479942
1006.968077	-23.570340
1007.306420	-23.508380
1007.644990	-23.420125
1007.983787	-23.471510
1008.322813	-23.362148
1008.662067	-23.406488
1009.001549	-23.266359
1009.341259	-23.430798
1009.681199	-23.152792
1010.021367	-23.388515
1010.361765	-23.141520
1010.702392	-23.269218
1011.043250	-23.180912
1011.384337	-23.181558
1011.725654	-23.125442
1012.067202	-23.163656
1012.408980	-23.081805
1012.750989	-23.076987
1013.093230	-23.135666
1013.435702	-22.933255
1013.778405	-23.157673
1014.121341	-22.884153
1014.464508	-23.079464
1014.807908	-22.872882
1015.151540	-22.993115
1015.495405	-22.838956
1015.839503	-22.980967
1016.183835	-22.734514
1016.528400	-22.951750
1016.873198	-22.702997
1017.218231	-22.828383
1017.563498	-22.715263
1017.908999	-22.736236
1018.254735	-22.651832
1018.600707	-22.709839
1018.946913	-22.570091
1019.293354	-22.634982
1019.640032	-22.548491
1019.986945	-22.511110
1020.334094	-22.521084
1020.681480	-22.465844
1021.029102	-22.398411
1021.376961	-22.485177
1021.725058	-22.251654
1022.073391	-22.465266
1022.421962	-22.167777
1022.770772	-22.359379
1023.119819	-22.129868
1023.469104	-22.279988
1023.818628	-22.057394
1024.168391	-22.202865
1024.518393	-21.995196
1024.868634	-22.093736
1025.219115	-22.004424
1025.569836	-21.904712
1025.920796	-22.027125
1026.271997	-21.766899
1026.623438	-22.000870
1026.975121	-21.699363
1027.327044	-21.910270
1027.679208	-21.644377
1028.031614	-21.857672
1028.384262	-21.558837
1028.737152	-21.830616
1029.090284	-21.480170
1029.443659	-21.755585
1029.797276	-21.492432
1030.151137	-21.648049
1030.505240	-21.501199
1030.859587	-21.572574
1031.214178	-21.459729
1031.569013	-21.562665
1031.924093	-21.392585
1032.279417	-21.540460
1032.634985	-21.366596
1032.990799	-21.503107
1033.346858	-21.355191
1033.703162	-21.441408
1034.059712	-21.333103
1034.416509	-21.416886
1034.773551	-21.296726
1035.130841	-21.374601
1035.488377	-21.301094
1035.846160	-21.285371
1036.204190	-21.346429
1036.562468	-21.164974
1036.920994	-21.402197
1037.279768	-21.074705
1037.638790	-21.400521
1037.998061	-21.040914
1038.357581	-21.356039
1038.717350	-21.022514
1039.077368	-21.301320
1039.437636	-20.997903
1039.798154	-21.247331
1040.158922	-20.978682
1040.519940	-21.179109
1040.881209	-20.978965
1041.242729	-21.062764
1041.604501	-20.986960
1041.966524	-20.974609
1042.328798	-20.956994
1042.691325	-20.906183
1043.054103	-20.880423
1043.417135	-20.870185
1043.780419	-20.808508
1044.143956	-20.791866
1044.507746	-20.769072
1044.871791	-20.672836
1045.236088	-20.770272
1045.600641	-20.534512
1045.965447	-20.724738
1046.330508	-20.453782
1046.695824	-20.650092
1047.061395	-20.404962
1047.427222	-20.533105
1047.793304	-20.368041
1048.159642	-20.431293
1048.526237	-20.333610
1048.893088	-20.342705
1049.260196	-20.271086
1049.627561	-20.268045
1049.995183	-20.235119
1050.363063	-20.186785
1050.731201	-20.194971
1051.099597	-20.121668
1051.468251	-20.143264
1051.837164	-20.081420
1052.206336	-20.080970
1052.575767	-20.062640
1052.945458	-20.012543
1053.315409	-20.032203
1053.685619	-19.992575
1054.056090	-19.992549
1054.426821	-19.987832
1054.797814	-19.927145
1055.169067	-19.994519
1055.540582	-19.920437
1055.912359	-19.958610
1056.284398	-19.924805
1056.656698	-19.913333
1057.029262	-19.964983
1057.402088	-19.879701
1057.775177	-19.956003
1058.148530	-19.880481
1058.522146	-19.934215
1058.896027	-19.928318
1059.270171	-19.871107
1059.644580	-19.949799
1060.019254	-19.867567
1060.394193	-19.956891
1060.769397	-19.866902
1061.144867	-19.917986
1061.520602	-19.907367
1061.896604	-19.888370
1062.272872	-19.914301
1062.649407	-19.865274
1063.026210	-19.912980
1063.403279	-19.866899
1063.780616	-19.869619
1064.158221	-19.860434
1064.536094	-19.850564
1064.914235	-19.836064
1065.292645	-19.821467
1065.671325	-19.784322
1066.050273	-19.819960
1066.429491	-19.718735
1066.808979	-19.788619
1067.188738	-19.680738
1067.568766	-19.734242
1067.949066	-19.645181
1068.329636	-19.656177
1068.710478	-19.634038
1069.091592	-19.570887
1069.472977	-19.591585
1069.854635	-19.500847
1070.236565	-19.536599
1070.618768	-19.455055
1071.001243	-19.433169
1071.383993	-19.413293
1071.767016	-19.353131
1072.150313	-19.361146
1072.533884	-19.268532
1072.917730	-19.271767
1073.301850	-19.235067
1073.686246	-19.185554
1074.070917	-19.168457
1074.455864	-19.114552
1074.841087	-19.108863
1075.226586	-19.069887
1075.612362	-19.025373
1075.998415	-19.035048
1076.384745	-18.957868
1076.771353	-18.981439
1077.158238	-18.928289
1077.545401	-18.901196
1077.932843	-18.912619
1078.320564	-18.817241
1078.708564	-18.882531
1079.096842	-18.783836
1079.485401	-18.805917
1079.874240	-18.759313
1080.263358	-18.738729
1080.652757	-18.757646
1081.042438	-18.659664
1081.432399	-18.727829
1081.822641	-18.642611
1082.213166	-18.670931
1082.603972	-18.629038
1082.995061	-18.628646
1083.386433	-18.611301
1083.778087	-18.605136
1084.170025	-18.569847
1084.562246	-18.585352
1084.954751	-18.551300
1085.347541	-18.533443
1085.740615	-18.538936
1086.133973	-18.474848
1086.527617	-18.519690
1086.921546	-18.424528
1087.315761	-18.460105
1087.710262	-18.411560
1088.105050	-18.374642
1088.500124	-18.387611
1088.895485	-18.310709
1089.291134	-18.349837
1089.687070	-18.268101
1090.083294	-18.274808
1090.479806	-18.261180
1090.876607	-18.208083
1091.273696	-18.225763
1091.671075	-18.169228
1092.068744	-18.174414
1092.466702	-18.145838
1092.864950	-18.110828
1093.263489	-18.104197
1093.662319	-18.076573
1094.061440	-18.032711
1094.460852	-18.029084
1094.860555	-17.979281
1095.260551	-17.954790
1095.660840	-17.937092
1096.061421	-17.863035
1096.462295	-17.895902
1096.863462	-17.793902
1097.264923	-17.813998
1097.666678	-17.780733
1098.068727	-17.714592
1098.471071	-17.759429
1098.873710	-17.671378
1099.276644	-17.709936
1099.679874	-17.667752
1100.083400	-17.653004
1100.487222	-17.676722
1100.891340	-17.634251
1101.295756	-17.646642
1101.700468	-17.647495
1102.105478	-17.630530
1102.510787	-17.627586
1102.916393	-17.632216
1103.322298	-17.594640
1103.728502	-17.628367
1104.135005	-17.565014
1104.541807	-17.580424
1104.948909	-17.565869
1105.356312	-17.502503
1105.764015	-17.544486
1106.172019	-17.466695
1106.580324	-17.466736
1106.988931	-17.454360
1107.397840	-17.401999
1107.807051	-17.416797
1108.216564	-17.373137
1108.626380	-17.362305
1109.036500	-17.375777
1109.446923	-17.311826
1109.857649	-17.351714
1110.268680	-17.333052
1110.680016	-17.306197
1111.091657	-17.326099
1111.503602	-17.313417
1111.915854	-17.301694
1112.328411	-17.307128
1112.741275	-17.268656
1113.154445	-17.293593
1113.567922	-17.252237
1113.981706	-17.209261
1114.395798	-17.232925
1114.810198	-17.156011
1115.224906	-17.133889
1115.639923	-17.103894
1116.055249	-17.038729
1116.470884	-17.011877
1116.886829	-16.955343
1117.303084	-16.895505
1117.719650	-16.879568
1118.136526	-16.793611
1118.553713	-16.775141
1118.971212	-16.735410
1119.389022	-16.669389
1119.807145	-16.673055
1120.225580	-16.625383
1120.644328	-16.587543
1121.063389	-16.600405
1121.482763	-16.560506
1121.902452	-16.548438
1122.322454	-16.560539
1122.742771	-16.531710
1123.163404	-16.543302
1123.584351	-16.542205
1124.005614	-16.519890
1124.427193	-16.554513
1124.849089	-16.518908
1125.271301	-16.521506
1125.693830	-16.540243
1126.116677	-16.486949
1126.539842	-16.506079
1126.963324	-16.492815
1127.387126	-16.434958
1127.811246	-16.464085
1128.235685	-16.404309
1128.660444	-16.381291
1129.085522	-16.369505
1129.510922	-16.317148
1129.936641	-16.299629
1130.362682	-16.270312
1130.789044	-16.226971
1131.215728	-16.215459
1131.642734	-16.177575
1132.070063	-16.150634
1132.497714	-16.137899
1132.925689	-16.115220
1133.353987	-16.081340
1133.782610	-16.102071
1134.211556	-16.052651
1134.640827	-16.058069
1135.070424	-16.071133
1135.500345	-16.017263
1135.930593	-16.055866
1136.361166	-16.037455
1136.792067	-16.014228
1137.223294	-16.037267
1137.654848	-16.013022
1138.086730	-16.001758
1138.518940	-16.009814
1138.951479	-15.976602
1139.384346	-15.967812
1139.817543	-15.958595
1140.251069	-15.924505
1140.684925	-15.895965
1141.119111	-15.891961
1141.553628	-15.835709
1141.988475	-15.811231
1142.423655	-15.791769
1142.859166	-15.730873
1143.295009	-15.708378
1143.731185	-15.681288
1144.167694	-15.609180
1144.604536	-15.616094
1145.041711	-15.548339
1145.479221	-15.517787
1145.917065	-15.508491
1146.355245	-15.440645
1146.793759	-15.442246
1147.232609	-15.410377
1147.671795	-15.364979
1148.111317	-15.380165
1148.551177	-15.336584
1148.991373	-15.322787
1149.431907	-15.327952
1149.872779	-15.303773
1150.313989	-15.289405
1150.755538	-15.307378
1151.197426	-15.285438
1151.639653	-15.278341
1152.082220	-15.301786
1152.525128	-15.279688
1152.968376	-15.281704
1153.411966	-15.303156
1153.855897	-15.279219
1154.300169	-15.288451
1154.744784	-15.299585
1155.189742	-15.280276
1155.635042	-15.283531
1156.080687	-15.292259
1156.526674	-15.267796
1156.973007	-15.263904
1157.419683	-15.271020
1157.866705	-15.231635
1158.314072	-15.227791
1158.761786	-15.226546
1159.209845	-15.173853
1159.658251	-15.171221
1160.107004	-15.157659
1160.556104	-15.097298
1161.005553	-15.093588
1161.455349	-15.064719
1161.905494	-15.008437
1162.355989	-14.995549
1162.806832	-14.960463
1163.258026	-14.907175
1163.709570	-14.892735
1164.161464	-14.851172
1164.613710	-14.806419
1165.066307	-14.789556
1165.519256	-14.750142
1165.972558	-14.709890
1166.426212	-14.698926
1166.880219	-14.661516
1167.334580	-14.628833
1167.789295	-14.624754
1168.244364	-14.593578
1168.699788	-14.567461
1169.155567	-14.569579
1169.611702	-14.548668
1170.068193	-14.523687
1170.525041	-14.533375
1170.982245	-14.522037
1171.439807	-14.498876
1171.897726	-14.508738
1172.356004	-14.510288
1172.814640	-14.485014
1173.273635	-14.494107
1173.732989	-14.502841
1174.192703	-14.480766
1174.652778	-14.478152
1175.113213	-14.498452
1175.574009	-14.471716
1176.035167	-14.464747
1176.496687	-14.483403
1176.958569	-14.458523
1177.420814	-14.447312
1177.883422	-14.461029
1178.346394	-14.433386
1178.809730	-14.428271
1179.273430	-14.427157
1179.737496	-14.403554
1180.201927	-14.397412
1180.666723	-14.392925
1181.131886	-14.363816
1181.597416	-14.361505
1182.063312	-14.350900
1182.529576	-14.322756
1182.996209	-14.318641
1183.463209	-14.309148
1183.930579	-14.276680
1184.398317	-14.273406
1184.866426	-14.264338
1185.334904	-14.232018
1185.803754	-14.218730
1186.272974	-14.219675
1186.742566	-14.186248
1187.212529	-14.157173
1187.682865	-14.168213
1188.153574	-14.137091
1188.624656	-14.094217
1189.096112	-14.106601
1189.567942	-14.079522
1190.040147	-14.032397
1190.512726	-14.038629
1190.985681	-14.009917
1191.459012	-13.970091
1191.932720	-13.966761
1192.406804	-13.937173
1192.881265	-13.898174
1193.356104	-13.897336
1193.831322	-13.868544
1194.306918	-13.821120
1194.782893	-13.822604
1195.259248	-13.815593
1195.735982	-13.746585
1196.213097	-13.743711
1196.690593	-13.769676
1197.168471	-13.692378
1197.646730	-13.666273
1198.125371	-13.719526
1198.604395	-13.660087
1199.083803	-13.610709
1199.563594	-13.656635
1200.043769	-13.638579
1200.524329	-13.582492
1201.005273	-13.595606
1201.486604	-13.612864
1201.968320	-13.566899
1202.450422	-13.556483
1202.932912	-13.581199
1203.415789	-13.545861
1203.899054	-13.536687
1204.382707	-13.559287
1204.866748	-13.514196
1205.351179	-13.517326
1205.836000	-13.547275
1206.321211	-13.495734
1206.806812	-13.480442
1207.292805	-13.527946
1207.779189	-13.503782
1208.265965	-13.444376
1208.753134	-13.481167
1209.240696	-13.516133
1209.728651	-13.439452
1210.217000	-13.422916
1210.705744	-13.489793
1211.194883	-13.460160
1211.684417	-13.396708
1212.174347	-13.417648
1212.664673	-13.461934
1213.155396	-13.411648
1213.646516	-13.353443
1214.138034	-13.406592
1214.629951	-13.424336
1215.122266	-13.343216
1215.614980	-13.320415
1216.108095	-13.382571
1216.601609	-13.365774
1217.095524	-13.262521
1217.589841	-13.289545
1218.084559	-13.354691
1218.579679	-13.252139
1219.075202	-13.201807
1219.571128	-13.271511
1220.067458	-13.255212
1220.564191	-13.154429
1221.061330	-13.155765
1221.558874	-13.217961
1222.056823	-13.133854
1222.555178	-13.068767
1223.053940	-13.128506
1223.553109	-13.105200
1224.052686	-13.026742
1224.552671	-13.023427
1225.053065	-13.049227
1225.553867	-13.001605
1226.055079	-12.942545
1226.556702	-12.975370
1227.058735	-12.960642
1227.561179	-12.899403
1228.064035	-12.899878
1228.567303	-12.901482
1229.070983	-12.875748
1229.575077	-12.836128
1230.079585	-12.844130
1230.584506	-12.840411
1231.089842	-12.796500
1231.595594	-12.795803
1232.101761	-12.791437
1232.608345	-12.774406
1233.115345	-12.753558
1233.622762	-12.748979
1234.130597	-12.748467
1234.638851	-12.720894
1235.147523	-12.720631
1235.656615	-12.712903
1236.166126	-12.701118
1236.676058	-12.694788
1237.186411	-12.682447
1237.697185	-12.685754
1238.208381	-12.665300
1238.719999	-12.667699
1239.232040	-12.663148
1239.744505	-12.644850
1240.257394	-12.652371
1240.770708	-12.638921
1241.284446	-12.639710
1241.798610	-12.622010
1242.313201	-12.627373
1242.828218	-12.628381
1243.343662	-12.600699
1243.859534	-12.613401
1244.375834	-12.604523
1244.892563	-12.602045
1245.409721	-12.582823
1245.927309	-12.586100
1246.445327	-12.596262
1246.963777	-12.560894
1247.482657	-12.569587
1248.001970	-12.566293
1248.521716	-12.564420
1249.041894	-12.539419
1249.562506	-12.538794
1250.083553	-12.555818
1250.605034	-12.518066
1251.126950	-12.519845
1251.649302	-12.516203
1252.172091	-12.519673
1252.695316	-12.489711
1253.218979	-12.483742
1253.743079	-12.501896
1254.267619	-12.468443
1254.792597	-12.464019
1255.318015	-12.453793
1255.843874	-12.465147
1256.370173	-12.432546
1256.896913	-12.421114
1257.424095	-12.435825
1257.951720	-12.408086
1258.479787	-12.402871
1259.008298	-12.380445
1259.537254	-12.398687
1260.066654	-12.365557
1260.596499	-12.353122
1261.126790	-12.356503
1261.657527	-12.339546
1262.188711	-12.331836
1262.720342	-12.302365
1263.252422	-12.321077
1263.784950	-12.290479
1264.317928	-12.281913
1264.851355	-12.268654
1265.385232	-12.266530
1265.919560	-12.253508
1266.454340	-12.226323
1266.989572	-12.238293
1267.525256	-12.214364
1268.061394	-12.212456
1268.597985	-12.185415
1269.135031	-12.197116
1269.672531	-12.177426
1270.210487	-12.163670
1270.748899	-12.159985
1271.287768	-12.150428
1271.827094	-12.149504
1272.366877	-12.119505
1272.907119	-12.137153
1273.447820	-12.113813
1273.988981	-12.116739
1274.530601	-12.094357
1275.072683	-12.104785
1275.615226	-12.093153
1276.158230	-12.076555
1276.701697	-12.083213
1277.245627	-12.068239
1277.790021	-12.075359
1278.334879	-12.045458
1278.880202	-12.065271
1279.425991	-12.043210
1279.972245	-12.047122
1280.518966	-12.028124
1281.066155	-12.035617
1281.613811	-12.026571
1282.161936	-12.012514
1282.710529	-12.014250
1283.259593	-12.004502
1283.809126	-12.006099
1284.359131	-11.983008
1284.909607	-11.994129
1285.460555	-11.978032
1286.011976	-11.979431
1286.563870	-11.960231
1287.116237	-11.969086
1287.669080	-11.955711
1288.222397	-11.951151
1288.776191	-11.940399
1289.330460	-11.943972
1289.885207	-11.935076
1290.440431	-11.924683
1290.996133	-11.922545
1291.552314	-11.921077
1292.108975	-11.915332
1292.666115	-11.902280
1293.223737	-11.906373
1293.781839	-11.902285
1294.340424	-11.895485
1294.899491	-11.885994
1295.459041	-11.888339
1296.019075	-11.887294
1296.579593	-11.876068
1297.140597	-11.871817
1297.702086	-11.872548
1298.264061	-11.872825
1298.826524	-11.859307
1299.389474	-11.857228
1299.952912	-11.858877
1300.516839	-11.855340
1301.081255	-11.845742
1301.646162	-11.839296
1302.211559	-11.848270
1302.777448	-11.835796
1303.343829	-11.834655
1303.910702	-11.820601
1304.478069	-11.838532
1305.045930	-11.816741
1305.614285	-11.823661
1306.183136	-11.804328
1306.752483	-11.827076
1307.322326	-11.802009
1307.892666	-11.812084
1308.463504	-11.791663
1309.034841	-11.816408
1309.606677	-11.790534
1310.179012	-11.802120
1310.751849	-11.782278
1311.325186	-11.807865
1311.899025	-11.782859
1312.473366	-11.794708
1313.048211	-11.776549
1313.623559	-11.802220
1314.199412	-11.778530
1314.775770	-11.790626
1315.352634	-11.774325
1315.930004	-11.798904
1316.507881	-11.778757
1317.086266	-11.788941
1317.665159	-11.775230
1318.244562	-11.799223
1318.824474	-11.781820
1319.404897	-11.790724
1319.985831	-11.779845
1320.567276	-11.802087
1321.149234	-11.788610
1321.731706	-11.796249
1322.314691	-11.786941
1322.898190	-11.809280
1323.482205	-11.798572
1324.066736	-11.806708
1324.651783	-11.796620
1325.237347	-11.820217
1325.823430	-11.810738
1326.410031	-11.820020
1326.997151	-11.808096
1327.584791	-11.833067
1328.172952	-11.823182
1328.761634	-11.834809
1329.350839	-11.819030
1329.940566	-11.845194
1330.530817	-11.835232
1331.121592	-11.848369
1331.712891	-11.829639
1332.304716	-11.855132
1332.897068	-11.845344
1333.489946	-11.860400
1334.083352	-11.838562
1334.677287	-11.862331
1335.271750	-11.853475
1335.866744	-11.868941
1336.462268	-11.847311
1337.058323	-11.867428
1337.654910	-11.860518
1338.252029	-11.877455
1338.849682	-11.856966
1339.447869	-11.872685
1340.046591	-11.868844
1340.645848	-11.884986
1341.245641	-11.869763
1341.845972	-11.879833
1342.446840	-11.878581
1343.048246	-11.894134
1343.650191	-11.883941
1344.252677	-11.888013
1344.855702	-11.889670
1345.459269	-11.902425
1346.063379	-11.899576
1346.668030	-11.898856
1347.273226	-11.902375
1347.878965	-11.912297
1348.485250	-11.915788
1349.092080	-11.912090
1349.699456	-11.915813
1350.307380	-11.923805
1350.915851	-11.932006
1351.524871	-11.928076
1352.134441	-11.931196
1352.744560	-11.936545
1353.355231	-11.947794
1353.966453	-11.945278
1354.578227	-11.947275
1355.190555	-11.949603
1355.803436	-11.962657
1356.416872	-11.961626
1357.030863	-11.964647
1357.645411	-11.962632
1358.260515	-11.977128
1358.876177	-11.976538
1359.492397	-11.982481
1360.109176	-11.975019
1360.726516	-11.990031
1361.344416	-11.989127
1361.962877	-11.998223
1362.581901	-11.989406
1363.201487	-12.001230
1363.821637	-12.003694
1364.442352	-12.011551
1365.063632	-12.009149
1365.685478	-12.011119
1366.307891	-12.021545
1366.930871	-12.023815
1367.554420	-12.032084
1368.178538	-12.024081
1368.803226	-12.042850
1369.428485	-12.037724
1370.054315	-12.057572
1370.680717	-12.043867
1371.307693	-12.064823
1371.935242	-12.060946
1372.563366	-12.081070
1373.192065	-12.076559
1373.821341	-12.087192
1374.451193	-12.095850
1375.081623	-12.105151
1375.712632	-12.118636
1376.344221	-12.115282
1376.976389	-12.137950
1377.609139	-12.136711
1378.242470	-12.164301
1378.876384	-12.157141
1379.510881	-12.181051
1380.145963	-12.184620
1380.781629	-12.207699
1381.417881	-12.216368
1382.054720	-12.225673
1382.692147	-12.246880
1383.330161	-12.254038
1383.968765	-12.284668
1384.607959	-12.279562
1385.247743	-12.312364
1385.888119	-12.312839
1386.529087	-12.347519
1387.170648	-12.350397
1387.812804	-12.371564
1388.455554	-12.388080
1389.098899	-12.405054
1389.742842	-12.432931
1390.387381	-12.434662
1391.032519	-12.468449
1391.678256	-12.472961
1392.324592	-12.510902
1392.971529	-12.514979
1393.619068	-12.541680
1394.267208	-12.558947
1394.915952	-12.579819
1395.565300	-12.607978
1396.215253	-12.613574
1396.865812	-12.648084
1397.516977	-12.653092
1398.168749	-12.690471
1398.821130	-12.696677
1399.474120	-12.722015
1400.127719	-12.739383
1400.781930	-12.757405
1401.436752	-12.788732
1402.092186	-12.792014
1402.748234	-12.828598
1403.404897	-12.831720
1404.062174	-12.871578
1404.720067	-12.878861
1405.378577	-12.904430
1406.037705	-12.924950
1406.697451	-12.942115
1407.357817	-12.976449
1408.018803	-12.981670
1408.680410	-13.018236
1409.342639	-13.026243
1410.005492	-13.061264
1410.668968	-13.077902
1411.333068	-13.096823
1411.997795	-13.124320
1412.663147	-13.136594
1413.329127	-13.173454
1413.995736	-13.181261
1414.662973	-13.211779
1415.330840	-13.230534
1415.999339	-13.253384
1416.668469	-13.285752
1417.338232	-13.292979
1418.008628	-13.332214
1418.679659	-13.338789
1419.351325	-13.377784
1420.023628	-13.392513
1420.696568	-13.414358
1421.370145	-13.446481
1422.044362	-13.458095
1422.719219	-13.504401
1423.394717	-13.508971
1424.070856	-13.551119
1424.747638	-13.566265
1425.425064	-13.597303
1426.103134	-13.626863
1426.781850	-13.639227
1427.461212	-13.675963
1428.141221	-13.687370
1428.821878	-13.723331
1429.503185	-13.744181
1430.185141	-13.765406
1430.867749	-13.801029
1431.551008	-13.817214
1432.234920	-13.857934
1432.919486	-13.875252
1433.604707	-13.900531
1434.290583	-13.931608
1434.977116	-13.940611
1435.664307	-13.981874
1436.352156	-13.980477
1437.040664	-14.016723
1437.729833	-14.029493
1438.419663	-14.053597
1439.110156	-14.087565
1439.801312	-14.096802
1440.493132	-14.141422
1441.185617	-14.154510
1441.878768	-14.190580
1442.572586	-14.213648
1443.267072	-14.226938
1443.962228	-14.255691
1444.658053	-14.262118
1445.354549	-14.280775
1446.051717	-14.296368
1446.749558	-14.296621
1447.448073	-14.331281
1448.147263	-14.332152
1448.847128	-14.370416
1449.547671	-14.389464
1450.248891	-14.412887
1450.950789	-14.456526
1451.653368	-14.467025
1452.356627	-14.508385
1453.060568	-14.515903
1453.765192	-14.529592
1454.470500	-14.545947
1455.176492	-14.535372
1455.883170	-14.547049
1456.590534	-14.537663
1457.298586	-14.534922
1458.007327	-14.554092
1458.716758	-14.545991
1459.426880	-14.583607
1460.137693	-14.592146
1460.849199	-14.626866
1461.561398	-14.664410
1462.274293	-14.683516
1462.987883	-14.720879
1463.702170	-14.729859
1464.417155	-14.734212
1465.132838	-14.739700
1465.849222	-14.703835
1466.566306	-14.687363
1467.284093	-14.639858
1468.002582	-14.595264
1468.721775	-14.565600
1469.441674	-14.514161
1470.162278	-14.497268
1470.883590	-14.479449
1471.605609	-14.469783
1472.328338	-14.497687
1473.051777	-14.504861
1473.775928	-14.542029
1474.500790	-14.578590
1475.226367	-14.595328
1475.952657	-14.634427
1476.679663	-14.628377
1477.407386	-14.618595
1478.135826	-14.597170
1478.864985	-14.532916
1479.594863	-14.481372
1480.325463	-14.400702
1481.056784	-14.312213
1481.788828	-14.250018
1482.521597	-14.168295
1483.255090	-14.125427
1483.989309	-14.101119
1484.724256	-14.087172
1485.459931	-14.130916
1486.196336	-14.184591
1486.933471	-14.272779
1487.671337	-14.404545
1488.409937	-14.531841
1489.149270	-14.699923
1489.889337	-14.865910
1490.630141	-15.010353
1491.371682	-15.159154
1492.113961	-15.245703
1492.856979	-15.292662
1493.600738	-15.292062
1494.345238	-15.201814
1495.090481	-15.081504
1495.836467	-14.899803
1496.583198	-14.679416
1497.330675	-14.462050
1498.078899	-14.217695
1498.827872	-13.992344
1499.577593	-13.793372
1500.328065	-13.598124
1501.079289	-13.451535
1501.831265	-13.324029
1502.583995	-13.216085
1503.337480	-13.152347
1504.091721	-13.094258
1504.846719	-13.055314
1505.602475	-13.038876
1506.358991	-13.005458
1507.116268	-12.982724
1507.874306	-12.944272
1508.633108	-12.866708
1509.392673	-12.769563
1510.153004	-12.613392
1510.914101	-12.400276
1511.675965	-12.142524
1512.438599	-11.810716
1513.202002	-11.437633
1513.966176	-11.029695
1514.731122	-10.586708
1515.496842	-10.148306
1516.263336	-9.712913
1517.030607	-9.292479
1517.798654	-8.915580
1518.567479	-8.573563
1519.337083	-8.281747
1520.107468	-8.053955
1520.878634	-7.880093
1521.650584	-7.776345
1522.423317	-7.749922
1523.196836	-7.792125
1523.971141	-7.920983
1524.746233	-8.141277
1525.522115	-8.449600
1526.298786	-8.870316
1527.076249	-9.411277
1527.854504	-10.077770
1528.633553	-10.911197
1529.413397	-11.936443
1530.194037	-13.186775
1530.975474	-14.755396
1531.757709	-16.733960
1532.540745	-19.230078
1533.324581	-22.261903
1534.109220	-24.431457
1534.894662	-22.900673
1535.680909	-19.785587
1536.467961	-17.104318
1537.255821	-14.978859
1538.044489	-13.272988
1538.833967	-11.906088
1539.624256	-10.785493
1540.415357	-9.851611
1541.207271	-9.088514
1542.000000	-8.461355
1542.793545	-7.944939
1543.587907	-7.540788
1544.383087	-7.229155
1545.179088	-6.996954
1545.975909	-6.850580
1546.773552	-6.776468
1547.572019	-6.764537
1548.371311	-6.823151
1549.171428	-6.940840
1549.972373	-7.108687
1550.774147	-7.336211
1551.576751	-7.611822
1552.380185	-7.925834
1553.184453	-8.289760
1553.989554	-8.692763
1554.795490	-9.123295
1555.602263	-9.595656
1556.409873	-10.100138
1557.218322	-10.623921
1558.027612	-11.186407
1558.837743	-11.778002
1559.648717	-12.382248
1560.460536	-13.022778
1561.273200	-13.689084
1562.086710	-14.355113
1562.901069	-15.045369
1563.716278	-15.736710
1564.532337	-16.387370
1565.349249	-17.017931
1566.167014	-17.584806
1566.985634	-18.031201
1567.805111	-18.385981
1568.625444	-18.603507
1569.446637	-18.658405
1570.268690	-18.617533
1571.091605	-18.458547
1571.915382	-18.192916
1572.740024	-17.896798
1573.565532	-17.550744
1574.391907	-17.164246
1575.219150	-16.794252
1576.047262	-16.415085
1576.876246	-16.025883
1577.706103	-15.671145
1578.536833	-15.326502
1579.368439	-14.982538
1580.200922	-14.676082
1581.034282	-14.389849
1581.868522	-14.108707
1582.703643	-13.865437
1583.539646	-13.648388
1584.376532	-13.439105
1585.214304	-13.265350
1586.052962	-13.122992
1586.892508	-12.989546
1587.732943	-12.887814
1588.574269	-12.818957
1589.416487	-12.759307
1590.259599	-12.726696
1591.103605	-12.727130
1591.948508	-12.735897
1592.794309	-12.765284
1593.641009	-12.825936
1594.488609	-12.893636
1595.337112	-12.974705
1596.186518	-13.082949
1597.036829	-13.195426
1597.888047	-13.313499
1598.740172	-13.453837
1599.593207	-13.595461
1600.447153	-13.733188
1601.302010	-13.886054
1602.157782	-14.037435
1603.014469	-14.176149
1603.872072	-14.322073
1604.730593	-14.463959
1605.590034	-14.585821
1606.450397	-14.707773
1607.311681	-14.826891
1608.173890	-14.922368
1609.037024	-15.011873
1609.901085	-15.101756
1610.766075	-15.170931
1611.631995	-15.231893
1612.498846	-15.298781
1613.366630	-15.351073
1614.235349	-15.394501
1615.105004	-15.449740
1615.975596	-15.499134
1616.847128	-15.539266
1617.719600	-15.592713
1618.593014	-15.647756
1619.467372	-15.693410
1620.342675	-15.751286
1621.218924	-15.815499
1622.096122	-15.867842
1622.974270	-15.926839
1623.853369	-15.993962
1624.733420	-16.047258
1625.614427	-16.097745
1626.496389	-16.154282
1627.379308	-16.194829
1628.263187	-16.223551
1629.148026	-16.254657
1630.033828	-16.269784
1630.920593	-16.264721
1631.808324	-16.257532
1632.697022	-16.238790
1633.586688	-16.197957
1634.477324	-16.152208
1635.368932	-16.102281
1636.261514	-16.035388
1637.155070	-15.964133
1638.049602	-15.897041
1638.945113	-15.821058
1639.841603	-15.740750
1640.739075	-15.669267
1641.637529	-15.596776
1642.536968	-15.519725
1643.437393	-15.450872
1644.338806	-15.386193
1645.241209	-15.316666
1646.144602	-15.251484
1647.048988	-15.191841
1647.954368	-15.126157
1648.860744	-15.058877
1649.768118	-14.996602
1650.676491	-14.929622
1651.585865	-14.857028
1652.496241	-14.788264
1653.407621	-14.719329
1654.320008	-14.644877
1655.233401	-14.573586
1656.147804	-14.507107
1657.063218	-14.438006
1657.979645	-14.370893
1658.897085	-14.311638
1659.815542	-14.253911
1660.735016	-14.196024
1661.655509	-14.145029
1662.577023	-14.098365
1663.499560	-14.049557
1664.423121	-14.003056
1665.347709	-13.960895
1666.273324	-13.916448
1667.199969	-13.870106
1668.127645	-13.827852
1669.056353	-13.786435
1669.986097	-13.741912
1670.916877	-13.700448
1671.848695	-13.663429
1672.781553	-13.624880
1673.715452	-13.586556
1674.650395	-13.553917
1675.586383	-13.522701
1676.523418	-13.489450
1677.461501	-13.459525
1678.400635	-13.433000
1679.340821	-13.404103
1680.282061	-13.375015
1681.224357	-13.349957
1682.167710	-13.324616
1683.112122	-13.296789
1684.057595	-13.271902
1685.004132	-13.250102
1685.951732	-13.226587
1686.900400	-13.203514
1687.850135	-13.184509
1688.800940	-13.165847
1689.752818	-13.145409
1690.705768	-13.127356
1691.659795	-13.111702
1692.614898	-13.094158
1693.571081	-13.076483
1694.528345	-13.061983
1695.486691	-13.047748
1696.446122	-13.031803
1697.406640	-13.018060
1698.368245	-13.007076
1699.330941	-12.994692
1700.294729	-12.982087
1701.259611	-12.972617
1702.225588	-12.963850
1703.192664	-12.953521
1704.160838	-12.944920
1705.130114	-12.938829
1706.100493	-12.931668
1707.071977	-12.924142
1708.044568	-12.919286
1709.018268	-12.915039
1709.993079	-12.908971
1710.969003	-12.903824
1711.946041	-12.900882
1712.924196	-12.896788
1713.903469	-12.891419
1714.883862	-12.888298
1715.865378	-12.886205
1716.848017	-12.881973
1717.831783	-12.877912
1718.816677	-12.876410
1719.802701	-12.874107
1720.789857	-12.869805
1721.778147	-12.867223
1722.767573	-12.866274
1723.758136	-12.863412
1724.749840	-12.859725
1725.742685	-12.858433
1726.736673	-12.857620
1727.731808	-12.854889
1728.728090	-12.852955
1729.725521	-12.853886
1730.724105	-12.854461
1731.723842	-12.853486
1732.724735	-12.854534
1733.726785	-12.857757
1734.729995	-12.859369
1735.734366	-12.860572
1736.739902	-12.864764
1737.746603	-12.869833
1738.754472	-12.873242
1739.763510	-12.877532
1740.773721	-12.884139
1741.785105	-12.890251
1742.797665	-12.894858
1743.811403	-12.900849
1744.826321	-12.908526
1745.842422	-12.915030
1746.859706	-12.920792
1747.878177	-12.928535
1748.897835	-12.937022
1749.918685	-12.943856
1750.940726	-12.950683
1751.963963	-12.959467
1752.988395	-12.968276
1754.014027	-12.975822
1755.040860	-12.984090
1756.068895	-12.993885
1757.098135	-13.002976
1758.128583	-13.011217
1759.160240	-13.020951
1760.193109	-13.031897
1761.227191	-13.042039
1762.262488	-13.052166
1763.299004	-13.063735
1764.336740	-13.075396
1765.375697	-13.085814
1766.415880	-13.096977
1767.457288	-13.109835
1768.499926	-13.122525
1769.543794	-13.134515
1770.588895	-13.147474
1771.635231	-13.161367
1772.682805	-13.174269
1773.731619	-13.186371
1774.781674	-13.199753
1775.832973	-13.214068
1776.885519	-13.227562
1777.939312	-13.240946
1778.994357	-13.255521
1780.050654	-13.270211
1781.108207	-13.283551
1782.167017	-13.296549
1783.227087	-13.310538
1784.288418	-13.324477
1785.351013	-13.337561
1786.414875	-13.351349
1787.480006	-13.366280
1788.546407	-13.380705
1789.614082	-13.394246
1790.683032	-13.408267
1791.753259	-13.423139
1792.824767	-13.437557
1793.897557	-13.451681
1794.971632	-13.466895
1796.046994	-13.482659
1797.123645	-13.497812
1798.201588	-13.512763
1799.280824	-13.528604
1800.361357	-13.545041
1801.443188	-13.561019
1802.526320	-13.577286
1803.610756	-13.594653
1804.696497	-13.612441
1805.783546	-13.630008
1806.871906	-13.647899
1807.961578	-13.666899
1809.052565	-13.686154
1810.144870	-13.704997
1811.238494	-13.724075
1812.333441	-13.743499
1813.429713	-13.762508
1814.527311	-13.780763
1815.626239	-13.799127
1816.726499	-13.817740
1817.828094	-13.835703
1818.931025	-13.853119
1820.035295	-13.870633
1821.140906	-13.887998
1822.247862	-13.904517
1823.356165	-13.920434
1824.465816	-13.936496
1825.576819	-13.952129
1826.689175	-13.966857
1827.802888	-13.981158
1828.917960	-13.995488
1830.034394	-14.009335
1831.152191	-14.022136
1832.271354	-14.034649
1833.391887	-14.047212
1834.513790	-14.059313
1835.637068	-14.070739
1836.761722	-14.082166
1837.887755	-14.093787
1839.015169	-14.104714
1840.143968	-14.114649
1841.274153	-14.124481
1842.405727	-14.134473
1843.538693	-14.144006
1844.673053	-14.153166
1845.808810	-14.162879
1846.945966	-14.172699
1848.084525	-14.181440
1849.224488	-14.189395
1850.365858	-14.197408
1851.508638	-14.205366
1852.652831	-14.212762
1853.798438	-14.219912
1854.945463	-14.227164
1856.093909	-14.234025
1857.243777	-14.239657
1858.395071	-14.244481
1859.547794	-14.249723
1860.701947	-14.255210
1861.857533	-14.260297
1863.014556	-14.265294
1864.173018	-14.270289
1865.332922	-14.274462
1866.494270	-14.277619
1867.657065	-14.280254
1868.821309	-14.282840
1869.987006	-14.284775
1871.154158	-14.285828
1872.322768	-14.286605
1873.492839	-14.286705
1874.664373	-14.285773
1875.837373	-14.283661
1877.011841	-14.280875
1878.187782	-14.277599
1879.365197	-14.273360
1880.544089	-14.268182
1881.724460	-14.262254
1882.906315	-14.255578
1884.089655	-14.247907
1885.274483	-14.239482
1886.460803	-14.230887
1887.648616	-14.222028
1888.837927	-14.212088
1890.028736	-14.201346
1891.221049	-14.190123
1892.414866	-14.178271
1893.610192	-14.165638
1894.807028	-14.152552
1896.005379	-14.139198
1897.205246	-14.125130
1898.406633	-14.110061
1899.609542	-14.094401
1900.813977	-14.078823
1902.019940	-14.062888
1903.227434	-14.046131
1904.436462	-14.028939
1905.647028	-14.011944
1906.859133	-13.994797
1908.072781	-13.977078
1909.287976	-13.959561
1910.504719	-13.942650
1911.723013	-13.925450
1912.942863	-13.907438
1914.164270	-13.889689
1915.387238	-13.872350
1916.611770	-13.854410
1917.837868	-13.835899
1919.065536	-13.818096
1920.294777	-13.800831
1921.525594	-13.783012
1922.757989	-13.764453
1923.991967	-13.745817
1925.227529	-13.726959
1926.464679	-13.707879
1927.703420	-13.688833
1928.943755	-13.669964
1930.185688	-13.650867
1931.429221	-13.631342
1932.674356	-13.611343
1933.921099	-13.591065
1935.169451	-13.570617
1936.419415	-13.549883
1937.670996	-13.528382
1938.924195	-13.506178
1940.179017	-13.483497
1941.435463	-13.459915
1942.693538	-13.434999
1943.953245	-13.409378
1945.214586	-13.383959
1946.477566	-13.359021
1947.742186	-13.334123
1949.008451	-13.309134
1950.276363	-13.283828
1951.545926	-13.258005
1952.817143	-13.232014
1954.090017	-13.206680
1955.364551	-13.182188
1956.640749	-13.158397
1957.918615	-13.134839
1959.198150	-13.111133
1960.479359	-13.087133
1961.762244	-13.063457
1963.046810	-13.040679
1964.333059	-13.018640
1965.620995	-12.996438
1966.910621	-12.973917
1968.201940	-12.951692
1969.494956	-12.930324
1970.789672	-12.909593
1972.086091	-12.889369
1973.384217	-12.869828
1974.684053	-12.851194
1975.985602	-12.833174
1977.288869	-12.815277
1978.593855	-12.797585
1979.900566	-12.780506
1981.209003	-12.764072
1982.519171	-12.748188
1983.831073	-12.732493
1985.144712	-12.716439
1986.460093	-12.699523
1987.777217	-12.681751
1989.096089	-12.663726
1990.416713	-12.645822
1991.739092	-12.627763
1993.063228	-12.609061
1994.389127	-12.589683
1995.716791	-12.569812
1997.046223	-12.549906
1998.377428	-12.530455
1999.710409	-12.511338
2001.045169	-12.492069
2002.381713	-12.472533
2003.720043	-12.453284
2005.060163	-12.434872
2006.402077	-12.417146
2007.745788	-12.399396
2009.091301	-12.381536
2010.438618	-12.364029
2011.787743	-12.347273
2013.138680	-12.331174
2014.491433	-12.315594
2015.846005	-12.300653
2017.202399	-12.286745
2018.560621	-12.274080
2019.920673	-12.262456
2021.282558	-12.251349
2022.646281	-12.240654
2024.011846	-12.230719
2025.379256	-12.221663
2026.748515	-12.213174
2028.119626	-12.204772
2029.492594	-12.196362
2030.867422	-12.188252
2032.244114	-12.180547
2033.622673	-12.173221
2035.003104	-12.165980
2036.385411	-12.158782
2037.769597	-12.152029
2039.155665	-12.146140
2040.543621	-12.140845
2041.933467	-12.135663
2043.325208	-12.130427
2044.718847	-12.125140
2046.114389	-12.119643
2047.511837	-12.113485
2048.911195	-12.106194
2050.312467	-12.097493
2051.715657	-12.087705
2053.120769	-12.077299
2054.527807	-12.066260
2055.936775	-12.054862
2057.347677	-12.043885
2058.760516	-12.033966
2060.175297	-12.025624
2061.592025	-12.019325
2063.010701	-12.015415
2064.431332	-12.014250
2065.853921	-12.016094
2067.278472	-12.020959
2068.704988	-12.028543
2070.133475	-12.038192
2071.563936	-12.049353
2072.996375	-12.061556
2074.430796	-12.074145
2075.867204	-12.086244
2077.305603	-12.097233
2078.745996	-12.107047
2080.188389	-12.115039
2081.632784	-12.120271
2083.079187	-12.122567
2084.527601	-12.122345
2085.978030	-12.120111
2087.430480	-12.116416
2088.884954	-12.111816
2090.341455	-12.106624
2091.799990	-12.101169
2093.260561	-12.096001
2094.723173	-12.091817
2096.187831	-12.089137
2097.654538	-12.088273
2099.123300	-12.089368
2100.594119	-12.092353
2102.067001	-12.097222
2103.541950	-12.104166
2105.018971	-12.113393
2106.498067	-12.124477
2107.979243	-12.137222
2109.462503	-12.152392
2110.947853	-12.170486
2112.435295	-12.191059
2113.924836	-12.213748
2115.416478	-12.238152
2116.910227	-12.264231
2118.406087	-12.292196
2119.904063	-12.322066
2121.404158	-12.353237
2122.906378	-12.384106
2124.410727	-12.413375
2125.917210	-12.440655
2127.425831	-12.465655
2128.936594	-12.487946
2130.449505	-12.507296
2131.964567	-12.523881
2133.481786	-12.537946
2135.001166	-12.549503
2136.522711	-12.558937
2138.046427	-12.567099
2139.572317	-12.574663
2141.100388	-12.582421
2142.630642	-12.591528
2144.163085	-12.603016
2145.697722	-12.616740
2147.234558	-12.632720
2148.773596	-12.651568
2150.314842	-12.673341
2151.858301	-12.697562
2153.403977	-12.723773
2154.951875	-12.751569
2156.502000	-12.780695
2158.054357	-12.811035
2159.608950	-12.841843
2161.165785	-12.872343
2162.724866	-12.902623
2164.286198	-12.932986
2165.849786	-12.963366
2167.415635	-12.993953
2168.983749	-13.024853
2170.554134	-13.055714
2172.126795	-13.086550
2173.701737	-13.118046
2175.278964	-13.150625
2176.858481	-13.184206
2178.440294	-13.218715
2180.024408	-13.254437
2181.610827	-13.291723
2183.199557	-13.330366
2184.790602	-13.369899
2186.383968	-13.410771
2187.979660	-13.453609
2189.577683	-13.497280
2191.178041	-13.540506
2192.780741	-13.584340
2194.385787	-13.629925
2195.993185	-13.676294
2197.602939	-13.723077
2199.215054	-13.764168
