# 2022-03-22_10.16.32
# shape = sech2
# FWHM_ps = 0.11
# carrier_nm = 1542
# frep_MHz = 12126
# pow_mW = 8000
# GDD = 0.0
# propa_len = 0.12555555555555556
# untap_len = 0.01
# taper_len = 0.06555555555555556
# waist_len = 0.02
# uptap_len = 0.02
# untap_scale = 1.0
# waist_scale = 0.11578947368421054
# workingDir = NL_20110305_12 (Spirou)
# axis = slow
# window_ps = 10.0
# steps = 200
# points = 21700
# 
# wavelength [nm]	 power spectral density [dB]
600.043425	-78.557613
600.163550	-79.844268
600.283723	-79.276645
600.403943	-79.883692
600.524212	-78.900453
600.644529	-81.574934
600.764895	-80.623276
600.885308	-79.957429
601.005770	-80.179543
601.126280	-83.079335
601.246839	-83.385848
601.367446	-81.124143
601.488101	-77.996696
601.608804	-77.527397
601.729557	-79.818878
601.850357	-90.568344
601.971206	-79.276296
602.092104	-76.573378
602.213050	-76.784145
602.334045	-81.887550
602.455089	-83.477659
602.576181	-78.530853
602.697322	-78.183857
602.818511	-79.045087
602.939749	-80.435609
603.061036	-80.724741
603.182372	-80.692419
603.303757	-79.989156
603.425191	-79.257262
603.546673	-79.028039
603.668204	-80.772679
603.789785	-81.308608
603.911414	-82.026123
604.033092	-78.023577
604.154820	-77.604439
604.276596	-78.970715
604.398422	-81.980857
604.520297	-80.818839
604.642220	-78.682901
604.764193	-79.368836
604.886216	-80.915375
605.008287	-78.442800
605.130408	-78.100669
605.252578	-79.775416
605.374798	-84.272290
605.497066	-77.169039
605.619385	-76.638671
605.741752	-78.337878
605.864169	-79.802254
605.986636	-78.834687
606.109152	-77.947300
606.231718	-81.232374
606.354333	-79.052288
606.476998	-78.146393
606.599712	-76.681540
606.722476	-79.447416
606.845290	-84.864964
606.968154	-79.133204
607.091067	-75.781490
607.214030	-75.950414
607.337043	-82.434746
607.460106	-88.261750
607.583219	-78.792172
607.706381	-74.872021
607.829594	-78.912058
607.952856	-84.085162
608.076169	-79.942839
608.199531	-77.654194
608.322944	-80.726963
608.446407	-79.441194
608.569920	-78.027694
608.693483	-77.576900
608.817096	-77.404126
608.940759	-80.382243
609.064473	-86.116190
609.188237	-77.128341
609.312051	-74.270927
609.435916	-78.864939
609.559831	-90.881366
609.683796	-79.122478
609.807812	-74.514354
609.931878	-78.000502
610.055995	-83.780215
610.180162	-82.137104
610.304380	-75.509346
610.428648	-76.277083
610.552967	-80.539143
610.677337	-80.700738
610.801757	-78.855721
610.926228	-76.404529
611.050750	-75.322845
611.175323	-78.419320
611.299946	-89.565128
611.424620	-80.808970
611.549345	-74.473307
611.674121	-77.775582
611.798948	-80.785438
611.923826	-77.769058
612.048755	-75.819939
612.173734	-80.763070
612.298765	-77.564536
612.423847	-77.471910
612.548980	-76.412422
612.674165	-76.089116
612.799400	-79.533107
612.924687	-79.112249
613.050025	-78.178757
613.175414	-74.602775
613.300854	-77.718410
613.426346	-76.160516
613.551889	-76.225946
613.677484	-78.700631
613.803130	-79.753640
613.928827	-76.484877
614.054576	-73.719295
614.180377	-78.280289
614.306229	-80.517838
614.432132	-77.320828
614.558087	-76.363832
614.684094	-75.770646
614.810153	-79.830549
614.936263	-84.799390
615.062425	-77.132159
615.188639	-73.384470
615.314904	-76.884261
615.441222	-86.109461
615.567591	-79.795102
615.694012	-74.261123
615.820486	-75.254695
615.947011	-76.662426
616.073588	-80.789536
616.200217	-82.051607
616.326898	-75.630966
616.453632	-73.904109
616.580417	-79.429495
616.707255	-88.203987
616.834144	-76.979172
616.961086	-72.549900
617.088081	-74.870647
617.215127	-83.120263
617.342226	-82.746074
617.469378	-76.042044
617.596581	-73.371269
617.723837	-76.006709
617.851146	-77.222491
617.978507	-79.190304
618.105920	-76.463758
618.233386	-77.527453
618.360905	-74.365372
618.488476	-74.082675
618.616100	-79.451937
618.743777	-79.217693
618.871506	-75.762462
618.999288	-75.649141
619.127123	-76.214199
619.255011	-78.067857
619.382951	-77.156554
619.510945	-75.778155
619.638991	-76.619655
619.767090	-73.147659
619.895243	-76.107111
620.023448	-80.476992
620.151706	-79.438086
620.280017	-73.971401
620.408382	-73.401341
620.536799	-76.938113
620.665270	-79.830446
620.793794	-79.441351
620.922371	-74.132748
621.051002	-73.559961
621.179686	-78.472412
621.308423	-86.654105
621.437213	-76.412684
621.566057	-71.798050
621.694954	-74.956019
621.823905	-79.656962
621.952909	-76.923335
622.081967	-76.152253
622.211079	-75.729453
622.340244	-73.853501
622.469462	-75.314758
622.598735	-80.248891
622.728061	-78.899507
622.857441	-72.973714
622.986874	-73.842290
623.116361	-78.588282
623.245903	-76.652879
623.375498	-76.061714
623.505147	-74.671731
623.634850	-75.254913
623.764606	-73.881485
623.894417	-77.487849
624.024282	-78.146204
624.154201	-75.666041
624.284174	-74.856413
624.414202	-76.055306
624.544283	-72.875429
624.674419	-74.193492
624.804609	-75.848785
624.934853	-80.045491
625.065151	-74.607259
625.195504	-71.232914
625.325911	-76.448393
625.456373	-83.697089
625.586889	-76.784327
625.717460	-73.047258
625.848085	-74.653371
625.978764	-73.936080
626.109498	-75.231411
626.240287	-78.621340
626.371131	-79.834048
626.502029	-71.836984
626.632982	-71.305818
626.763989	-76.518041
626.895052	-82.234809
627.026169	-76.334743
627.157341	-72.259725
627.288568	-74.856365
627.419850	-74.335751
627.551187	-73.861209
627.682579	-82.076635
627.814026	-75.298755
627.945528	-70.959763
628.077085	-74.182927
628.208697	-77.857273
628.340364	-72.894944
628.472087	-72.156484
628.603865	-75.087493
628.735698	-79.739602
628.867586	-71.440044
628.999530	-73.813469
629.131529	-80.679965
629.263584	-73.496227
629.395694	-71.490731
629.527859	-76.173799
629.660080	-74.352767
629.792357	-72.842562
629.924689	-76.663769
630.057077	-75.573986
630.189520	-74.506138
630.322019	-72.807075
630.454574	-70.918834
630.587184	-74.418009
630.719851	-81.699572
630.852573	-77.894856
630.985351	-74.692356
631.118185	-72.729135
631.251075	-71.847553
631.384021	-73.235360
631.517023	-78.883562
631.650081	-78.121934
631.783195	-72.887205
631.916365	-71.536962
632.049592	-73.221159
632.182874	-75.561758
632.316213	-73.921847
632.449608	-74.785490
632.583059	-76.802310
632.716567	-73.602521
632.850131	-69.672091
632.983751	-75.912776
633.117428	-77.266389
633.251161	-70.821884
633.384951	-71.199659
633.518797	-75.439572
633.652700	-74.229142
633.786660	-73.604807
633.920676	-73.840259
634.054749	-76.111567
634.188879	-73.973318
634.323065	-71.699310
634.457308	-73.678952
634.591608	-72.630275
634.725965	-72.414190
634.860379	-74.973073
634.994850	-78.231922
635.129377	-73.777993
635.263962	-71.388000
635.398604	-72.164956
635.533303	-73.218544
635.668058	-74.888906
635.802872	-75.168120
635.937742	-73.955551
636.072669	-76.974578
636.207654	-71.144483
636.342696	-69.325778
636.477796	-74.250706
636.612953	-80.334320
636.748167	-72.870235
636.883439	-71.331874
637.018768	-75.056188
637.154155	-72.845040
637.289599	-71.258155
637.425101	-77.574938
637.560660	-75.023792
637.696277	-72.560572
637.831952	-71.961626
637.967685	-71.756725
638.103475	-74.731470
638.239324	-75.562132
638.375230	-74.431446
638.511194	-74.040387
638.647215	-75.872253
638.783295	-70.817206
638.919433	-68.853082
639.055629	-75.983765
639.191883	-75.378880
639.328195	-72.081590
639.464565	-70.595975
639.600994	-74.395266
639.737481	-73.717802
639.874025	-68.588472
640.010629	-73.854527
640.147290	-73.413065
640.284010	-72.106405
640.420789	-76.535255
640.557625	-76.020559
640.694521	-71.244357
640.831474	-74.167119
640.968487	-71.399052
641.105558	-70.453121
641.242687	-78.840883
641.379876	-74.759901
641.517123	-70.747708
641.654429	-73.729251
641.791793	-74.948087
641.929216	-71.458056
642.066699	-71.254203
642.204240	-76.512753
642.341840	-80.236662
642.479499	-71.421127
642.617217	-69.399610
642.754994	-73.144097
642.892830	-73.452313
643.030726	-74.145697
643.168680	-76.960561
643.306694	-77.286925
643.444767	-73.707230
643.582899	-71.601153
643.721091	-69.816054
643.859342	-72.201676
643.997652	-74.027208
644.136022	-78.585029
644.274451	-75.591624
644.412940	-73.411679
644.551488	-76.364165
644.690096	-70.473513
644.828763	-68.186613
644.967490	-77.387459
645.106277	-75.319151
645.245124	-71.543989
645.384030	-72.112868
645.522997	-76.847223
645.662023	-72.377195
645.801109	-72.216159
645.940255	-72.722563
646.079460	-75.337870
646.218726	-78.267792
646.358052	-75.314358
646.497438	-71.917484
646.636884	-72.023375
646.776391	-72.936195
646.915957	-72.442247
647.055584	-72.781778
647.195271	-76.785722
647.335019	-81.965778
647.474826	-74.747674
647.614695	-70.658078
647.754623	-72.162680
647.894612	-74.179849
648.034662	-71.588544
648.174772	-72.860313
648.314943	-76.203827
648.455174	-78.067796
648.595466	-81.415128
648.735819	-72.087983
648.876233	-69.105977
649.016707	-78.832460
649.157242	-70.925739
649.297838	-71.288202
649.438495	-80.143572
649.579213	-77.357218
649.719992	-74.699177
649.860832	-74.431263
650.001733	-72.718923
650.142695	-74.415590
650.283718	-74.710224
650.424803	-76.196834
650.565949	-74.654787
650.707156	-73.697003
650.848424	-77.095067
650.989754	-75.969536
651.131145	-69.620821
651.272597	-71.384532
651.414111	-83.380463
651.555687	-73.600770
651.697324	-74.261461
651.839022	-80.307723
651.980782	-75.116615
652.122604	-76.242700
652.264488	-71.827439
652.406433	-71.512515
652.548441	-76.758521
652.690510	-76.159402
652.832640	-74.722801
652.974833	-78.747144
653.117088	-78.144576
653.259405	-75.445115
653.401784	-77.343889
653.544224	-72.279872
653.686727	-72.568783
653.829293	-79.849800
653.971920	-78.434464
654.114609	-80.219753
654.257361	-72.880845
654.400175	-72.782319
654.543052	-83.577670
654.685991	-72.285182
654.828992	-71.755454
654.972056	-83.521998
655.115183	-79.313642
655.258372	-77.051219
655.401623	-77.064938
655.544937	-79.149353
655.688314	-72.423585
655.831754	-76.875874
655.975256	-74.189024
656.118822	-70.929542
656.262450	-84.337326
656.406141	-76.599614
656.549894	-79.810622
656.693711	-80.034542
656.837591	-72.485451
656.981534	-76.180869
657.125540	-78.522514
657.269610	-76.810086
657.413742	-75.726364
657.557938	-76.093504
657.702196	-79.759144
657.846519	-86.742357
657.990904	-73.964681
658.135353	-72.038170
658.279866	-86.065075
658.424441	-74.159361
658.569081	-73.277513
658.713784	-86.087515
658.858550	-74.258442
659.003381	-72.975064
659.148274	-82.879005
659.293232	-75.787243
659.438253	-72.883616
659.583339	-80.072288
659.728488	-76.485732
659.873701	-75.338551
660.018978	-81.216544
660.164318	-74.372992
660.309723	-74.673085
660.455192	-85.220517
660.600725	-79.889182
660.746323	-74.605338
660.891984	-74.412917
661.037710	-92.993229
661.183500	-73.679917
661.329354	-74.985246
661.475272	-79.584138
661.621255	-77.578700
661.767303	-74.924952
661.913415	-78.626481
662.059591	-80.066274
662.205833	-72.316272
662.352138	-73.459981
662.498509	-93.287644
662.644944	-73.260849
662.791443	-76.027596
662.938008	-81.226092
663.084638	-72.187939
663.231332	-75.718418
663.378091	-80.124835
663.524915	-73.721813
663.671804	-76.251704
663.818759	-77.826990
663.965778	-83.458039
664.112863	-74.527548
664.260012	-74.830948
664.407227	-83.804780
664.554507	-72.487368
664.701853	-72.240232
664.849264	-97.431150
664.996740	-72.721247
665.144282	-74.237634
665.291889	-79.780620
665.439561	-74.493043
665.587300	-94.611231
665.735103	-72.592474
665.882973	-76.561422
666.030908	-75.346293
666.178909	-70.692000
666.326976	-80.022279
666.475109	-73.366401
666.623307	-69.520453
666.771571	-76.874681
666.919902	-76.820496
667.068298	-72.086921
667.216761	-76.783728
667.365289	-82.198651
667.513884	-71.868448
667.662545	-70.788514
667.811272	-78.114382
667.960065	-75.307785
668.108925	-74.407372
668.257851	-72.581293
668.406843	-80.183313
668.555902	-73.319485
668.705027	-72.460314
668.854219	-87.618806
669.003478	-72.118670
669.152803	-70.898493
669.302195	-75.734603
669.451653	-74.433344
669.601179	-70.480901
669.750771	-76.193767
669.900430	-74.173938
670.050156	-74.283827
670.199949	-71.684392
670.349808	-74.514850
670.499735	-75.763984
670.649729	-75.021513
670.799790	-69.373638
670.949918	-70.894785
671.100114	-78.868190
671.250377	-67.836963
671.400707	-71.454763
671.551104	-75.805087
671.701569	-67.808572
671.852101	-70.163965
672.002700	-82.007498
672.153368	-68.769090
672.304102	-71.185133
672.454905	-76.145371
672.605775	-70.714417
672.756713	-71.000624
672.907718	-71.371389
673.058791	-70.858314
673.209933	-76.657573
673.361142	-69.506924
673.512419	-69.566445
673.663764	-76.129864
673.815177	-70.532180
673.966658	-70.140008
674.118207	-71.326088
674.269825	-74.208824
674.421510	-67.773695
674.573264	-69.509508
674.725086	-74.834097
674.876977	-69.083778
675.028936	-69.902238
675.180963	-72.719523
675.333059	-73.400905
675.485224	-68.856772
675.637457	-70.631952
675.789758	-71.091892
675.942129	-71.555589
676.094568	-70.539472
676.247075	-67.219137
676.399652	-71.312276
676.552298	-70.543213
676.705012	-66.221193
676.857795	-72.296200
677.010648	-69.974363
677.163569	-66.701969
677.316560	-74.732310
677.469619	-67.132353
677.622748	-70.304776
677.775946	-70.058693
677.929214	-65.986548
678.082551	-69.846885
678.235957	-71.351719
678.389432	-63.956739
678.542977	-68.765819
678.696592	-70.617506
678.850276	-65.765273
679.004030	-71.321308
679.157853	-69.384859
679.311746	-67.302552
679.465709	-70.170304
679.619742	-68.680913
679.773844	-65.678981
679.928017	-73.485194
680.082259	-66.200578
680.236571	-65.877865
680.390954	-68.755806
680.545406	-69.539610
680.699929	-65.500750
680.854522	-67.266873
681.009185	-70.324461
681.163918	-66.951853
681.318722	-68.675968
681.473596	-66.662912
681.628540	-68.657338
681.783555	-68.439031
681.938641	-66.755539
682.093797	-68.774378
682.249023	-66.248256
682.404321	-67.929055
682.559689	-66.156602
682.715128	-63.674942
682.870637	-73.644209
683.026218	-64.573096
683.181869	-67.510035
683.337591	-66.263256
683.493385	-65.982750
683.649249	-70.028396
683.805185	-64.684899
683.961191	-66.109823
684.117269	-68.837909
684.273418	-65.923490
684.429639	-65.208584
684.585930	-67.034618
684.742294	-65.950464
684.898728	-65.151742
685.055234	-66.242117
685.211812	-65.118595
685.368461	-64.301056
685.525182	-68.911518
685.681975	-63.708701
685.838839	-64.364169
685.995775	-66.745345
686.152783	-66.119712
686.309863	-64.612689
686.467014	-65.693028
686.624238	-64.775282
686.781534	-66.856747
686.938902	-64.006890
687.096342	-65.487536
687.253854	-65.055945
687.411438	-64.885447
687.569095	-66.336371
687.726824	-63.045059
687.884626	-65.945693
688.042499	-64.044941
688.200446	-64.815812
688.358465	-65.245399
688.516556	-62.682122
688.674720	-64.450784
688.832957	-66.266732
688.991266	-62.493645
689.149649	-64.356434
689.308104	-64.949464
689.466632	-64.080955
689.625233	-63.925829
689.783906	-64.694203
689.942653	-63.272779
690.101473	-64.572119
690.260367	-63.916490
690.419333	-63.757124
690.578372	-62.804544
690.737485	-63.607740
690.896672	-63.880495
691.055931	-62.631053
691.215264	-63.543023
691.374671	-61.744703
691.534151	-62.775564
691.693704	-65.010634
691.853332	-60.419861
692.013033	-63.719767
692.172807	-63.735510
692.332656	-60.679732
692.492578	-65.516675
692.652575	-61.811431
692.812645	-61.910173
692.972789	-64.125969
693.133007	-62.873166
693.293300	-62.146463
693.453666	-62.947479
693.614107	-61.668624
693.774622	-62.059187
693.935211	-63.334730
694.095875	-60.764649
694.256613	-62.250285
694.417426	-61.627663
694.578313	-62.389491
694.739274	-61.330545
694.900311	-60.757046
695.061421	-63.733489
695.222607	-59.893633
695.383868	-61.908214
695.545203	-63.519444
695.706613	-58.930731
695.868098	-64.228629
696.029658	-60.404575
696.191293	-61.202338
696.353003	-62.484727
696.514789	-60.003432
696.676649	-62.177452
696.838585	-60.338564
697.000596	-62.512258
697.162682	-59.627837
697.324844	-60.130124
697.487081	-61.942726
697.649394	-59.310185
697.811782	-60.215929
697.974246	-62.548379
698.136786	-58.596323
698.299401	-60.635794
698.462092	-61.426971
698.624859	-59.701859
698.787702	-60.192143
698.950621	-62.161642
699.113616	-58.448856
699.276686	-61.601305
699.439833	-60.336778
699.603056	-59.046824
699.766355	-61.279809
699.929731	-58.969953
700.093183	-61.488601
700.256711	-58.279139
700.420315	-60.548424
700.583996	-60.031961
700.747754	-57.290814
700.911588	-61.771341
701.075499	-58.011109
701.239486	-59.196229
701.403550	-59.972782
701.567691	-58.115378
701.731909	-60.156506
701.896203	-58.180493
702.060575	-60.180264
702.225024	-59.074032
702.389549	-57.951982
702.554152	-61.269824
702.718832	-58.077294
702.883589	-57.800596
703.048424	-62.042871
703.213335	-57.548253
703.378324	-59.099407
703.543391	-59.359712
703.708535	-57.908760
703.873757	-59.671486
704.039056	-57.823305
704.204433	-59.324737
704.369887	-57.964124
704.535420	-57.309066
704.701030	-60.487212
704.866718	-56.285971
705.032484	-58.628626
705.198328	-58.047890
705.364250	-56.891169
705.530250	-58.932017
705.696328	-56.737795
705.862485	-59.098379
706.028720	-57.679763
706.195033	-56.241166
706.361424	-60.587175
706.527894	-55.811580
706.694442	-57.976002
706.861069	-58.877371
707.027775	-56.222705
707.194559	-58.750138
707.361422	-57.162594
707.528363	-58.005845
707.695384	-57.592368
707.862483	-56.732332
708.029661	-59.151801
708.196918	-56.407968
708.364254	-57.208601
708.531670	-57.776635
708.699164	-56.624511
708.866738	-58.218431
709.034391	-56.034605
709.202123	-59.199323
709.369935	-55.538600
709.537826	-57.522867
709.705796	-57.253061
709.873847	-56.428106
710.041976	-57.600273
710.210186	-55.741428
710.378475	-58.927157
710.546844	-55.198425
710.715292	-56.470442
710.883821	-57.882865
711.052429	-54.871612
711.221118	-58.856182
711.389887	-55.184294
711.558735	-57.023249
711.727664	-56.736784
711.896673	-55.061094
712.065763	-58.542975
712.234932	-55.565286
712.404183	-55.867157
712.573513	-57.039244
712.742924	-56.307239
712.912416	-56.197831
713.081988	-56.040424
713.251641	-56.992700
713.421375	-55.439778
713.591190	-57.117717
713.761085	-55.226004
713.931061	-57.318634
714.101119	-55.662833
714.271257	-55.924563
714.441476	-56.281628
714.611777	-56.525000
714.782159	-55.591337
714.952622	-55.794461
715.123166	-56.684675
715.293792	-55.506327
715.464499	-56.640232
715.635288	-54.976902
715.806158	-57.740386
715.977110	-54.723035
716.148143	-56.337603
716.319259	-56.267783
716.490456	-55.345232
716.661735	-56.769826
716.833096	-55.219222
717.004538	-55.700022
717.176063	-57.048573
717.347670	-54.876967
717.519359	-55.834218
717.691130	-56.213355
717.862984	-55.357993
718.034920	-55.937676
718.206938	-55.309793
718.379039	-56.367556
718.551222	-54.900729
718.723488	-55.884736
718.895836	-55.361653
719.068267	-55.067838
719.240781	-56.871677
719.413377	-53.826437
719.586057	-56.448928
719.758819	-54.897039
719.931664	-54.978335
720.104593	-55.961502
720.277604	-54.177808
720.450699	-57.178318
720.623876	-53.950660
720.797137	-55.867777
720.970482	-55.033510
721.143910	-54.924223
721.317421	-55.921329
721.491016	-54.278734
721.664694	-56.531562
721.838456	-54.047836
722.012302	-57.063863
722.186231	-53.854238
722.360244	-55.513601
722.534342	-56.094990
722.708523	-54.263994
722.882788	-56.217952
723.057137	-54.930402
723.231570	-54.863172
723.406088	-56.456539
723.580689	-54.250628
723.755375	-56.064159
723.930146	-55.083186
724.105000	-54.970130
724.279940	-56.198560
724.454963	-54.193558
724.630072	-56.592967
724.805265	-55.062872
724.980543	-55.691790
725.155905	-54.984764
725.331353	-55.782161
725.506885	-55.418073
725.682503	-54.913409
725.858205	-56.541240
726.033993	-54.210971
726.209865	-56.872113
726.385823	-54.816964
726.561866	-55.708823
726.737995	-55.372392
726.914209	-55.534516
727.090508	-55.700260
727.266893	-55.871152
727.443364	-54.859705
727.619920	-56.052257
727.796562	-55.544494
727.973290	-55.170601
728.150103	-56.146132
728.327003	-55.313130
728.503988	-55.307703
728.681060	-56.165500
728.858218	-55.382128
729.035461	-54.965401
729.212791	-56.474505
729.390208	-54.357056
729.567710	-57.415297
729.745299	-54.128324
729.922975	-56.537181
730.100737	-54.835178
730.278586	-55.760662
730.456521	-55.450026
730.634543	-55.008325
730.812652	-56.283897
730.990848	-54.013605
731.169130	-57.344015
731.347500	-54.475570
731.525957	-55.566986
731.704500	-55.721683
731.883131	-55.194599
732.061850	-55.604497
732.240655	-55.819600
732.419548	-54.538525
732.598528	-56.358338
732.777596	-55.082459
732.956751	-55.396460
733.135994	-55.855666
733.315325	-55.603030
733.494744	-54.325349
733.674250	-57.426776
733.853844	-54.033191
734.033526	-56.014389
734.213296	-55.254937
734.393154	-54.489064
734.573101	-56.755526
734.753135	-54.270469
734.933258	-56.695174
735.113469	-54.153348
735.293769	-57.273422
735.474157	-53.720769
735.654633	-56.594499
735.835198	-54.961526
736.015852	-54.698028
736.196594	-56.060363
736.377426	-54.806847
736.558346	-55.404620
736.739355	-55.489705
736.920453	-55.007930
737.101640	-55.307510
737.282916	-55.107858
737.464282	-55.599022
737.645736	-54.053863
737.827280	-56.762125
738.008914	-54.067286
738.190637	-55.000864
738.372449	-55.439624
738.554351	-54.132906
738.736342	-55.661460
738.918424	-54.161403
739.100595	-55.873717
739.282855	-53.772326
739.465206	-56.731780
739.647647	-53.419046
739.830178	-55.528608
740.012799	-54.291155
740.195510	-54.884168
740.378311	-54.391824
740.561203	-55.015142
740.744185	-54.833730
740.927258	-53.604628
741.110421	-56.007694
741.293674	-53.320618
741.477018	-55.519143
741.660453	-54.006541
741.843979	-54.806129
742.027596	-53.652774
742.211303	-55.174178
742.395102	-53.835504
742.578991	-54.150580
742.762972	-54.408648
742.947044	-54.158221
743.131207	-53.743096
743.315461	-54.658762
743.499807	-53.634869
743.684244	-54.348810
743.868773	-53.432003
744.053394	-54.640312
744.238106	-53.175835
744.422910	-54.048367
744.607805	-54.262797
744.792793	-52.907626
744.977872	-54.119156
745.163044	-53.433874
745.348307	-53.583443
745.533663	-53.284438
745.719111	-53.945902
745.904651	-52.807585
746.090283	-53.926971
746.276008	-52.690994
746.461826	-54.111971
746.647735	-52.287676
746.833738	-53.507663
747.019833	-53.358889
747.206021	-52.429738
747.392302	-53.500587
747.578676	-52.757321
747.765143	-52.867779
747.951703	-52.702793
748.138356	-52.884723
748.325102	-52.680995
748.511941	-52.541410
748.698874	-52.618659
748.885900	-52.845061
749.073019	-51.901285
749.260232	-52.744650
749.447539	-52.274386
749.634939	-52.268005
749.822433	-52.004057
750.010021	-52.220596
750.197703	-52.137382
750.385479	-51.745189
750.573348	-52.085299
750.761312	-52.135764
750.949370	-51.160688
751.137523	-52.441320
751.325769	-50.812745
751.514110	-52.626488
751.702545	-50.548742
751.891075	-52.366384
752.079700	-51.090499
752.268419	-51.644040
752.457233	-50.979999
752.646142	-51.819442
752.835145	-50.783705
753.024244	-51.279920
753.213437	-51.088165
753.402726	-50.970605
753.592110	-51.244748
753.781589	-50.401759
753.971163	-51.450978
754.160833	-50.484118
754.350598	-50.866908
754.540459	-50.477887
754.730415	-50.912975
754.920467	-50.378677
755.110615	-50.363457
755.300858	-50.808539
755.491198	-49.997492
755.681633	-50.701696
755.872164	-49.895953
756.062792	-50.296975
756.253515	-50.325513
756.444335	-49.651131
756.635252	-50.204448
756.826264	-50.034260
757.017373	-49.705165
757.208579	-49.954674
757.399881	-49.654452
757.591280	-49.686259
757.782776	-49.764341
757.974368	-49.278773
758.166058	-49.885797
758.357844	-49.126918
758.549728	-49.840784
758.741708	-48.756338
758.933786	-49.984592
759.125961	-48.881668
759.318233	-49.406228
759.510603	-49.147142
759.703071	-48.914140
759.895635	-49.630515
760.088298	-48.493622
760.281058	-49.752794
760.473916	-48.353498
760.666872	-49.547794
760.859926	-48.667517
761.053078	-48.590342
761.246328	-49.330438
761.439676	-48.368986
761.633122	-49.090087
761.826667	-48.515861
762.020310	-48.775191
762.214052	-48.652579
762.407892	-48.634624
762.601831	-48.564054
762.795868	-48.419949
762.990004	-48.798437
763.184239	-48.337055
763.378573	-48.199222
763.573006	-48.924598
763.767538	-47.652904
763.962169	-49.241294
764.156900	-47.437329
764.351729	-48.895071
764.546658	-47.775650
764.741687	-48.338515
764.936815	-48.139431
765.132042	-47.803392
765.327370	-48.103098
765.522797	-48.126916
765.718324	-47.581744
765.913950	-48.411612
766.109677	-47.472806
766.305504	-48.171282
766.501431	-47.665289
766.697458	-47.853148
766.893586	-47.693318
767.089814	-47.754199
767.286142	-47.676788
767.482571	-47.683548
767.679100	-47.252876
767.875730	-47.874681
768.072461	-47.104019
768.269293	-48.160436
768.466225	-46.981543
768.663259	-48.141533
768.860393	-46.977978
769.057629	-47.857252
769.254966	-47.336913
769.452404	-47.496216
769.649944	-47.255274
769.847585	-47.639505
770.045328	-47.113887
770.243172	-47.514064
770.441118	-47.279656
770.639166	-46.996697
770.837315	-47.803745
771.035567	-46.547953
771.233920	-48.050690
771.432376	-46.593932
771.630934	-47.503535
771.829594	-47.260945
772.028356	-46.889623
772.227220	-47.457596
772.426188	-46.786309
772.625257	-47.395370
772.824430	-46.884819
773.023705	-47.291507
773.223083	-46.758051
773.422563	-47.418152
773.622147	-46.586630
773.821834	-47.338339
774.021624	-46.791453
774.221517	-47.021329
774.421513	-46.770376
774.621613	-47.203662
774.821816	-46.457609
775.022122	-47.471779
775.222532	-46.352957
775.423046	-47.305741
775.623664	-46.763060
775.824385	-46.776576
776.025211	-47.062993
776.226140	-46.666883
776.427173	-46.962381
776.628311	-46.747475
776.829553	-46.952098
777.030899	-46.550140
777.232350	-46.985374
777.433905	-46.434632
777.635564	-47.000500
777.837328	-46.610578
778.039197	-46.759966
778.241171	-46.515754
778.443250	-47.065045
778.645433	-46.093274
778.847722	-47.420651
779.050116	-46.040138
779.252615	-47.209243
779.455219	-46.238426
779.657929	-46.982172
779.860744	-46.249177
780.063665	-47.097439
780.266691	-46.183312
780.469823	-46.898681
780.673061	-46.583303
780.876405	-46.521004
781.079855	-46.670311
781.283410	-46.702167
781.487072	-46.290761
781.690840	-47.010326
781.894715	-46.245050
782.098695	-46.709766
782.302783	-46.531213
782.506976	-46.499369
782.711277	-46.537268
782.915684	-46.436024
783.120198	-46.638606
783.324818	-46.146719
783.529546	-46.909409
783.734381	-45.946389
783.939322	-46.875966
784.144372	-46.013123
784.349528	-46.686347
784.554792	-46.104563
784.760163	-46.457508
784.965642	-46.493920
785.171228	-46.082716
785.376922	-46.668170
785.582724	-46.104268
785.788634	-46.509797
785.994651	-46.175228
786.200777	-46.540093
786.407011	-45.931164
786.613353	-46.483653
786.819804	-46.209166
787.026363	-46.048917
787.233030	-46.318416
787.439806	-46.108738
787.646691	-45.989887
787.853684	-46.356623
788.060786	-45.854632
788.267997	-46.293552
788.475317	-45.724697
788.682746	-46.361739
788.890285	-45.637159
789.097932	-46.186424
789.305689	-45.841996
789.513555	-45.977735
789.721531	-45.793714
789.929617	-45.981919
790.137812	-45.793500
790.346117	-45.806682
790.554531	-45.684578
790.763056	-46.003515
790.971691	-45.177944
791.180436	-46.335526
791.389291	-44.971558
791.598256	-46.182670
791.807332	-45.014931
792.016518	-45.988579
792.225815	-44.990081
792.435222	-45.980296
792.644740	-44.766606
792.854369	-46.154692
793.064109	-44.601577
793.273960	-45.902554
793.483922	-44.778572
793.693995	-45.558945
793.904180	-44.645564
794.114475	-45.535577
794.324882	-44.666990
794.535401	-45.121704
794.746031	-44.874865
794.956774	-44.952922
795.167627	-44.658358
795.378593	-45.072441
795.589671	-44.369698
795.800861	-45.139732
796.012162	-44.293944
796.223577	-44.757091
796.435103	-44.662990
796.646742	-44.319123
796.858493	-44.515638
797.070357	-44.457670
797.282334	-44.188125
797.494423	-44.332726
797.706626	-44.285661
797.918941	-43.930234
798.131369	-44.412775
798.343911	-43.717323
798.556566	-44.223749
798.769334	-43.815220
798.982215	-44.005548
799.195210	-43.518598
799.408319	-44.265984
799.621541	-43.130387
799.834877	-44.151888
800.048327	-43.202171
800.261890	-43.668579
800.475568	-43.396676
800.689360	-43.412982
800.903266	-43.155079
801.117287	-43.469042
801.331422	-43.000207
801.545671	-43.094045
801.760036	-43.141050
801.974514	-42.901600
802.189108	-42.879498
802.403816	-42.988389
802.618640	-42.581191
802.833578	-42.861664
803.048632	-42.615451
803.263800	-42.498106
803.479085	-42.522214
803.694484	-42.547873
803.909999	-42.133662
804.125630	-42.531497
804.341376	-41.993933
804.557239	-42.307543
804.773217	-41.929121
804.989311	-42.181806
805.205521	-41.676029
805.421847	-42.238397
805.638290	-41.494971
805.854849	-41.917705
806.071524	-41.622509
806.288316	-41.644522
806.505225	-41.400116
806.722250	-41.729545
806.939393	-40.983595
807.156652	-41.705371
807.374028	-40.913268
807.591521	-41.427102
807.809132	-40.778948
808.026859	-41.399922
808.244705	-40.527066
808.462667	-41.272575
808.680748	-40.526888
808.898946	-40.938112
809.117261	-40.539852
809.335695	-40.743682
809.554246	-40.396234
809.772916	-40.621977
809.991704	-40.224429
810.210610	-40.539357
810.429634	-40.049802
810.648777	-40.379433
810.868039	-39.975964
811.087419	-40.202675
811.306918	-39.806990
811.526535	-40.154626
811.746272	-39.664128
811.966127	-39.926486
812.186102	-39.709223
812.406196	-39.720281
812.626409	-39.506782
812.846742	-39.744762
813.067194	-39.348375
813.287766	-39.486183
813.508457	-39.352737
813.729269	-39.395082
813.950200	-38.985706
814.171251	-39.527430
814.392422	-38.848465
814.613714	-39.107718
814.835126	-39.082220
815.056658	-38.863994
815.278311	-38.750085
815.500084	-39.005004
815.721978	-38.610606
815.943993	-38.638531
816.166128	-38.724592
816.388385	-38.519273
816.610762	-38.296205
816.833261	-38.726382
817.055881	-38.133724
817.278623	-38.353857
817.501486	-38.316985
817.724471	-38.067470
817.947577	-38.230965
818.170805	-37.988915
818.394155	-38.039146
818.617627	-37.975014
818.841221	-37.805177
819.064937	-37.942475
819.288775	-37.672844
819.512736	-37.887344
819.736819	-37.380234
819.961025	-38.025158
820.185354	-37.228585
820.409805	-37.632777
820.634379	-37.526428
820.859076	-37.394932
821.083897	-37.121867
821.308840	-37.764415
821.533907	-36.863020
821.759097	-37.296201
821.984411	-37.350227
822.209848	-36.871129
822.435409	-37.034981
822.661093	-37.228687
822.886902	-36.673875
823.112834	-36.984671
823.338891	-36.902198
823.565072	-36.666992
823.791377	-36.770567
824.017807	-36.762354
824.244361	-36.490336
824.471039	-36.737079
824.697843	-36.438604
824.924771	-36.474258
825.151824	-36.488063
825.379002	-36.388152
825.606306	-36.146927
825.833734	-36.575974
826.061288	-36.027158
826.288967	-36.139770
826.516772	-36.320350
826.744703	-36.018276
826.972759	-35.856982
827.200941	-36.369466
827.429249	-35.726396
827.657683	-35.851176
827.886243	-36.120248
828.114930	-35.691442
828.343743	-35.714071
828.572682	-35.938079
828.801748	-35.626410
829.030941	-35.579467
829.260260	-35.812715
829.489706	-35.471161
829.719280	-35.606350
829.948980	-35.484213
830.178808	-35.559077
830.408763	-35.344187
830.638845	-35.505046
830.869055	-35.294178
831.099393	-35.399076
831.329858	-35.266696
831.560451	-35.229544
831.791173	-35.307416
832.022022	-35.121503
832.252999	-35.162116
832.484105	-35.107481
832.715339	-35.137696
832.946702	-34.946322
833.178193	-35.031744
833.409813	-35.061405
833.641561	-34.783682
833.873439	-34.995207
834.105445	-34.828592
834.337581	-34.873907
834.569846	-34.614691
834.802241	-35.029329
835.034764	-34.460698
835.267418	-34.829796
835.500201	-34.611004
835.733114	-34.628860
835.966157	-34.503664
836.199329	-34.712427
836.432632	-34.303471
836.666065	-34.676055
836.899629	-34.336274
837.133323	-34.415695
837.367147	-34.417788
837.601102	-34.367325
837.835188	-34.242616
838.069405	-34.371059
838.303752	-34.274040
838.538231	-34.118176
838.772841	-34.364284
839.007582	-34.080084
839.242455	-34.166407
839.477459	-34.156767
839.712595	-34.070428
839.947863	-34.048704
840.183263	-34.094004
840.418794	-33.958588
840.654458	-34.015053
840.890254	-33.984715
841.126182	-33.930359
841.362242	-33.886705
841.598435	-33.978071
841.834761	-33.835312
842.071220	-33.765169
842.307811	-34.043812
842.544536	-33.620147
842.781393	-33.778745
843.018384	-33.933353
843.255508	-33.599512
843.492765	-33.642575
843.730156	-33.944632
843.967681	-33.531163
844.205339	-33.499150
844.443132	-33.994859
844.681058	-33.369765
844.919118	-33.557779
845.157313	-33.792991
845.395642	-33.414975
845.634105	-33.472524
845.872703	-33.678632
846.111436	-33.390396
846.350303	-33.429190
846.589306	-33.584304
846.828443	-33.347902
847.067716	-33.353682
847.307124	-33.566448
847.546667	-33.222724
847.786345	-33.341740
848.026160	-33.467445
848.266110	-33.227558
848.506195	-33.190203
848.746417	-33.469994
848.986775	-33.163151
849.227269	-33.122918
849.467899	-33.391469
849.708666	-33.096564
849.949569	-33.194552
850.190609	-33.162585
850.431785	-33.088060
850.673099	-33.278746
850.914549	-32.894556
851.156137	-33.199440
851.397861	-33.140939
851.639723	-32.927386
851.881723	-33.033923
852.123860	-33.219463
852.366135	-32.815611
852.608547	-33.008313
852.851098	-33.164559
853.093786	-32.772035
853.336613	-32.999858
853.579578	-33.085976
853.822681	-32.782765
854.065923	-32.889213
854.309304	-33.143814
854.552823	-32.678015
854.796481	-32.913863
855.040278	-33.043566
855.284215	-32.730034
855.528290	-32.867064
855.772505	-32.918790
856.016859	-32.786068
856.261353	-32.896342
856.505987	-32.700652
856.750760	-32.908202
856.995673	-32.871889
857.240727	-32.607352
857.485920	-32.891694
857.731254	-32.882800
857.976729	-32.567954
858.222343	-32.861245
858.468099	-32.831514
858.713995	-32.571974
858.960032	-32.871606
859.206211	-32.732417
859.452530	-32.569456
859.698991	-32.869352
859.945593	-32.718012
860.192336	-32.503000
860.439222	-32.851932
860.686248	-32.716980
860.933417	-32.530741
861.180728	-32.750344
861.428181	-32.613874
861.675776	-32.817804
861.923514	-32.426420
862.171394	-32.668999
862.419417	-32.866502
862.667582	-32.408829
862.915890	-32.570204
863.164342	-32.879186
863.412936	-32.440297
863.661674	-32.556336
863.910555	-32.794701
864.159579	-32.443077
864.408747	-32.671246
864.658059	-32.617958
864.907515	-32.557632
865.157114	-32.590307
865.406858	-32.635661
865.656746	-32.550379
865.906778	-32.639206
866.156955	-32.452406
866.407277	-32.788925
866.657743	-32.490956
866.908354	-32.467516
867.159110	-32.771818
867.410011	-32.545999
867.661057	-32.449666
867.912249	-32.739811
868.163586	-32.489071
868.415069	-32.667082
868.666697	-32.497341
868.918472	-32.556855
869.170392	-32.776516
869.422458	-32.342058
869.674671	-32.668913
869.927030	-32.716701
870.179536	-32.396360
870.432188	-32.651841
870.684987	-32.665159
870.937933	-32.500012
871.191026	-32.634821
871.444266	-32.507079
871.697653	-32.816997
871.951188	-32.362015
872.204870	-32.664246
872.458700	-32.712267
872.712677	-32.506654
872.966803	-32.577861
873.221076	-32.678117
873.475498	-32.574847
873.730068	-32.673833
873.984787	-32.463497
874.239654	-32.752742
874.494669	-32.607215
874.749834	-32.509880
875.005147	-32.709074
875.260610	-32.595611
875.516222	-32.600332
875.771983	-32.607678
876.027894	-32.676001
876.283954	-32.542534
876.540164	-32.605318
876.796524	-32.724492
877.053033	-32.557668
877.309693	-32.481760
877.566503	-32.805288
877.823464	-32.567870
878.080575	-32.530530
878.337837	-32.576478
878.595249	-32.740518
878.852813	-32.572458
879.110528	-32.448668
879.368393	-32.671121
879.626410	-32.728404
879.884579	-32.389453
880.142899	-32.591397
880.401371	-32.721450
880.659994	-32.477484
880.918770	-32.480517
881.177698	-32.703208
881.436778	-32.538711
881.696010	-32.423742
881.955395	-32.613452
882.214933	-32.628101
882.474623	-32.439457
882.734467	-32.429333
882.994463	-32.662426
883.254613	-32.528463
883.514916	-32.382237
883.775372	-32.479360
884.035982	-32.626172
884.296746	-32.408366
884.557664	-32.449905
884.818735	-32.451391
885.079961	-32.476726
885.341341	-32.481588
885.602876	-32.395139
885.864565	-32.360600
886.126409	-32.531581
886.388407	-32.341919
886.650561	-32.394770
886.912870	-32.413721
887.175334	-32.367474
887.437953	-32.321601
887.700728	-32.406922
887.963658	-32.410157
888.226745	-32.211289
888.489987	-32.300800
888.753385	-32.479787
889.016940	-32.276351
889.280651	-32.141570
889.544518	-32.372759
889.808543	-32.368067
890.072723	-32.230493
890.337061	-32.192306
890.601556	-32.272457
890.866208	-32.315004
891.131017	-32.241809
891.395984	-32.162886
891.661109	-32.218375
891.926391	-32.283188
892.191831	-32.175314
892.457429	-32.189614
892.723186	-32.233452
892.989100	-32.110957
893.255173	-32.176089
893.521405	-32.272467
893.787796	-32.141842
894.054345	-31.966625
894.321053	-32.244741
894.587921	-32.265939
894.854948	-32.003107
895.122134	-32.014767
895.389480	-32.158236
895.656986	-32.195612
895.924651	-32.057574
896.192477	-31.908993
896.460463	-32.091387
896.728609	-32.176206
896.996915	-31.989169
897.265382	-31.901913
897.534010	-32.026607
897.802799	-32.063377
898.071749	-31.921152
898.340860	-31.973034
898.610132	-31.868503
898.879566	-31.939078
899.149162	-31.910393
899.418919	-31.903288
899.688838	-31.824907
899.958919	-31.805921
900.229162	-31.760013
900.499568	-31.936189
900.770136	-31.774723
901.040867	-31.551670
901.311761	-31.761837
901.582817	-31.841806
901.854037	-31.655722
902.125420	-31.480001
902.396966	-31.659285
902.668676	-31.693185
902.940550	-31.583779
903.212587	-31.402008
903.484788	-31.571030
903.757153	-31.548152
904.029683	-31.384136
904.302377	-31.472462
904.575236	-31.421608
904.848259	-31.328256
905.121447	-31.365308
905.394800	-31.315210
905.668319	-31.351468
905.942002	-31.245768
906.215852	-31.185585
906.489866	-31.171647
906.764047	-31.305118
907.038393	-31.192605
907.312906	-30.983635
907.587584	-30.993756
907.862429	-31.304915
908.137441	-31.077015
908.412619	-30.802470
908.687964	-30.926746
908.963476	-31.171733
909.239155	-30.902290
909.515002	-30.746231
909.791015	-30.888531
910.067197	-30.868469
910.343546	-30.808052
910.620063	-30.703071
910.896748	-30.742034
911.173601	-30.697245
911.450623	-30.636735
911.727813	-30.572915
912.005171	-30.630959
912.282699	-30.560671
912.560395	-30.444990
912.838261	-30.337376
913.116296	-30.573041
913.394500	-30.414819
913.672874	-30.179721
913.951418	-30.267619
914.230131	-30.296428
914.509015	-30.267879
914.788068	-30.115617
915.067292	-29.991599
915.346687	-30.094904
915.626252	-30.144810
915.905988	-29.957769
916.185895	-29.805616
916.465973	-29.901355
916.746223	-30.021138
917.026644	-29.711607
917.307236	-29.717902
917.588000	-29.755251
917.868937	-29.755902
918.150045	-29.640062
918.431325	-29.526191
918.712778	-29.596438
918.994404	-29.665374
919.276202	-29.394509
919.558173	-29.421144
919.840317	-29.495089
920.122634	-29.438456
920.405125	-29.284876
920.687789	-29.302317
920.970627	-29.328269
921.253639	-29.272123
921.536824	-29.199049
921.820184	-29.127898
922.103718	-29.192364
922.387427	-29.170752
922.671310	-29.019368
922.955368	-29.027955
923.239601	-29.027385
923.524009	-29.064515
923.808592	-28.927048
924.093351	-28.810992
924.378285	-28.920632
924.663396	-28.989297
924.948682	-28.768153
925.234144	-28.634864
925.519782	-28.840442
925.805597	-28.806846
926.091589	-28.659157
926.377757	-28.504880
926.664102	-28.658488
926.950624	-28.690689
927.237323	-28.464635
927.524200	-28.413118
927.811255	-28.484478
928.098487	-28.468461
928.385897	-28.401200
928.673485	-28.202500
928.961251	-28.265002
929.249196	-28.377425
929.537319	-28.207022
929.825621	-28.037676
930.114102	-28.030140
930.402762	-28.241427
930.691601	-28.065573
930.980620	-27.811849
931.269818	-27.902605
931.559196	-27.994890
931.848753	-27.908846
932.138491	-27.731001
932.428409	-27.668816
932.718508	-27.804125
933.008787	-27.755301
933.299246	-27.630134
933.589887	-27.476257
933.880709	-27.631537
934.171712	-27.650786
934.462896	-27.442367
934.754262	-27.364898
935.045810	-27.486650
935.337539	-27.482076
935.629451	-27.355941
935.921545	-27.231239
936.213822	-27.299588
936.506281	-27.365363
936.798922	-27.279762
937.091747	-27.084906
937.384755	-27.130529
937.677946	-27.238268
937.971321	-27.154458
938.264879	-26.990445
938.558621	-26.989595
938.852547	-27.029345
939.146657	-27.048988
939.440952	-26.904014
939.735431	-26.793979
940.030095	-26.878578
940.324943	-26.911064
940.619977	-26.758513
940.915196	-26.656541
941.210600	-26.681576
941.506189	-26.743297
941.801965	-26.668203
942.097926	-26.468882
942.394074	-26.480596
942.690407	-26.584655
942.986927	-26.522674
943.283634	-26.338997
943.580527	-26.288158
943.877608	-26.368916
944.174875	-26.383547
944.472330	-26.215696
944.769972	-26.112710
945.067802	-26.170115
945.365820	-26.216235
945.664026	-26.087601
945.962420	-25.971812
946.261002	-25.954767
946.559773	-26.056201
946.858733	-25.983816
947.157881	-25.817126
947.457219	-25.768604
947.756746	-25.858990
948.056462	-25.881003
948.356368	-25.716397
948.656464	-25.596065
948.956749	-25.649822
949.257225	-25.724346
949.557891	-25.631751
949.858748	-25.493593
950.159796	-25.460652
950.461034	-25.526165
950.762463	-25.514765
951.064084	-25.403961
951.365896	-25.320274
951.667900	-25.366787
951.970095	-25.365286
952.272483	-25.288522
952.575063	-25.194856
952.877835	-25.222810
953.180799	-25.242451
953.483956	-25.187143
953.787307	-25.076213
954.090850	-25.054888
954.394586	-25.102285
954.698516	-25.121470
955.002640	-25.006647
955.306957	-24.911267
955.611469	-24.937582
955.916174	-25.004946
956.221074	-24.947466
956.526169	-24.845973
956.831458	-24.815736
957.136942	-24.862466
957.442622	-24.840021
957.748496	-24.763828
958.054567	-24.734383
958.360833	-24.784794
958.667294	-24.752097
958.973952	-24.646829
959.280806	-24.602211
959.587857	-24.677668
959.895104	-24.722390
960.202548	-24.616050
960.510189	-24.484967
960.818027	-24.467402
961.126062	-24.598474
961.434295	-24.624123
961.742726	-24.487370
962.051355	-24.339486
962.360182	-24.359875
962.669207	-24.483638
962.978431	-24.481035
963.287854	-24.335901
963.597475	-24.238847
963.907296	-24.273032
964.217315	-24.318957
964.527535	-24.276465
964.837954	-24.203027
965.148573	-24.158584
965.459392	-24.161903
965.770411	-24.132947
966.081630	-24.081945
966.393051	-24.039796
966.704672	-24.049427
967.016494	-24.059463
967.328517	-23.977451
967.640742	-23.856686
967.953169	-23.866614
968.265797	-23.943230
968.578627	-23.941319
968.891660	-23.790751
969.204895	-23.704725
969.518332	-23.717082
969.831972	-23.776870
970.145816	-23.763311
970.459862	-23.684740
970.774112	-23.578292
971.088565	-23.558191
971.403223	-23.600487
971.718084	-23.600521
972.033149	-23.524382
972.348419	-23.487337
972.663893	-23.458647
972.979572	-23.420258
973.295456	-23.376393
973.611546	-23.398516
973.927840	-23.389493
974.244340	-23.336832
974.561046	-23.275428
974.877958	-23.208502
975.195076	-23.203682
975.512401	-23.248598
975.829932	-23.247070
976.147670	-23.149297
976.465615	-23.048323
976.783767	-23.029751
977.102126	-23.066930
977.420693	-23.116506
977.739468	-23.055099
978.058451	-22.923436
978.377642	-22.854060
978.697041	-22.901925
979.016649	-22.960507
979.336466	-22.928395
979.656492	-22.818168
979.976727	-22.730552
980.297171	-22.768850
980.617825	-22.809711
980.938689	-22.746255
981.259763	-22.690673
981.581048	-22.698098
981.902542	-22.700065
982.224248	-22.623017
982.546164	-22.544561
982.868291	-22.597075
983.190630	-22.696373
983.513180	-22.629170
983.835942	-22.454242
984.158916	-22.412569
984.482101	-22.530393
984.805500	-22.624995
985.129110	-22.541741
985.452934	-22.388518
985.776970	-22.352940
986.101220	-22.429898
986.425683	-22.508639
986.750359	-22.481194
987.075250	-22.366609
987.400354	-22.297997
987.725673	-22.348581
988.051206	-22.428998
988.376954	-22.401913
988.702916	-22.295966
989.029094	-22.259980
989.355487	-22.329774
989.682095	-22.361927
990.008919	-22.285261
990.335959	-22.197599
990.663216	-22.225399
990.990688	-22.304775
991.318377	-22.302053
991.646283	-22.176868
991.974406	-22.094964
992.302746	-22.144181
992.631304	-22.246070
992.960079	-22.229099
993.289072	-22.098956
993.618283	-21.994538
993.947713	-22.030220
994.277361	-22.128670
994.607227	-22.149743
994.937313	-22.015262
995.267618	-21.891024
995.598142	-21.909343
995.928886	-22.017342
996.259849	-22.011336
996.591033	-21.889886
996.922437	-21.801622
997.254061	-21.822184
997.585906	-21.871463
997.917972	-21.850811
998.250260	-21.756354
998.582768	-21.690328
998.915498	-21.710182
999.248450	-21.749102
999.581624	-21.702707
999.915020	-21.602215
1000.248639	-21.548773
1000.582480	-21.588075
1000.916545	-21.628899
1001.250832	-21.568587
1001.585343	-21.448392
1001.920077	-21.410398
1002.255035	-21.459332
1002.590218	-21.487559
1002.925624	-21.425695
1003.261255	-21.335105
1003.597111	-21.292487
1003.933192	-21.320229
1004.269497	-21.338959
1004.606029	-21.297987
1004.942785	-21.229146
1005.279768	-21.187852
1005.616977	-21.204124
1005.954412	-21.222021
1006.292074	-21.175866
1006.629962	-21.108627
1006.968077	-21.091754
1007.306420	-21.128312
1007.644990	-21.133867
1007.983787	-21.067899
1008.322813	-20.995985
1008.662067	-21.000922
1009.001549	-21.058374
1009.341259	-21.069486
1009.681199	-20.995337
1010.021367	-20.908594
1010.361765	-20.910557
1010.702392	-20.979798
1011.043250	-21.013938
1011.384337	-20.943042
1011.725654	-20.849766
1012.067202	-20.839542
1012.408980	-20.905095
1012.750989	-20.945231
1013.093230	-20.895328
1013.435702	-20.814674
1013.778405	-20.798143
1014.121341	-20.843110
1014.464508	-20.881278
1014.807908	-20.841923
1015.151540	-20.778836
1015.495405	-20.763978
1015.839503	-20.808338
1016.183835	-20.830930
1016.528400	-20.783700
1016.873198	-20.721800
1017.218231	-20.723191
1017.563498	-20.775336
1017.908999	-20.791254
1018.254735	-20.729620
1018.600707	-20.657669
1018.946913	-20.658480
1019.293354	-20.719290
1019.640032	-20.742696
1019.986945	-20.683383
1020.334094	-20.596200
1020.681480	-20.574686
1021.029102	-20.630363
1021.376961	-20.671543
1021.725058	-20.624120
1022.073391	-20.527411
1022.421962	-20.488680
1022.770772	-20.527669
1023.119819	-20.562058
1023.469104	-20.528181
1023.818628	-20.444029
1024.168391	-20.400953
1024.518393	-20.413752
1024.868634	-20.438590
1025.219115	-20.401375
1025.569836	-20.336394
1025.920796	-20.290390
1026.271997	-20.306115
1026.623438	-20.314443
1026.975121	-20.273683
1027.327044	-20.199986
1027.679208	-20.171274
1028.031614	-20.190289
1028.384262	-20.204445
1028.737152	-20.149094
1029.090284	-20.078154
1029.443659	-20.043310
1029.797276	-20.071693
1030.151137	-20.089862
1030.505240	-20.048585
1030.859587	-19.974381
1031.214178	-19.934243
1031.569013	-19.952664
1031.924093	-19.981864
1032.279417	-19.953124
1032.634985	-19.894034
1032.990799	-19.846786
1033.346858	-19.856907
1033.703162	-19.879237
1034.059712	-19.867340
1034.416509	-19.820293
1034.773551	-19.780095
1035.130841	-19.782608
1035.488377	-19.802608
1035.846160	-19.789579
1036.204190	-19.750626
1036.562468	-19.718178
1036.920994	-19.729186
1037.279768	-19.745063
1037.638790	-19.730025
1037.998061	-19.688966
1038.357581	-19.664252
1038.717350	-19.679303
1039.077368	-19.700596
1039.437636	-19.691379
1039.798154	-19.647991
1040.158922	-19.619755
1040.519940	-19.631466
1040.881209	-19.661660
1041.242729	-19.664611
1041.604501	-19.624189
1041.966524	-19.589023
1042.328798	-19.594276
1042.691325	-19.622649
1043.054103	-19.636720
1043.417135	-19.602888
1043.780419	-19.572027
1044.143956	-19.562863
1044.507746	-19.580917
1044.871791	-19.592484
1045.236088	-19.571507
1045.600641	-19.535158
1045.965447	-19.522898
1046.330508	-19.522279
1046.695824	-19.527634
1047.061395	-19.496194
1047.427222	-19.462541
1047.793304	-19.443639
1048.159642	-19.432002
1048.526237	-19.420204
1048.893088	-19.380241
1049.260196	-19.336030
1049.627561	-19.309632
1049.995183	-19.292874
1050.363063	-19.273170
1050.731201	-19.222862
1051.099597	-19.167492
1051.468251	-19.130372
1051.837164	-19.114225
1052.206336	-19.093117
1052.575767	-19.041619
1052.945458	-18.984630
1053.315409	-18.938148
1053.685619	-18.920230
1054.056090	-18.904374
1054.426821	-18.865488
1054.797814	-18.811657
1055.169067	-18.767357
1055.540582	-18.745814
1055.912359	-18.742048
1056.284398	-18.712305
1056.656698	-18.675676
1057.029262	-18.639878
1057.402088	-18.621778
1057.775177	-18.622478
1058.148530	-18.610965
1058.522146	-18.586596
1058.896027	-18.566153
1059.270171	-18.551465
1059.644580	-18.564634
1060.019254	-18.564901
1060.394193	-18.545697
1060.769397	-18.538037
1061.144867	-18.535682
1061.520602	-18.553689
1061.896604	-18.559515
1062.272872	-18.547308
1062.649407	-18.542905
1063.026210	-18.546080
1063.403279	-18.563491
1063.780616	-18.579529
1064.158221	-18.567171
1064.536094	-18.555993
1064.914235	-18.557958
1065.292645	-18.579055
1065.671325	-18.590767
1066.050273	-18.580963
1066.429491	-18.566457
1066.808979	-18.559869
1067.188738	-18.572630
1067.568766	-18.588566
1067.949066	-18.580339
1068.329636	-18.558427
1068.710478	-18.545604
1069.091592	-18.554957
1069.472977	-18.567422
1069.854635	-18.552949
1070.236565	-18.539459
1070.618768	-18.521487
1071.001243	-18.512889
1071.383993	-18.528530
1071.767016	-18.517637
1072.150313	-18.486077
1072.533884	-18.474909
1072.917730	-18.460683
1073.301850	-18.459599
1073.686246	-18.446667
1074.070917	-18.414785
1074.455864	-18.387458
1074.841087	-18.371515
1075.226586	-18.361227
1075.612362	-18.339770
1075.998415	-18.296890
1076.384745	-18.264433
1076.771353	-18.238614
1077.158238	-18.218055
1077.545401	-18.196999
1077.932843	-18.140270
1078.320564	-18.098148
1078.708564	-18.067668
1079.096842	-18.041576
1079.485401	-18.012596
1079.874240	-17.961121
1080.263358	-17.902984
1080.652757	-17.871094
1081.042438	-17.840126
1081.432399	-17.811985
1081.822641	-17.764031
1082.213166	-17.702825
1082.603972	-17.668525
1082.995061	-17.637047
1083.386433	-17.610680
1083.778087	-17.573946
1084.170025	-17.518130
1084.562246	-17.483715
1084.954751	-17.459553
1085.347541	-17.432762
1085.740615	-17.414529
1086.133973	-17.374766
1086.527617	-17.338339
1086.921546	-17.327519
1087.315761	-17.312577
1087.710262	-17.298261
1088.105050	-17.283744
1088.500124	-17.255879
1088.895485	-17.250193
1089.291134	-17.252592
1089.687070	-17.239993
1090.083294	-17.237416
1090.479806	-17.231223
1090.876607	-17.227138
1091.273696	-17.232257
1091.671075	-17.227886
1092.068744	-17.224862
1092.466702	-17.232818
1092.864950	-17.229630
1093.263489	-17.233103
1093.662319	-17.230050
1094.061440	-17.221291
1094.460852	-17.225856
1094.860555	-17.232416
1095.260551	-17.229211
1095.660840	-17.218035
1096.061421	-17.204625
1096.462295	-17.205493
1096.863462	-17.210075
1097.264923	-17.205485
1097.666678	-17.195318
1098.068727	-17.170960
1098.471071	-17.164665
1098.873710	-17.176768
1099.276644	-17.169874
1099.679874	-17.153981
1100.083400	-17.138266
1100.487222	-17.120210
1100.891340	-17.129680
1101.295756	-17.134539
1101.700468	-17.111243
1102.105478	-17.095544
1102.510787	-17.080392
1102.916393	-17.076438
1103.322298	-17.088045
1103.728502	-17.069113
1104.135005	-17.035271
1104.541807	-17.027879
1104.948909	-17.020206
1105.356312	-17.014248
1105.764015	-17.003978
1106.172019	-16.968053
1106.580324	-16.942075
1106.988931	-16.937939
1107.397840	-16.929021
1107.807051	-16.905337
1108.216564	-16.871254
1108.626380	-16.844095
1109.036500	-16.833099
1109.446923	-16.819229
1109.857649	-16.793118
1110.268680	-16.759919
1110.680016	-16.733560
1111.091657	-16.722304
1111.503602	-16.708453
1111.915854	-16.677742
1112.328411	-16.649806
1112.741275	-16.630708
1113.154445	-16.620136
1113.567922	-16.608466
1113.981706	-16.580557
1114.395798	-16.552654
1114.810198	-16.544663
1115.224906	-16.540018
1115.639923	-16.522501
1116.055249	-16.504296
1116.470884	-16.479672
1116.886829	-16.469021
1117.303084	-16.474293
1117.719650	-16.458517
1118.136526	-16.429732
1118.553713	-16.414355
1118.971212	-16.408161
1119.389022	-16.403254
1119.807145	-16.389572
1120.225580	-16.355165
1120.644328	-16.336646
1121.063389	-16.335188
1121.482763	-16.321701
1121.902452	-16.296710
1122.322454	-16.265497
1122.742771	-16.239435
1123.163404	-16.233491
1123.584351	-16.219410
1124.005614	-16.183849
1124.427193	-16.150049
1124.849089	-16.125843
1125.271301	-16.110580
1125.693830	-16.095390
1126.116677	-16.057634
1126.539842	-16.018792
1126.963324	-16.004962
1127.387126	-15.987604
1127.811246	-15.957216
1128.235685	-15.927744
1128.660444	-15.898566
1129.085522	-15.884331
1129.510922	-15.873224
1129.936641	-15.836461
1130.362682	-15.801248
1130.789044	-15.796424
1131.215728	-15.788726
1131.642734	-15.764432
1132.070063	-15.736113
1132.497714	-15.707285
1132.925689	-15.701340
1133.353987	-15.705614
1133.782610	-15.679997
1134.211556	-15.641764
1134.640827	-15.627857
1135.070424	-15.627344
1135.500345	-15.618001
1135.930593	-15.594212
1136.361166	-15.562152
1136.792067	-15.549128
1137.223294	-15.548468
1137.654848	-15.528395
1138.086730	-15.497071
1138.518940	-15.476326
1138.951479	-15.464591
1139.384346	-15.451208
1139.817543	-15.423410
1140.251069	-15.387358
1140.684925	-15.372500
1141.119111	-15.365473
1141.553628	-15.333759
1141.988475	-15.296777
1142.423655	-15.274855
1142.859166	-15.257721
1143.295009	-15.239955
1143.731185	-15.212123
1144.167694	-15.173963
1144.604536	-15.151665
1145.041711	-15.143326
1145.479221	-15.119002
1145.917065	-15.085368
1146.355245	-15.066895
1146.793759	-15.047438
1147.232609	-15.026106
1147.671795	-15.010352
1148.111317	-14.993277
1148.551177	-14.974378
1148.991373	-14.955530
1149.431907	-14.938383
1149.872779	-14.929272
1150.313989	-14.926883
1150.755538	-14.909143
1151.197426	-14.884558
1151.639653	-14.879257
1152.082220	-14.883861
1152.525128	-14.879547
1152.968376	-14.863563
1153.411966	-14.841814
1153.855897	-14.842424
1154.300169	-14.860467
1154.744784	-14.851693
1155.189742	-14.823691
1155.635042	-14.820212
1156.080687	-14.832081
1156.526674	-14.832229
1156.973007	-14.825795
1157.419683	-14.810304
1157.866705	-14.799263
1158.314072	-14.813010
1158.761786	-14.818407
1159.209845	-14.799438
1159.658251	-14.784960
1160.107004	-14.785638
1160.556104	-14.790588
1161.005553	-14.786300
1161.455349	-14.772278
1161.905494	-14.756937
1162.355989	-14.755589
1162.806832	-14.756121
1163.258026	-14.747890
1163.709570	-14.731983
1164.161464	-14.716149
1164.613710	-14.710357
1165.066307	-14.710225
1165.519256	-14.699812
1165.972558	-14.672537
1166.426212	-14.659533
1166.880219	-14.662696
1167.334580	-14.648113
1167.789295	-14.626446
1168.244364	-14.612408
1168.699788	-14.599467
1169.155567	-14.586305
1169.611702	-14.578581
1170.068193	-14.557550
1170.525041	-14.532349
1170.982245	-14.524802
1171.439807	-14.519629
1171.897726	-14.495493
1172.356004	-14.470820
1172.814640	-14.461978
1173.273635	-14.451054
1173.732989	-14.433121
1174.192703	-14.413467
1174.652778	-14.394866
1175.113213	-14.384099
1175.574009	-14.372857
1176.035167	-14.352458
1176.496687	-14.332283
1176.958569	-14.322615
1177.420814	-14.310691
1177.883422	-14.291867
1178.346394	-14.277970
1178.809730	-14.262828
1179.273430	-14.248138
1179.737496	-14.239482
1180.201927	-14.225110
1180.666723	-14.203138
1181.131886	-14.193653
1181.597416	-14.190268
1182.063312	-14.169779
1182.529576	-14.149565
1182.996209	-14.146516
1183.463209	-14.137317
1183.930579	-14.115790
1184.398317	-14.104534
1184.866426	-14.097092
1185.334904	-14.082188
1185.803754	-14.069374
1186.272974	-14.057866
1186.742566	-14.043996
1187.212529	-14.032528
1187.682865	-14.022394
1188.153574	-14.006483
1188.624656	-13.992741
1189.096112	-13.985108
1189.567942	-13.970071
1190.040147	-13.953735
1190.512726	-13.945113
1190.985681	-13.933240
1191.459012	-13.914820
1191.932720	-13.904270
1192.406804	-13.895193
1192.881265	-13.876518
1193.356104	-13.862859
1193.831322	-13.855481
1194.306918	-13.839121
1194.782893	-13.822011
1195.259248	-13.814803
1195.735982	-13.801783
1196.213097	-13.782171
1196.690593	-13.773239
1197.168471	-13.764860
1197.646730	-13.744636
1198.125371	-13.730688
1198.604395	-13.726357
1199.083803	-13.710397
1199.563594	-13.691101
1200.043769	-13.684432
1200.524329	-13.675429
1201.005273	-13.656316
1201.486604	-13.644592
1201.968320	-13.636495
1202.450422	-13.621319
1202.932912	-13.608537
1203.415789	-13.599708
1203.899054	-13.583196
1204.382707	-13.570463
1204.866748	-13.565338
1205.351179	-13.548952
1205.836000	-13.529294
1206.321211	-13.525525
1206.806812	-13.518099
1207.292805	-13.493955
1207.779189	-13.480198
1208.265965	-13.479753
1208.753134	-13.464656
1209.240696	-13.440567
1209.728651	-13.433199
1210.217000	-13.429077
1210.705744	-13.408746
1211.194883	-13.390255
1211.684417	-13.384220
1212.174347	-13.373589
1212.664673	-13.354386
1213.155396	-13.341294
1213.646516	-13.330705
1214.138034	-13.316584
1214.629951	-13.303837
1215.122266	-13.289696
1215.614980	-13.273425
1216.108095	-13.263159
1216.601609	-13.253608
1217.095524	-13.233512
1217.589841	-13.217118
1218.084559	-13.213179
1218.579679	-13.200140
1219.075202	-13.175370
1219.571128	-13.165159
1220.067458	-13.163032
1220.564191	-13.142615
1221.061330	-13.119783
1221.558874	-13.116199
1222.056823	-13.109185
1222.555178	-13.084509
1223.053940	-13.068274
1223.553109	-13.066511
1224.052686	-13.052239
1224.552671	-13.028993
1225.053065	-13.019406
1225.553867	-13.013726
1226.055079	-12.994792
1226.556702	-12.977737
1227.058735	-12.970227
1227.561179	-12.958306
1228.064035	-12.941069
1228.567303	-12.929169
1229.070983	-12.919314
1229.575077	-12.904202
1230.079585	-12.892106
1230.584506	-12.882057
1231.089842	-12.867841
1231.595594	-12.855503
1232.101761	-12.847665
1232.608345	-12.835157
1233.115345	-12.820701
1233.622762	-12.813690
1234.130597	-12.805950
1234.638851	-12.791578
1235.147523	-12.781497
1235.656615	-12.777647
1236.166126	-12.768078
1236.676058	-12.755155
1237.186411	-12.750671
1237.697185	-12.747451
1238.208381	-12.735847
1238.719999	-12.728047
1239.232040	-12.728043
1239.744505	-12.722039
1240.257394	-12.711899
1240.770708	-12.710696
1241.284446	-12.711661
1241.798610	-12.702779
1242.313201	-12.697366
1242.828218	-12.701597
1243.343662	-12.699797
1243.859534	-12.690604
1244.375834	-12.691542
1244.892563	-12.697759
1245.409721	-12.691909
1245.927309	-12.685440
1246.445327	-12.692440
1246.963777	-12.696039
1247.482657	-12.687883
1248.001970	-12.686768
1248.521716	-12.696072
1249.041894	-12.695423
1249.562506	-12.687439
1250.083553	-12.692281
1250.605034	-12.699796
1251.126950	-12.694847
1251.649302	-12.690856
1252.172091	-12.698726
1252.695316	-12.701591
1253.218979	-12.694929
1253.743079	-12.696439
1254.267619	-12.703802
1254.792597	-12.701052
1255.318015	-12.696368
1255.843874	-12.702485
1256.370173	-12.705512
1256.896913	-12.698699
1257.424095	-12.699213
1257.951720	-12.706296
1258.479787	-12.703084
1259.008298	-12.696504
1259.537254	-12.701725
1260.066654	-12.705959
1260.596499	-12.698086
1261.126790	-12.694325
1261.657527	-12.701688
1262.188711	-12.701126
1262.720342	-12.690928
1263.252422	-12.691087
1263.784950	-12.697047
1264.317928	-12.691468
1264.851355	-12.682276
1265.385232	-12.684364
1265.919560	-12.686435
1266.454340	-12.677138
1266.989572	-12.670141
1267.525256	-12.671918
1268.061394	-12.668419
1268.597985	-12.657788
1269.135031	-12.652646
1269.672531	-12.651514
1270.210487	-12.642939
1270.748899	-12.632001
1271.287768	-12.627675
1271.827094	-12.622183
1272.366877	-12.609313
1272.907119	-12.598642
1273.447820	-12.593811
1273.988981	-12.583464
1274.530601	-12.567034
1275.072683	-12.557258
1275.615226	-12.550792
1276.158230	-12.535334
1276.701697	-12.516997
1277.245627	-12.508184
1277.790021	-12.499086
1278.334879	-12.478335
1278.880202	-12.460334
1279.425991	-12.452688
1279.972245	-12.438168
1280.518966	-12.414465
1281.066155	-12.399625
1281.613811	-12.390184
1282.161936	-12.369987
1282.710529	-12.346845
1283.259593	-12.334668
1283.809126	-12.321083
1284.359131	-12.296863
1284.909607	-12.276662
1285.460555	-12.265523
1286.011976	-12.246848
1286.563870	-12.221383
1287.116237	-12.204712
1287.669080	-12.191967
1288.222397	-12.169073
1288.776191	-12.145058
1289.330460	-12.130252
1289.885207	-12.114592
1290.440431	-12.090027
1290.996133	-12.068006
1291.552314	-12.053346
1292.108975	-12.034925
1292.666115	-12.010481
1293.223737	-11.989939
1293.781839	-11.974851
1294.340424	-11.954571
1294.899491	-11.930426
1295.459041	-11.912203
1296.019075	-11.896179
1296.579593	-11.874049
1297.140597	-11.851468
1297.702086	-11.835878
1298.264061	-11.818571
1298.826524	-11.795105
1299.389474	-11.775909
1299.952912	-11.762281
1300.516839	-11.742823
1301.081255	-11.720521
1301.646162	-11.705641
1302.211559	-11.691572
1302.777448	-11.671851
1303.343829	-11.653155
1303.910702	-11.639992
1304.478069	-11.625799
1305.045930	-11.607774
1305.614285	-11.592190
1306.183136	-11.580379
1306.752483	-11.566839
1307.322326	-11.550635
1307.892666	-11.537888
1308.463504	-11.528044
1309.034841	-11.514531
1309.606677	-11.500016
1310.179012	-11.491263
1310.751849	-11.482688
1311.325186	-11.468621
1311.899025	-11.457035
1312.473366	-11.451932
1313.048211	-11.442959
1313.623559	-11.429798
1314.199412	-11.422083
1314.775770	-11.418094
1315.352634	-11.409681
1315.930004	-11.398925
1316.507881	-11.393565
1317.086266	-11.390431
1317.665159	-11.383598
1318.244562	-11.375017
1318.824474	-11.371366
1319.404897	-11.370461
1319.985831	-11.363707
1320.567276	-11.357368
1321.149234	-11.358044
1321.731706	-11.356437
1322.314691	-11.350138
1322.898190	-11.348595
1323.482205	-11.351145
1324.066736	-11.348522
1324.651783	-11.344369
1325.237347	-11.347321
1325.823430	-11.349865
1326.410031	-11.347037
1326.997151	-11.347149
1327.584791	-11.350920
1328.172952	-11.353468
1328.761634	-11.353429
1329.350839	-11.354148
1329.940566	-11.359483
1330.530817	-11.363588
1331.121592	-11.363224
1331.712891	-11.366260
1332.304716	-11.373350
1332.897068	-11.376099
1333.489946	-11.377021
1334.083352	-11.383342
1334.677287	-11.389548
1335.271750	-11.392063
1335.866744	-11.395194
1336.462268	-11.402203
1337.058323	-11.409570
1337.654910	-11.411130
1338.252029	-11.414788
1338.849682	-11.425585
1339.447869	-11.431419
1340.046591	-11.431688
1340.645848	-11.439099
1341.245641	-11.450493
1341.845972	-11.453886
1342.446840	-11.455950
1343.048246	-11.465920
1343.650191	-11.475436
1344.252677	-11.478775
1344.855702	-11.483053
1345.459269	-11.493368
1346.063379	-11.502246
1346.668030	-11.505096
1347.273226	-11.511275
1347.878965	-11.522692
1348.485250	-11.529508
1349.092080	-11.532628
1349.699456	-11.541303
1350.307380	-11.552377
1350.915851	-11.557956
1351.524871	-11.561634
1352.134441	-11.571603
1352.744560	-11.583438
1353.355231	-11.587364
1353.966453	-11.591263
1354.578227	-11.604067
1355.190555	-11.614836
1355.803436	-11.616876
1356.416872	-11.623559
1357.030863	-11.637866
1357.645411	-11.645874
1358.260515	-11.648599
1358.876177	-11.658523
1359.492397	-11.672118
1360.109176	-11.677814
1360.726516	-11.682260
1361.344416	-11.695775
1361.962877	-11.707231
1362.581901	-11.710246
1363.201487	-11.719268
1363.821637	-11.734862
1364.442352	-11.741910
1365.063632	-11.745698
1365.685478	-11.759360
1366.307891	-11.774005
1366.930871	-11.778500
1367.554420	-11.785025
1368.178538	-11.801907
1368.803226	-11.814184
1369.428485	-11.818173
1370.054315	-11.829279
1370.680717	-11.846534
1371.307693	-11.855929
1371.935242	-11.863284
1372.563366	-11.878429
1373.192065	-11.892570
1373.821341	-11.902167
1374.451193	-11.914745
1375.081623	-11.930238
1375.712632	-11.942523
1376.344221	-11.954399
1376.976389	-11.970783
1377.609139	-11.985997
1378.242470	-11.997044
1378.876384	-12.012751
1379.510881	-12.031481
1380.145963	-12.044625
1380.781629	-12.058119
1381.417881	-12.076943
1382.054720	-12.094699
1382.692147	-12.108669
1383.330161	-12.125279
1383.968765	-12.145070
1384.607959	-12.162047
1385.247743	-12.177727
1385.888119	-12.197777
1386.529087	-12.216997
1387.170648	-12.233106
1387.812804	-12.252559
1388.455554	-12.274146
1389.098899	-12.292159
1389.742842	-12.309563
1390.387381	-12.331717
1391.032519	-12.354571
1391.678256	-12.371898
1392.324592	-12.390654
1392.971529	-12.416285
1393.619068	-12.439132
1394.267208	-12.455568
1394.915952	-12.477798
1395.565300	-12.505593
1396.215253	-12.527155
1396.865812	-12.544479
1397.516977	-12.570052
1398.168749	-12.599547
1398.821130	-12.619098
1399.474120	-12.638212
1400.127719	-12.668952
1400.781930	-12.697079
1401.436752	-12.715229
1402.092186	-12.739090
1402.748234	-12.771928
1403.404897	-12.798155
1404.062174	-12.816836
1404.720067	-12.844644
1405.378577	-12.878302
1406.037705	-12.901432
1406.697451	-12.922863
1407.357817	-12.954700
1408.018803	-12.985063
1408.680410	-13.007436
1409.342639	-13.033813
1410.005492	-13.066313
1410.668968	-13.093208
1411.333068	-13.116869
1411.997795	-13.147768
1412.663147	-13.178407
1413.329127	-13.202291
1413.995736	-13.229928
1414.662973	-13.261305
1415.330840	-13.288956
1415.999339	-13.314437
1416.668469	-13.342680
1417.338232	-13.372707
1418.008628	-13.400484
1418.679659	-13.427513
1419.351325	-13.455374
1420.023628	-13.483485
1420.696568	-13.513940
1421.370145	-13.541583
1422.044362	-13.566317
1422.719219	-13.596425
1423.394717	-13.627336
1424.070856	-13.652364
1424.747638	-13.677814
1425.425064	-13.708433
1426.103134	-13.737096
1426.781850	-13.760713
1427.461212	-13.788946
1428.141221	-13.819166
1428.821878	-13.843986
1429.503185	-13.871349
1430.185141	-13.902279
1430.867749	-13.928995
1431.551008	-13.955739
1432.234920	-13.986286
1432.919486	-14.016203
1433.604707	-14.042277
1434.290583	-14.071116
1434.977116	-14.102036
1435.664307	-14.128352
1436.352156	-14.156258
1437.040664	-14.186076
1437.729833	-14.212248
1438.419663	-14.240464
1439.110156	-14.270660
1439.801312	-14.298103
1440.493132	-14.325895
1441.185617	-14.358763
1441.878768	-14.390002
1442.572586	-14.418211
1443.267072	-14.453068
1443.962228	-14.489016
1444.658053	-14.518555
1445.354549	-14.552986
1446.051717	-14.590806
1446.749558	-14.621863
1447.448073	-14.652712
1448.147263	-14.688238
1448.847128	-14.719228
1449.547671	-14.745468
1450.248891	-14.776704
1450.950789	-14.805759
1451.653368	-14.829271
1452.356627	-14.857532
1453.060568	-14.885611
1453.765192	-14.909870
1454.470500	-14.938710
1455.176492	-14.969053
1455.883170	-14.996764
1456.590534	-15.028366
1457.298586	-15.063488
1458.007327	-15.093795
1458.716758	-15.127223
1459.426880	-15.164250
1460.137693	-15.193125
1460.849199	-15.222314
1461.561398	-15.253460
1462.274293	-15.274342
1462.987883	-15.291028
1463.702170	-15.308098
1464.417155	-15.314589
1465.132838	-15.313412
1465.849222	-15.312930
1466.566306	-15.303139
1467.284093	-15.285972
1468.002582	-15.271072
1468.721775	-15.249679
1469.441674	-15.223971
1470.162278	-15.202318
1470.883590	-15.177767
1471.605609	-15.151775
1472.328338	-15.130780
1473.051777	-15.109087
1473.775928	-15.086587
1474.500790	-15.068414
1475.226367	-15.048601
1475.952657	-15.026247
1476.679663	-15.005019
1477.407386	-14.977958
1478.135826	-14.945234
1478.864985	-14.907967
1479.594863	-14.859947
1480.325463	-14.802635
1481.056784	-14.735313
1481.788828	-14.654175
1482.521597	-14.561825
1483.255090	-14.457810
1483.989309	-14.340523
1484.724256	-14.214519
1485.459931	-14.079766
1486.196336	-13.936418
1486.933471	-13.791109
1487.671337	-13.642381
1488.409937	-13.492587
1489.149270	-13.347817
1489.889337	-13.204870
1490.630141	-13.067752
1491.371682	-12.939553
1492.113961	-12.817039
1492.856979	-12.703614
1493.600738	-12.600291
1494.345238	-12.503472
1495.090481	-12.416286
1495.836467	-12.337936
1496.583198	-12.264733
1497.330675	-12.200433
1498.078899	-12.141264
1498.827872	-12.085785
1499.577593	-12.036046
1500.328065	-11.986619
1501.079289	-11.938235
1501.831265	-11.889201
1502.583995	-11.834967
1503.337480	-11.775905
1504.091721	-11.707855
1504.846719	-11.628145
1505.602475	-11.536155
1506.358991	-11.428390
1507.116268	-11.304780
1507.874306	-11.165815
1508.633108	-11.011096
1509.392673	-10.844443
1510.153004	-10.668463
1510.914101	-10.486723
1511.675965	-10.305830
1512.438599	-10.129072
1513.202002	-9.963315
1513.966176	-9.814056
1514.731122	-9.685141
1515.496842	-9.583997
1516.263336	-9.513242
1517.030607	-9.478913
1517.798654	-9.485556
1518.567479	-9.536815
1519.337083	-9.639274
1520.107468	-9.796781
1520.878634	-10.016371
1521.650584	-10.305034
1522.423317	-10.670454
1523.196836	-11.123266
1523.971141	-11.674052
1524.746233	-12.335688
1525.522115	-13.121394
1526.298786	-14.039801
1527.076249	-15.087233
1527.854504	-16.220398
1528.633553	-17.305390
1529.413397	-18.057773
1530.194037	-18.113264
1530.975474	-17.363449
1531.757709	-16.086435
1532.540745	-14.639730
1533.324581	-13.230563
1534.109220	-11.944679
1534.894662	-10.802688
1535.680909	-9.802565
1536.467961	-8.934891
1537.255821	-8.187415
1538.044489	-7.550465
1538.833967	-7.014119
1539.624256	-6.570700
1540.415357	-6.213542
1541.207271	-5.936206
1542.000000	-5.733912
1542.793545	-5.601301
1543.587907	-5.533552
1544.383087	-5.526427
1545.179088	-5.574057
1545.975909	-5.672393
1546.773552	-5.814882
1547.572019	-5.996026
1548.371311	-6.209636
1549.171428	-6.447807
1549.972373	-6.705053
1550.774147	-6.972327
1551.576751	-7.244229
1552.380185	-7.513499
1553.184453	-7.774859
1553.989554	-8.025123
1554.795490	-8.260529
1555.602263	-8.482021
1556.409873	-8.688991
1557.218322	-8.884498
1558.027612	-9.071193
1558.837743	-9.252179
1559.648717	-9.431583
1560.460536	-9.611805
1561.273200	-9.796361
1562.086710	-9.987111
1562.901069	-10.185918
1563.716278	-10.394490
1564.532337	-10.613356
1565.349249	-10.844037
1566.167014	-11.086704
1566.985634	-11.342553
1567.805111	-11.611975
1568.625444	-11.895623
1569.446637	-12.194172
1570.268690	-12.507328
1571.091605	-12.835405
1571.915382	-13.176705
1572.740024	-13.530210
1573.565532	-13.891942
1574.391907	-14.258452
1575.219150	-14.622832
1576.047262	-14.978230
1576.876246	-15.314537
1577.706103	-15.621840
1578.536833	-15.888337
1579.368439	-16.103748
1580.200922	-16.258667
1581.034282	-16.347559
1581.868522	-16.368689
1582.703643	-16.324279
1583.539646	-16.221687
1584.376532	-16.069010
1585.214304	-15.878765
1586.052962	-15.659689
1586.892508	-15.424551
1587.732943	-15.179356
1588.574269	-14.934152
1589.416487	-14.691645
1590.259599	-14.458593
1591.103605	-14.235336
1591.948508	-14.025591
1592.794309	-13.828453
1593.641009	-13.645250
1594.488609	-13.474720
1595.337112	-13.316248
1596.186518	-13.168755
1597.036829	-13.030408
1597.888047	-12.900511
1598.740172	-12.776541
1599.593207	-12.658451
1600.447153	-12.543541
1601.302010	-12.432364
1602.157782	-12.322578
1603.014469	-12.215269
1603.872072	-12.108647
1604.730593	-12.004195
1605.590034	-11.900756
1606.450397	-11.800001
1607.311681	-11.701209
1608.173890	-11.606089
1609.037024	-11.514259
1609.901085	-11.427195
1610.766075	-11.344772
1611.631995	-11.268042
1612.498846	-11.197051
1613.366630	-11.132415
1614.235349	-11.074089
1615.105004	-11.022442
1615.975596	-10.977296
1616.847128	-10.938743
1617.719600	-10.906462
1618.593014	-10.880437
1619.467372	-10.860105
1620.342675	-10.845437
1621.218924	-10.835648
1622.096122	-10.830682
1622.974270	-10.829651
1623.853369	-10.832451
1624.733420	-10.838101
1625.614427	-10.846538
1626.496389	-10.856784
1627.379308	-10.868788
1628.263187	-10.881756
1629.148026	-10.895594
1630.033828	-10.909841
1630.920593	-10.924389
1631.808324	-10.939150
1632.697022	-10.954034
1633.586688	-10.969277
1634.477324	-10.984841
1635.368932	-11.001210
1636.261514	-11.018292
1637.155070	-11.036709
1638.049602	-11.056392
1638.945113	-11.077847
1639.841603	-11.101007
1640.739075	-11.126280
1641.637529	-11.153487
1642.536968	-11.182907
1643.437393	-11.214224
1644.338806	-11.247583
1645.241209	-11.282513
1646.144602	-11.319051
1647.048988	-11.356538
1647.954368	-11.395085
1648.860744	-11.433972
1649.768118	-11.473367
1650.676491	-11.512659
1651.585865	-11.552160
1652.496241	-11.591321
1653.407621	-11.630651
1654.320008	-11.669667
1655.233401	-11.708994
1656.147804	-11.748294
1657.063218	-11.788088
1657.979645	-11.828216
1658.897085	-11.869036
1659.815542	-11.910527
1660.735016	-11.952838
1661.655509	-11.996042
1662.577023	-12.040095
1663.499560	-12.085142
1664.423121	-12.130966
1665.347709	-12.177752
1666.273324	-12.225127
1667.199969	-12.273302
1668.127645	-12.321855
1669.056353	-12.370910
1669.986097	-12.420196
1670.916877	-12.469717
1671.848695	-12.519439
1672.781553	-12.569288
1673.715452	-12.619300
1674.650395	-12.669451
1675.586383	-12.719868
1676.523418	-12.770521
1677.461501	-12.821543
1678.400635	-12.872932
1679.340821	-12.924819
1680.282061	-12.977240
1681.224357	-13.030135
1682.167710	-13.083681
1683.112122	-13.137665
1684.057595	-13.192193
1685.004132	-13.246986
1685.951732	-13.302208
1686.900400	-13.357596
1687.850135	-13.413234
1688.800940	-13.469003
1689.752818	-13.524965
1690.705768	-13.581123
1691.659795	-13.637466
1692.614898	-13.694014
1693.571081	-13.750647
1694.528345	-13.807447
1695.486691	-13.864248
1696.446122	-13.921089
1697.406640	-13.977897
1698.368245	-14.034555
1699.330941	-14.091142
1700.294729	-14.147666
1701.259611	-14.204057
1702.225588	-14.260283
1703.192664	-14.316327
1704.160838	-14.372134
1705.130114	-14.427683
1706.100493	-14.482924
1707.071977	-14.537869
1708.044568	-14.592634
1709.018268	-14.647233
1709.993079	-14.701790
1710.969003	-14.756380
1711.946041	-14.810987
1712.924196	-14.865690
1713.903469	-14.920332
1714.883862	-14.975055
1715.865378	-15.029649
1716.848017	-15.084118
1717.831783	-15.138587
1718.816677	-15.192871
1719.802701	-15.247151
1720.789857	-15.301369
1721.778147	-15.355554
1722.767573	-15.409620
1723.758136	-15.463607
1724.749840	-15.517405
1725.742685	-15.570842
1726.736673	-15.623787
1727.731808	-15.675976
1728.728090	-15.727304
1729.725521	-15.777498
1730.724105	-15.826414
1731.723842	-15.874139
1732.724735	-15.920436
1733.726785	-15.965453
1734.729995	-16.009067
1735.734366	-16.051179
1736.739902	-16.091876
1737.746603	-16.130833
1738.754472	-16.167974
1739.763510	-16.203138
1740.773721	-16.236296
1741.785105	-16.267285
1742.797665	-16.296185
1743.811403	-16.322854
1744.826321	-16.347516
1745.842422	-16.370197
1746.859706	-16.391026
1747.878177	-16.410201
1748.897835	-16.427868
1749.918685	-16.444012
1750.940726	-16.458578
1751.963963	-16.471552
1752.988395	-16.482722
1754.014027	-16.492170
1755.040860	-16.499521
1756.068895	-16.505039
1757.098135	-16.508713
1758.128583	-16.510508
1759.160240	-16.510761
1760.193109	-16.509359
1761.227191	-16.506449
1762.262488	-16.502094
1763.299004	-16.495955
1764.336740	-16.488062
1765.375697	-16.478253
1766.415880	-16.466363
1767.457288	-16.452382
1768.499926	-16.436424
1769.543794	-16.418586
1770.588895	-16.398954
1771.635231	-16.377739
1772.682805	-16.354851
1773.731619	-16.330449
1774.781674	-16.304323
1775.832973	-16.276476
1776.885519	-16.246897
1777.939312	-16.215485
1778.994357	-16.182407
1780.050654	-16.147866
1781.108207	-16.111940
1782.167017	-16.075033
1783.227087	-16.037269
1784.288418	-15.998780
1785.351013	-15.959864
1786.414875	-15.920474
1787.480006	-15.880739
1788.546407	-15.840754
1789.614082	-15.800437
1790.683032	-15.759822
1791.753259	-15.719095
1792.824767	-15.678212
1793.897557	-15.637405
1794.971632	-15.596751
1796.046994	-15.556258
1797.123645	-15.516012
1798.201588	-15.475929
1799.280824	-15.435903
1800.361357	-15.395908
1801.443188	-15.355756
1802.526320	-15.315411
1803.610756	-15.274930
1804.696497	-15.234174
1805.783546	-15.193328
1806.871906	-15.152401
1807.961578	-15.111394
1809.052565	-15.070405
1810.144870	-15.029457
1811.238494	-14.988500
1812.333441	-14.947563
1813.429713	-14.906511
1814.527311	-14.865162
1815.626239	-14.823545
1816.726499	-14.781577
1817.828094	-14.739407
1818.931025	-14.697285
1820.035295	-14.655256
1821.140906	-14.613435
1822.247862	-14.571808
1823.356165	-14.530157
1824.465816	-14.488501
1825.576819	-14.446707
1826.689175	-14.404745
1827.802888	-14.362827
1828.917960	-14.320959
1830.034394	-14.279257
1831.152191	-14.237859
1832.271354	-14.196716
1833.391887	-14.155820
1834.513790	-14.115164
1835.637068	-14.074563
1836.761722	-14.034007
1837.887755	-13.993501
1839.015169	-13.953048
1840.143968	-13.912891
1841.274153	-13.873144
1842.405727	-13.833905
1843.538693	-13.795303
1844.673053	-13.757191
1845.808810	-13.719522
1846.945966	-13.682291
1848.084525	-13.645489
1849.224488	-13.609315
1850.365858	-13.573912
1851.508638	-13.539348
1852.652831	-13.505732
1853.798438	-13.473059
1854.945463	-13.441307
1856.093909	-13.410467
1857.243777	-13.380367
1858.395071	-13.350777
1859.547794	-13.321499
1860.701947	-13.292326
1861.857533	-13.263239
1863.014556	-13.234399
1864.173018	-13.205932
1865.332922	-13.177925
1866.494270	-13.150324
1867.657065	-13.122905
1868.821309	-13.095540
1869.987006	-13.068179
1871.154158	-13.040885
1872.322768	-13.013838
1873.492839	-12.987213
1874.664373	-12.961114
1875.837373	-12.935600
1877.011841	-12.910547
1878.187782	-12.885832
1879.365197	-12.861330
1880.544089	-12.836974
1881.724460	-12.812849
1882.906315	-12.789049
1884.089655	-12.765616
1885.274483	-12.742527
1886.460803	-12.719591
1887.648616	-12.696654
1888.837927	-12.673636
1890.028736	-12.650508
1891.221049	-12.627328
1892.414866	-12.604148
1893.610192	-12.580978
1894.807028	-12.557940
1896.005379	-12.535153
1897.205246	-12.512736
1898.406633	-12.490790
1899.609542	-12.469301
1900.813977	-12.448176
1902.019940	-12.427297
1903.227434	-12.406551
1904.436462	-12.385950
1905.647028	-12.365616
1906.859133	-12.345739
1908.072781	-12.326482
1909.287976	-12.307756
1910.504719	-12.289379
1911.723013	-12.271135
1912.942863	-12.252890
1914.164270	-12.234761
1915.387238	-12.216986
1916.611770	-12.199782
1917.837868	-12.183299
1919.065536	-12.167511
1920.294777	-12.152317
1921.525594	-12.137584
1922.757989	-12.123223
1923.991967	-12.109294
1925.227529	-12.095954
1926.464679	-12.083331
1927.703420	-12.071436
1928.943755	-12.060082
1930.185688	-12.049049
1931.429221	-12.038155
1932.674356	-12.027402
1933.921099	-12.016882
1935.169451	-12.006698
1936.419415	-11.996874
1937.670996	-11.987341
1938.924195	-11.977975
1940.179017	-11.968696
1941.435463	-11.959464
1942.693538	-11.950254
1943.953245	-11.941154
1945.214586	-11.932224
1946.477566	-11.923603
1947.742186	-11.915424
1949.008451	-11.907649
1950.276363	-11.900250
1951.545926	-11.893013
1952.817143	-11.885805
1954.090017	-11.878590
1955.364551	-11.871379
1956.640749	-11.864318
1957.918615	-11.857353
1959.198150	-11.850378
1960.479359	-11.843221
1961.762244	-11.835762
1963.046810	-11.828069
1964.333059	-11.820284
1965.620995	-11.812614
1966.910621	-11.805241
1968.201940	-11.798297
1969.494956	-11.791790
1970.789672	-11.785573
1972.086091	-11.779530
1973.384217	-11.773670
1974.684053	-11.768202
1975.985602	-11.763356
1977.288869	-11.759191
1978.593855	-11.755560
1979.900566	-11.752275
1981.209003	-11.749232
1982.519171	-11.746550
1983.831073	-11.744456
1985.144712	-11.743150
1986.460093	-11.742724
1987.777217	-11.743117
1989.096089	-11.744227
1990.416713	-11.745936
1991.739092	-11.748143
1993.063228	-11.750775
1994.389127	-11.753829
1995.716791	-11.757368
1997.046223	-11.761421
1998.377428	-11.765926
1999.710409	-11.770674
2001.045169	-11.775428
2002.381713	-11.780097
2003.720043	-11.784812
2005.060163	-11.789892
2006.402077	-11.795532
2007.745788	-11.801668
2009.091301	-11.808029
2010.438618	-11.814344
2011.787743	-11.820602
2013.138680	-11.826967
2014.491433	-11.833643
2015.846005	-11.840687
2017.202399	-11.847860
2018.560621	-11.854834
2019.920673	-11.861436
2021.282558	-11.867795
2022.646281	-11.874278
2024.011846	-11.881153
2025.379256	-11.888483
2026.748515	-11.896019
2028.119626	-11.903421
2029.492594	-11.910430
2030.867422	-11.917093
2032.244114	-11.923821
2033.622673	-11.931053
2035.003104	-11.939004
2036.385411	-11.947501
2037.769597	-11.956219
2039.155665	-11.965029
2040.543621	-11.974046
2041.933467	-11.983514
2043.325208	-11.993698
2044.718847	-12.004863
2046.114389	-12.017162
2047.511837	-12.030414
2048.911195	-12.044292
2050.312467	-12.058711
2051.715657	-12.074018
2053.120769	-12.090557
2054.527807	-12.108199
2055.936775	-12.126445
2057.347677	-12.144990
2058.760516	-12.164000
2060.175297	-12.183898
2061.592025	-12.204964
2063.010701	-12.227147
2064.431332	-12.250144
2065.853921	-12.273537
2067.278472	-12.297019
2068.704988	-12.320587
2070.133475	-12.344478
2071.563936	-12.368832
2072.996375	-12.393458
2074.430796	-12.417926
2075.867204	-12.442043
2077.305603	-12.465955
2078.745996	-12.489967
2080.188389	-12.514306
2081.632784	-12.539096
2083.079187	-12.564269
2084.527601	-12.589555
2085.978030	-12.614662
2087.430480	-12.639588
2088.884954	-12.664633
2090.341455	-12.690008
2091.799990	-12.715538
2093.260561	-12.740914
2094.723173	-12.766073
2096.187831	-12.791349
2097.654538	-12.817221
2099.123300	-12.843908
2100.594119	-12.871132
2102.067001	-12.898417
2103.541950	-12.925645
2105.018971	-12.953258
2106.498067	-12.981936
2107.979243	-13.011997
2109.462503	-13.043153
2110.947853	-13.075013
2112.435295	-13.107680
2113.924836	-13.141558
2115.416478	-13.176803
2116.910227	-13.213309
2118.406087	-13.251028
2119.904063	-13.289990
2121.404158	-13.330149
2122.906378	-13.371444
2124.410727	-13.414039
2125.917210	-13.458205
2127.425831	-13.503812
2128.936594	-13.550302
2130.449505	-13.597296
2131.964567	-13.645006
2133.481786	-13.693881
2135.001166	-13.743829
2136.522711	-13.794109
2138.046427	-13.843943
2139.572317	-13.893250
2141.100388	-13.942622
2142.630642	-13.992586
2144.163085	-14.042954
2145.697722	-14.092994
2147.234558	-14.142272
2148.773596	-14.191202
2150.314842	-14.240539
2151.858301	-14.290547
2153.403977	-14.340795
2154.951875	-14.390798
2156.502000	-14.440521
2158.054357	-14.490391
2159.608950	-14.540888
2161.165785	-14.592182
2162.724866	-14.643991
2164.286198	-14.695749
2165.849786	-14.747159
2167.415635	-14.798653
2168.983749	-14.851093
2170.554134	-14.904943
2172.126795	-14.959886
2173.701737	-15.015443
2175.278964	-15.071976
2176.858481	-15.130413
2178.440294	-15.191094
2180.024408	-15.253218
2181.610827	-15.315903
2183.199557	-15.379471
2184.790602	-15.445189
2186.383968	-15.513780
2187.979660	-15.584679
2189.577683	-15.657149
2191.178041	-15.731208
2192.780741	-15.807061
2194.385787	-15.884588
2195.993185	-15.963820
2197.602939	-16.044689
2199.215054	-16.126363
2200.829537	-16.208190
2202.446392	-16.290686
2204.065624	-16.374468
2205.687239	-16.458771
2207.311242	-16.542261
2208.937638	-16.624700
2210.566433	-16.707016
2212.197631	-16.789691
2213.831239	-16.871937
2215.467261	-16.952742
2217.105703	-17.032340
2218.746570	-17.112050
2220.389867	-17.192478
2222.035601	-17.272522
2223.683776	-17.351167
2225.334398	-17.429554
2226.987472	-17.509503
2228.643004	-17.590838
2230.300999	-17.671956
2231.961463	-17.752242
2233.624402	-17.832663
2235.289820	-17.914434
2236.957723	-17.997788
2238.628118	-18.081857
2240.301009	-18.165893
2241.976402	-18.250804
2243.654303	-18.338531
2245.334717	-18.429734
2247.017650	-18.522989
2248.703108	-18.616483
2250.391096	-18.710477
2252.081620	-18.807227
2253.774686	-18.908116
2255.470300	-19.011561
2257.168467	-19.115613
2258.869193	-19.221712
2260.572484	-19.332585
2262.278345	-19.447104
2263.986783	-19.562079
2265.697804	-19.678407
2267.411412	-19.799773
2269.127615	-19.926358
2270.846417	-20.054768
2272.567826	-20.182056
2274.291846	-20.307724
2276.018484	-20.433658
2277.747745	-20.561946
2279.479637	-20.690739
2281.214164	-20.815205
2282.951333	-20.933961
2284.691149	-21.049773
2286.433619	-21.163791
2288.178750	-21.273944
2289.926546	-21.378956
2291.677014	-21.480966
2293.430161	-21.583057
2295.185992	-21.685368
2296.944513	-21.785466
2298.705732	-21.883399
2300.469653	-21.982661
2302.236283	-22.084052
2304.005629	-22.185050
2305.777696	-22.284701
2307.552492	-22.384345
2309.330022	-22.485868
2311.110292	-22.590920
2312.893310	-22.698815
2314.679080	-22.808097
2316.467611	-22.920746
2318.258907	-23.040236
2320.052976	-23.166212
2321.849824	-23.296079
2323.649457	-23.430157
2325.451883	-23.572713
2327.257106	-23.726228
2329.065135	-23.886558
2330.875975	-24.049122
2332.689633	-24.217430
2334.506116	-24.394494
2336.325430	-24.575261
2338.147581	-24.754698
2339.972578	-24.933129
2341.800425	-25.110819
2343.631130	-25.286098
2345.464700	-25.455106
2347.301141	-25.613470
2349.140461	-25.763815
2350.982665	-25.909664
2352.827760	-26.045823
2354.675754	-26.167007
2356.526653	-26.278725
2358.380464	-26.388176
2360.237195	-26.494379
2362.096851	-26.594401
2363.959440	-26.691084
2365.824968	-26.790761
2367.693444	-26.894249
2369.564873	-26.996706
2371.439263	-27.099733
2373.316620	-27.209400
2375.196953	-27.317315
2377.080267	-27.425757
2378.966570	-27.546554
2380.855869	-27.672385
2382.748171	-27.802448
2384.643484	-27.937033
2386.541815	-28.072211
2388.443170	-28.218711
2390.347557	-28.377301
2392.254984	-28.531928
2394.165457	-28.687804
2396.078984	-28.853726
2397.995572	-29.033768
2399.915229	-29.221502
2401.837961	-29.407259
2403.763777	-29.601294
2405.692684	-29.807728
2407.624689	-30.008091
2409.559800	-30.219665
2411.498023	-30.423690
2413.439368	-30.647070
2415.383840	-30.861906
2417.331449	-31.071408
2419.282201	-31.270760
2421.236104	-31.457859
2423.193165	-31.645872
2425.153393	-31.808180
2427.116795	-31.968489
2429.083378	-32.106093
2431.053151	-32.225401
2433.026121	-32.339145
2435.002297	-32.429829
2436.981685	-32.527151
2438.964293	-32.605510
2440.950131	-32.694154
2442.939204	-32.765719
2444.931522	-32.856737
2446.927092	-32.940684
2448.925923	-33.033251
2450.928022	-33.137815
2452.933397	-33.233016
2454.942056	-33.363754
2456.954008	-33.491328
2458.969260	-33.646934
2460.987821	-33.766878
2463.009699	-33.915508
2465.034902	-34.073555
2467.063437	-34.256207
2469.095315	-34.401198
2471.130542	-34.586609
2473.169127	-34.784119
2475.211078	-34.983367
2477.256404	-35.206639
2479.305112	-35.439036
2481.357212	-35.746120
2483.412713	-36.025589
2485.471621	-36.321676
2487.533946	-36.628076
2489.599696	-36.990095
2491.668880	-37.280796
2493.741507	-37.580479
2495.817585	-37.869496
2497.897122	-38.127521
2499.980127	-38.318557
2502.066609	-38.491393
2504.156578	-38.697110
2506.250040	-38.786255
2508.347006	-38.865031
2510.447483	-38.910175
2512.551482	-38.966608
2514.659010	-38.942260
2516.770076	-38.966045
2518.884690	-38.997719
2521.002861	-39.013497
2523.124597	-38.975568
2525.249907	-39.013835
2527.378801	-39.072264
2529.511287	-39.069513
2531.647375	-39.115204
2533.787074	-39.210227
2535.930393	-39.302703
2538.077340	-39.380479
2540.227927	-39.512056
2542.382160	-39.652891
2544.540051	-39.795111
2546.701608	-39.941982
2548.866840	-40.130437
2551.035757	-40.309617
2553.208369	-40.513727
2555.384684	-40.796486
2557.564713	-41.095507
2559.748465	-41.432951
2561.935948	-41.855304
2564.127174	-42.340416
2566.322152	-42.760159
2568.520890	-43.318994
2570.723399	-43.864682
2572.929689	-44.403131
2575.139769	-44.872374
2577.353649	-45.382243
2579.571340	-45.803852
2581.792849	-46.085953
2584.018189	-46.383192
2586.247368	-46.549151
2588.480396	-46.614198
2590.717284	-46.597360
2592.958041	-46.592341
2595.202678	-46.476190
2597.451204	-46.341939
2599.703630	-46.242055
2601.959966	-46.077065
2604.220222	-45.971510
2606.484408	-45.795362
2608.752535	-45.736178
2611.024612	-45.641905
2613.300651	-45.543262
2615.580661	-45.487457
2617.864653	-45.391064
2620.152638	-45.468986
2622.444625	-45.399765
2624.740626	-45.464275
2627.040651	-45.434272
2629.344710	-45.485763
2631.652814	-45.490928
2633.964974	-45.545729
2636.281200	-45.788568
2638.601504	-45.969439
2640.925896	-46.250464
2643.254386	-46.658733
2645.586987	-47.181682
2647.923707	-47.727939
2650.264559	-48.357261
2652.609554	-49.128644
2654.958702	-49.798970
2657.312015	-50.600429
2659.669503	-51.419577
2662.031178	-52.253282
2664.397051	-52.963704
2666.767132	-53.642046
2669.141434	-54.438004
2671.519968	-54.940213
2673.902745	-55.467216
2676.289776	-55.664218
2678.681072	-55.550738
2681.076646	-55.925672
2683.476508	-55.613510
2685.880671	-55.548378
2688.289145	-55.462931
2690.701942	-54.840481
2693.119075	-54.906105
2695.540554	-54.747035
2697.966391	-54.055495
2700.396599	-53.785779
2702.831189	-53.342865
2705.270172	-53.055969
2707.713561	-52.607046
2710.161368	-52.348553
2712.613605	-51.937341
2715.070283	-51.565434
2717.531416	-51.423216
2719.997014	-51.261019
2722.467090	-51.056369
2724.941657	-51.266224
2727.420726	-51.482298
2729.904310	-52.044635
2732.392421	-52.351517
2734.885072	-52.822533
2737.382275	-53.875535
2739.884042	-54.175013
2742.390387	-55.176298
2744.901321	-56.077152
2747.416857	-56.262084
2749.937008	-57.015842
2752.461787	-58.384529
2754.991206	-57.997749
2757.525279	-59.340473
2760.064017	-60.399249
2762.607434	-60.073062
2765.155544	-61.626228
2767.708358	-62.234870
2770.265890	-61.913618
2772.828153	-64.206195
2775.395160	-64.212837
2777.966924	-65.234444
2780.543459	-69.225451
2783.124778	-69.436480
2785.710894	-70.813943
2788.301821	-70.887420
2790.897572	-68.224286
2793.498160	-64.872708
2796.103599	-64.614280
2798.713903	-61.356287
2801.329085	-60.429056
2803.949159	-59.949909
2806.574139	-58.303710
2809.204038	-58.924058
2811.838871	-57.605632
2814.478650	-58.043806
2817.123391	-58.874339
2819.773107	-58.241962
2822.427812	-59.022291
2825.087521	-60.817255
2827.752247	-60.711369
2830.422005	-60.709618
2833.096808	-62.484873
2835.776672	-62.573016
2838.461611	-63.672250
2841.151638	-63.597781
2843.846769	-63.860211
2846.547019	-64.607340
2849.252401	-65.102061
2851.962930	-65.002835
2854.678621	-64.041190
2857.399489	-66.343565
2860.125549	-64.194820
2862.856815	-64.338849
2865.593302	-65.085232
2868.335026	-65.586093
2871.082002	-65.770683
2873.834244	-67.233993
2876.591767	-67.942789
2879.354588	-69.708676
2882.122721	-73.103303
2884.896181	-71.760732
2887.674984	-71.201429
2890.459146	-76.652608
2893.248681	-71.015558
2896.043606	-68.351474
2898.843937	-67.909353
2901.649687	-67.784396
2904.460875	-65.821811
2907.277515	-67.227216
2910.099623	-66.319377
2912.927215	-67.139912
2915.760308	-69.776745
2918.598916	-67.747761
2921.443057	-69.561170
2924.292747	-69.690368
2927.148002	-71.327488
2930.008837	-72.345847
2932.875270	-71.179334
2935.747318	-72.915298
2938.624995	-72.936943
2941.508320	-78.682437
2944.397308	-75.651918
2947.291977	-75.040116
2950.192343	-74.827390
2953.098423	-71.680071
2956.010234	-70.117770
2958.927792	-71.440785
2961.851116	-68.039544
2964.780221	-68.260567
2967.715126	-69.019290
2970.655847	-69.141869
2973.602402	-70.398943
2976.554808	-69.039164
2979.513083	-69.387792
2982.477243	-73.822414
2985.447308	-72.926923
2988.423293	-73.299232
2991.405218	-74.685659
2994.393099	-75.915549
2997.386955	-77.849837
