# 2022-03-22_01.18.57
# shape = sech2
# FWHM_ps = 0.1
# carrier_nm = 1542
# frep_MHz = 12126
# pow_mW = 8000
# GDD = 0.0
# propa_len = 0.14622222222222223
# untap_len = 0.01
# taper_len = 0.08622222222222223
# waist_len = 0.02
# uptap_len = 0.02
# untap_scale = 1.0
# waist_scale = 0.38421052631578956
# workingDir = NL_20110305_12 (Spirou)
# axis = slow
# window_ps = 10.0
# steps = 200
# points = 21700
# 
# wavelength [nm]	 power spectral density [dB]
600.043425	-155.078142
600.163550	-153.838665
600.283723	-152.894537
600.403943	-152.156985
600.524212	-151.551602
600.644529	-151.018809
600.764895	-150.519283
600.885308	-150.038085
601.005770	-149.583761
601.126280	-149.182325
601.246839	-148.869644
601.367446	-148.685660
601.488101	-148.671813
601.608804	-148.871210
601.729557	-149.330535
601.850357	-150.102875
601.971206	-151.250348
602.092104	-152.841856
602.213050	-154.922856
602.334045	-157.355338
602.455089	-159.305348
602.576181	-159.378467
602.697322	-158.058177
602.818511	-156.708094
602.939749	-155.776335
603.061036	-155.239805
603.182372	-154.957722
603.303757	-154.780068
603.425191	-154.614042
603.546673	-154.468960
603.668204	-154.442685
603.789785	-154.668068
603.911414	-155.274566
604.033092	-156.382026
604.154820	-158.100483
604.276596	-160.440720
604.398422	-162.727200
604.520297	-162.758554
604.642220	-160.514829
604.764193	-158.137415
604.886216	-156.244608
605.008287	-154.788282
605.130408	-153.651998
605.252578	-152.754790
605.374798	-152.057116
605.497066	-151.548390
605.619385	-151.231673
605.741752	-151.110955
605.864169	-151.182440
605.986636	-151.428603
606.109152	-151.813721
606.231718	-152.281326
606.354333	-152.757399
606.476998	-153.165054
606.599712	-153.451002
606.722476	-153.609846
606.845290	-153.686754
606.968154	-153.757262
607.091067	-153.902286
607.214030	-154.192547
607.337043	-154.682273
607.460106	-155.405380
607.583219	-156.367378
607.706381	-157.529264
607.829594	-158.789885
607.952856	-160.001007
608.076169	-161.059105
608.199531	-162.009298
608.322944	-162.982338
608.446407	-163.929047
608.569920	-164.337434
608.693483	-163.630375
608.817096	-162.183448
608.940759	-160.790922
609.064473	-159.846152
609.188237	-159.409241
609.312051	-159.352629
609.435916	-159.385332
609.559831	-159.151114
609.683796	-158.536316
609.807812	-157.782183
609.931878	-157.164959
610.055995	-156.717860
610.180162	-156.157865
610.304380	-155.068399
610.428648	-153.402305
610.552967	-151.558915
610.677337	-149.919714
610.801757	-148.660969
610.926228	-147.823336
611.050750	-147.380341
611.175323	-147.261814
611.299946	-147.355720
611.424620	-147.519462
611.549345	-147.630497
611.674121	-147.660666
611.798948	-147.694624
611.923826	-147.862411
612.048755	-148.254565
612.173734	-148.862936
612.298765	-149.535336
612.423847	-149.985990
612.548980	-149.991208
612.674165	-149.635369
612.799400	-149.202592
612.924687	-148.898077
613.050025	-148.751770
613.175414	-148.656036
613.300854	-148.462905
613.426346	-148.119595
613.551889	-147.730362
613.677484	-147.477847
613.803130	-147.520283
613.928827	-147.952187
614.054576	-148.795450
614.180377	-149.963866
614.306229	-151.182809
614.432132	-152.010687
614.558087	-152.253050
614.684094	-152.284394
614.810153	-152.667089
614.936263	-153.866520
615.062425	-156.407365
615.188639	-161.074929
615.314904	-162.765516
615.441222	-156.781383
615.567591	-152.715287
615.694012	-150.246808
615.820486	-148.802591
615.947011	-148.105386
616.073588	-147.989783
616.200217	-148.294875
616.326898	-148.769547
616.453632	-149.031651
616.580417	-148.771426
616.707255	-148.081191
616.834144	-147.334502
616.961086	-146.840024
617.088081	-146.753618
617.215127	-147.131474
617.342226	-147.960830
617.469378	-149.128634
617.596581	-150.338095
617.723837	-151.140883
617.851146	-151.363640
617.978507	-151.392463
618.105920	-151.766981
618.233386	-152.903623
618.360905	-155.217270
618.488476	-159.279099
618.616100	-162.718354
618.743777	-158.263501
618.871506	-154.213487
618.999288	-151.774498
619.127123	-150.384815
619.255011	-149.712436
619.382951	-149.543660
619.510945	-149.697723
619.638991	-149.990016
619.767090	-150.242145
619.895243	-150.338044
620.023448	-150.275406
620.151706	-150.149545
620.280017	-150.093458
620.408382	-150.240460
620.536799	-150.726594
620.665270	-151.720354
620.793794	-153.486924
620.922371	-156.554623
621.051002	-162.091697
621.179686	-164.177253
621.308423	-157.238934
621.437213	-153.009019
621.566057	-150.447209
621.694954	-148.904216
621.823905	-148.110297
621.952909	-147.945124
622.081967	-148.356358
622.211079	-149.314296
622.340244	-150.742990
622.469462	-152.352163
622.598735	-153.435486
622.728061	-153.417075
622.857441	-152.815386
622.986874	-152.484498
623.116361	-152.920157
623.245903	-154.485396
623.375498	-157.753881
623.505147	-162.709885
623.634850	-159.735377
623.764606	-154.539740
623.894417	-151.367926
624.024282	-149.502542
624.154201	-148.531229
624.284174	-148.235804
624.414202	-148.457808
624.544283	-149.005903
624.674419	-149.571205
624.804609	-149.749207
624.934853	-149.330742
625.065151	-148.524523
625.195504	-147.696348
625.325911	-147.096274
625.456373	-146.843219
625.586889	-146.981938
625.717460	-147.506512
625.848085	-148.334014
625.978764	-149.228697
626.109498	-149.769324
626.240287	-149.628448
626.371131	-148.960976
626.502029	-148.176635
626.632982	-147.542368
626.763989	-147.138971
626.895052	-146.950249
627.026169	-146.922737
627.157341	-146.980282
627.288568	-147.003938
627.419850	-146.817760
627.551187	-146.265547
627.682579	-145.366993
627.814026	-144.336937
627.945528	-143.428350
628.077085	-142.819322
628.208697	-142.605969
628.340364	-142.825843
628.472087	-143.463016
628.603865	-144.418919
628.735698	-145.460385
628.867586	-146.253863
628.999530	-146.639954
629.131529	-146.848859
629.263584	-147.264912
629.395694	-148.141322
629.527859	-149.486937
629.660080	-150.878732
629.792357	-151.423198
629.924689	-150.909776
630.057077	-150.224911
630.189520	-150.007613
630.322019	-150.287470
630.454574	-150.505669
630.587184	-149.744689
630.719851	-147.992533
630.852573	-146.105677
630.985351	-144.603633
631.118185	-143.611178
631.251075	-143.114268
631.384021	-143.068113
631.517023	-143.424682
631.650081	-144.131761
631.783195	-145.116302
631.916365	-146.253756
632.049592	-147.340561
632.182874	-148.131368
632.316213	-148.480153
632.449608	-148.426231
632.583059	-148.082513
632.716567	-147.520210
632.850131	-146.799223
632.983751	-146.032965
633.117428	-145.374295
633.251161	-144.957082
633.384951	-144.859651
633.518797	-145.090954
633.652700	-145.571293
633.786660	-146.102631
633.920676	-146.394310
634.054749	-146.246927
634.188879	-145.738186
634.323065	-145.110399
634.457308	-144.550797
634.591608	-144.126119
634.725965	-143.811669
634.860379	-143.526840
634.994850	-143.169157
635.129377	-142.662318
635.263962	-142.004368
635.398604	-141.272438
635.533303	-140.577499
635.668058	-140.014732
635.802872	-139.640405
635.937742	-139.469065
636.072669	-139.476442
636.207654	-139.602897
636.342696	-139.763098
636.477796	-139.872633
636.612953	-139.890264
636.748167	-139.848103
636.883439	-139.842629
637.018768	-140.000979
637.154155	-140.458091
637.289599	-141.360797
637.425101	-142.901249
637.560660	-145.402257
637.696277	-149.566934
637.831952	-156.853018
637.967685	-155.232061
638.103475	-149.390202
638.239324	-146.368313
638.375230	-144.755804
638.511194	-143.886067
638.647215	-143.299043
638.783295	-142.619029
638.919433	-141.680565
639.055629	-140.592386
639.191883	-139.567508
639.328195	-138.758783
639.464565	-138.232944
639.600994	-138.002232
639.737481	-138.051882
639.874025	-138.352572
640.010629	-138.860439
640.147290	-139.507388
640.284010	-140.187293
640.420789	-140.755952
640.557625	-141.073963
640.694521	-141.086060
640.831474	-140.855606
640.968487	-140.508273
641.105558	-140.158076
641.242687	-139.880657
641.379876	-139.722980
641.517123	-139.720212
641.654429	-139.905396
641.791793	-140.307424
641.929216	-140.931839
642.066699	-141.708333
642.204240	-142.388482
642.341840	-142.504239
642.479499	-141.736292
642.617217	-140.356545
642.754994	-138.867406
642.892830	-137.569949
643.030726	-136.569186
643.168680	-135.877304
643.306694	-135.467683
643.444767	-135.291865
643.582899	-135.281119
643.721091	-135.346236
643.859342	-135.387977
643.997652	-135.326198
644.136022	-135.135278
644.274451	-134.853945
644.412940	-134.558088
644.551488	-134.323378
644.690096	-134.204283
644.828763	-134.231263
644.967490	-134.415737
645.106277	-134.753552
645.245124	-135.220140
645.384030	-135.752115
645.522997	-136.220108
645.662023	-136.433788
645.801109	-136.249403
645.940255	-135.720426
646.079460	-135.077302
646.218726	-134.566841
646.358052	-134.362637
646.497438	-134.570354
646.636884	-135.254111
646.776391	-136.441210
646.915957	-138.069680
647.055584	-139.810801
647.195271	-140.888166
647.335019	-140.774002
647.474826	-140.056854
647.614695	-139.481481
647.754623	-139.343343
647.894612	-139.692291
648.034662	-140.495318
648.174772	-141.649044
648.314943	-142.843908
648.455174	-143.362139
648.595466	-142.583952
648.735819	-140.967888
648.876233	-139.310190
649.016707	-137.978799
649.157242	-137.053862
649.297838	-136.514640
649.438495	-136.309891
649.579213	-136.379857
649.719992	-136.663954
649.860832	-137.100231
650.001733	-137.609258
650.142695	-138.055321
650.283718	-138.214268
650.424803	-137.853694
650.565949	-136.947850
650.707156	-135.730274
650.848424	-134.485880
650.989754	-133.401425
651.131145	-132.564663
651.272597	-132.003403
651.414111	-131.709733
651.555687	-131.645951
651.697324	-131.740876
651.839022	-131.891104
651.980782	-131.988668
652.122604	-131.980447
652.264488	-131.913387
652.406433	-131.913203
652.548441	-132.123257
652.690510	-132.663150
652.832640	-133.617233
652.974833	-135.023857
653.117088	-136.816280
653.259405	-138.643748
653.401784	-139.735641
653.544224	-139.661343
653.686727	-139.063898
653.829293	-138.691108
653.971920	-138.906323
654.114609	-139.936000
654.257361	-142.137011
654.400175	-146.411410
654.543052	-153.939257
654.685991	-147.839462
654.828992	-142.266150
654.972056	-139.276371
655.115183	-137.680344
655.258372	-137.026129
655.401623	-137.064037
655.544937	-137.540363
655.688314	-138.083686
655.831754	-138.294374
655.975256	-138.107158
656.118822	-137.853844
656.262450	-137.878549
656.406141	-138.316018
656.549894	-139.060451
656.693711	-139.751633
656.837591	-139.971804
656.981534	-139.731303
657.125540	-139.447757
657.269610	-139.449285
657.413742	-139.776739
657.557938	-140.198222
657.702196	-140.332392
657.846519	-140.005860
657.990904	-139.437868
658.135353	-138.913049
658.279866	-138.508217
658.424441	-138.105895
658.569081	-137.547883
658.713784	-136.810350
658.858550	-136.030305
659.003381	-135.381265
659.148274	-134.978421
659.293232	-134.866719
659.438253	-135.038216
659.583339	-135.445531
659.728488	-136.010700
659.873701	-136.640860
660.018978	-137.256597
660.164318	-137.813556
660.309723	-138.278454
660.455192	-138.550345
660.600725	-138.401329
660.746323	-137.600839
660.891984	-136.190966
661.037710	-134.478806
661.183500	-132.765022
661.329354	-131.222506
661.475272	-129.929293
661.621255	-128.918721
661.767303	-128.208012
661.913415	-127.810478
662.059591	-127.738768
662.205833	-128.002553
662.352138	-128.601207
662.498509	-129.510744
662.644944	-130.666469
662.791443	-131.955119
662.938008	-133.251313
663.084638	-134.512060
663.231332	-135.838278
663.378091	-137.395910
663.524915	-139.227112
663.671804	-140.997316
663.818759	-141.917189
663.965778	-141.477849
664.112863	-139.866923
664.260012	-137.450659
664.407227	-134.764905
664.554507	-132.302701
664.701853	-130.304112
664.849264	-128.827875
664.996740	-127.850561
665.144282	-127.308767
665.291889	-127.104150
665.439561	-127.095984
665.587300	-127.110965
665.735103	-127.002686
665.882973	-126.736666
666.030908	-126.403208
666.178909	-126.137734
666.326976	-126.043289
666.475109	-126.164744
666.623307	-126.492484
666.771571	-126.974012
666.919902	-127.536340
667.068298	-128.129468
667.216761	-128.777730
667.365289	-129.600108
667.513884	-130.790330
667.662545	-132.599488
667.811272	-135.354203
667.960065	-139.345813
668.108925	-142.549985
668.257851	-140.330942
668.406843	-137.716870
668.555902	-136.593648
668.705027	-136.829684
668.854219	-138.289265
669.003478	-140.468928
669.152803	-140.957183
669.302195	-138.574871
669.451653	-135.978846
669.601179	-134.016499
669.750771	-132.503980
669.900430	-131.182835
670.050156	-129.931941
670.199949	-128.786170
670.349808	-127.850816
670.499735	-127.218306
670.649729	-126.940491
670.799790	-127.034090
670.949918	-127.492370
671.100114	-128.295329
671.250377	-129.421068
671.400707	-130.861605
671.551104	-132.637016
671.701569	-134.778777
671.852101	-137.201620
672.002700	-139.347621
672.153368	-140.236120
672.304102	-140.091703
672.454905	-140.102987
672.605775	-140.725844
672.756713	-141.065104
672.907718	-139.307540
673.058791	-136.280479
673.209933	-133.547970
673.361142	-131.413220
673.512419	-129.731942
673.663764	-128.301604
673.815177	-126.977824
673.966658	-125.725268
674.118207	-124.601070
674.269825	-123.692536
674.421510	-123.066569
674.573264	-122.749716
674.725086	-122.722634
674.876977	-122.915059
675.028936	-123.206535
675.180963	-123.458481
675.333059	-123.590715
675.485224	-123.642789
675.637457	-123.743162
675.789758	-124.023950
675.942129	-124.563457
676.094568	-125.365831
676.247075	-126.349701
676.399652	-127.339658
676.552298	-128.092242
676.705012	-128.390152
676.857795	-128.157200
677.010648	-127.495605
677.163569	-126.626608
677.316560	-125.788616
677.469619	-125.163209
677.622748	-124.857381
677.775946	-124.916608
677.929214	-125.338932
678.082551	-126.078623
678.235957	-127.042951
678.389432	-128.101677
678.542977	-129.141085
678.696592	-130.156771
678.850276	-131.300253
679.004030	-132.831028
679.157853	-135.020135
679.311746	-137.773740
679.465709	-138.900635
679.619742	-136.511688
679.773844	-133.735744
679.928017	-131.832296
680.082259	-130.782365
680.236571	-130.456088
680.390954	-130.762960
680.545406	-131.664248
680.699929	-133.194575
680.854522	-135.462192
681.009185	-138.069141
681.163918	-137.528797
681.318722	-133.442162
681.473596	-129.678023
681.628540	-126.851438
681.783555	-124.807308
681.938641	-123.394556
682.093797	-122.504828
682.249023	-122.055286
682.404321	-121.978275
682.559689	-122.221846
682.715128	-122.761066
682.870637	-123.617122
683.026218	-124.878025
683.181869	-126.716936
683.337591	-129.390131
683.493385	-132.885367
683.649249	-134.313848
683.805185	-131.360739
683.961191	-128.399641
684.117269	-126.452357
684.273418	-125.294163
684.429639	-124.678360
684.585930	-124.423799
684.742294	-124.441215
684.898728	-124.772435
685.055234	-125.610824
685.211812	-127.335449
685.368461	-130.734422
685.525182	-137.628014
685.681975	-134.934445
685.838839	-128.007283
685.995775	-124.105014
686.152783	-121.641767
686.309863	-119.984665
686.467014	-118.801370
686.624238	-117.885486
686.781534	-117.128057
686.938902	-116.512944
687.096342	-116.089019
687.253854	-115.927156
687.411438	-116.088512
687.569095	-116.610720
687.726824	-117.501645
687.884626	-118.729686
688.042499	-120.208106
688.200446	-121.790847
688.358465	-123.323474
688.516556	-124.754086
688.674720	-126.179995
688.832957	-127.742336
688.991266	-129.490463
689.149649	-131.366693
689.308104	-133.341010
689.466632	-135.208298
689.625233	-134.941844
689.783906	-131.399205
689.942653	-127.578258
690.101473	-124.603220
690.260367	-122.462390
690.419333	-121.011450
690.578372	-120.109100
690.737485	-119.611144
690.896672	-119.360340
691.055931	-119.207167
691.215264	-119.066336
691.374671	-118.958391
691.534151	-118.981155
691.693704	-119.240586
691.853332	-119.802454
692.013033	-120.675059
692.172807	-121.803108
692.332656	-123.063813
692.492578	-124.278708
692.652575	-125.266471
692.812645	-125.934508
692.972789	-126.347448
693.133007	-126.708140
693.293300	-127.275744
693.453666	-128.304881
693.614107	-130.051989
693.774622	-132.858291
693.935211	-137.349326
694.095875	-143.709266
694.256613	-141.546131
694.417426	-137.087270
694.578313	-134.646472
694.739274	-133.349976
694.900311	-132.555604
695.061421	-131.536219
695.222607	-129.723343
695.383868	-127.371141
695.545203	-125.097075
695.706613	-123.234322
695.868098	-121.855355
696.029658	-120.916266
696.191293	-120.324043
696.353003	-119.968339
696.514789	-119.756772
696.676649	-119.657310
696.838585	-119.720267
697.000596	-120.063904
697.162682	-120.851058
697.324844	-122.299257
697.487081	-124.771026
697.649394	-129.138907
697.811782	-139.631240
697.974246	-137.448789
698.136786	-129.427080
698.299401	-126.178196
698.462092	-124.604168
698.624859	-123.855513
698.787702	-123.424558
698.950621	-122.972527
699.113616	-122.439739
699.276686	-122.004849
699.439833	-121.865381
699.603056	-122.095744
699.766355	-122.608153
699.929731	-123.160671
700.093183	-123.489590
700.256711	-123.550975
700.420315	-123.515827
700.583996	-123.480728
700.747754	-123.299318
700.911588	-122.739063
701.075499	-121.828971
701.239486	-120.879805
701.403550	-120.191953
701.567691	-119.926347
701.731909	-120.141706
701.896203	-120.843999
702.060575	-122.004655
702.225024	-123.546709
702.389549	-125.293108
702.554152	-126.880573
702.718832	-127.754967
702.883589	-127.499255
703.048424	-126.244420
703.213335	-124.503246
703.378324	-122.761506
703.543391	-121.327852
703.708535	-120.366207
703.873757	-119.957365
704.039056	-120.135900
704.204433	-120.893809
704.369887	-122.146365
704.535420	-123.671122
704.701030	-125.144214
704.866718	-126.473386
705.032484	-128.090360
705.198328	-130.784625
705.364250	-135.586027
705.530250	-138.772953
705.696328	-133.259161
705.862485	-129.444084
706.028720	-127.179066
706.195033	-125.685068
706.361424	-124.571060
706.527894	-123.678390
706.694442	-122.962242
706.861069	-122.415875
707.027775	-122.070386
707.194559	-122.026299
707.361422	-122.457108
707.528363	-123.587234
707.695384	-125.647578
707.862483	-128.441190
708.029661	-129.162500
708.196918	-126.212025
708.364254	-123.171059
708.531670	-120.922161
708.699164	-119.275309
708.866738	-118.031783
709.034391	-117.076000
709.202123	-116.348334
709.369935	-115.816532
709.537826	-115.466312
709.705796	-115.303400
709.873847	-115.348443
710.041976	-115.617538
710.210186	-116.099714
710.378475	-116.752024
710.546844	-117.529519
710.715292	-118.439208
710.883821	-119.563899
711.052429	-121.015887
711.221118	-122.848693
711.389887	-124.984534
711.558735	-127.233012
711.727664	-129.326323
711.896673	-130.313654
712.065763	-128.910067
712.234932	-126.568526
712.404183	-124.934922
712.573513	-124.465151
712.742924	-125.318353
712.912416	-127.779412
713.081988	-132.635177
713.251641	-141.083728
713.421375	-136.867970
713.591190	-131.645217
713.761085	-127.885498
713.931061	-124.524961
714.101119	-121.716632
714.271257	-119.601247
714.441476	-118.139942
714.611777	-117.217009
714.782159	-116.691665
714.952622	-116.407779
715.123166	-116.196484
715.293792	-115.907799
715.464499	-115.483382
715.635288	-115.001373
715.806158	-114.623918
715.977110	-114.506988
716.148143	-114.755554
716.319259	-115.423516
716.490456	-116.526209
716.661735	-118.047127
716.833096	-119.931205
717.004538	-122.059780
717.176063	-124.206540
717.347670	-125.941669
717.519359	-126.434299
717.691130	-125.026745
717.862984	-122.550924
718.034920	-120.149856
718.206938	-118.289560
718.379039	-117.066767
718.551222	-116.461683
718.723488	-116.410395
718.895836	-116.801119
719.068267	-117.422208
719.240781	-117.887643
719.413377	-117.724338
719.586057	-116.802745
719.758819	-115.490506
719.931664	-114.216805
720.104593	-113.218345
720.277604	-112.576942
720.450699	-112.287361
720.623876	-112.290125
720.797137	-112.492250
720.970482	-112.803525
721.143910	-113.188130
721.317421	-113.684667
721.491016	-114.350215
721.664694	-115.144849
721.838456	-115.829025
722.012302	-116.073016
722.186231	-115.869956
722.360244	-115.616857
722.534342	-115.714505
722.708523	-116.373049
722.882788	-117.645657
723.057137	-119.449599
723.231570	-121.523338
723.406088	-123.411889
723.580689	-124.527369
723.755375	-124.107233
723.930146	-122.015154
724.105000	-119.344597
724.279940	-116.953419
724.454963	-115.081434
724.630072	-113.703451
724.805265	-112.699901
724.980543	-111.916352
725.155905	-111.228623
725.331353	-110.620336
725.506885	-110.196623
725.682503	-110.116089
725.858205	-110.519612
726.033993	-111.494888
726.209865	-113.031092
726.385823	-114.855268
726.561866	-116.110882
726.737995	-115.809946
726.914209	-114.305438
727.090508	-112.510388
727.266893	-110.879053
727.443364	-109.593657
727.619920	-108.743154
727.796562	-108.363704
727.973290	-108.447699
728.150103	-108.944713
728.327003	-109.759561
728.503988	-110.769836
728.681060	-111.898640
728.858218	-113.227532
729.035461	-115.061829
729.212791	-117.967878
729.390208	-122.972218
729.567710	-127.849801
729.745299	-122.308385
729.922975	-118.564391
730.100737	-116.873585
730.278586	-116.422334
730.456521	-116.722333
730.634543	-117.389460
730.812652	-118.221149
730.990848	-119.233838
731.169130	-120.053186
731.347500	-119.162605
731.525957	-116.471222
731.704500	-113.733952
731.883131	-111.655613
732.061850	-110.247355
732.240655	-109.370679
732.419548	-108.865213
732.598528	-108.581408
732.777596	-108.413176
732.956751	-108.330889
733.135994	-108.384098
733.315325	-108.666612
733.494744	-109.272711
733.674250	-110.266927
733.853844	-111.661668
734.033526	-113.377410
734.213296	-115.135091
734.393154	-116.267329
734.573101	-115.994108
734.753135	-114.535770
734.933258	-112.807067
735.113469	-111.365252
735.293769	-110.383304
735.474157	-109.859209
735.654633	-109.704213
735.835198	-109.771575
736.015852	-109.898270
736.196594	-109.992840
736.377426	-110.110336
736.558346	-110.424260
736.739355	-111.131322
736.920453	-112.363390
737.101640	-114.032555
737.282916	-115.422262
737.464282	-115.342904
737.645736	-114.121841
737.827280	-112.958124
738.008914	-112.298437
738.190637	-112.084085
738.372449	-112.055083
738.554351	-111.897546
738.736342	-111.460479
738.918424	-110.893675
739.100595	-110.506393
739.282855	-110.586201
739.465206	-111.371370
739.647647	-113.118898
739.830178	-116.244778
740.012799	-121.754326
740.195510	-132.584024
740.378311	-126.883663
740.561203	-121.716081
740.744185	-118.487212
740.927258	-115.635411
741.110421	-113.266213
741.293674	-111.640895
741.477018	-110.831740
741.660453	-110.804722
741.843979	-111.449419
742.027596	-112.478803
742.211303	-113.265986
742.395102	-113.199865
742.578991	-112.565718
742.762972	-112.127944
742.947044	-112.373846
743.131207	-113.562179
743.315461	-115.936145
743.499807	-119.894309
743.684244	-126.238550
743.868773	-134.715963
744.053394	-131.924544
744.238106	-126.274566
744.422910	-121.251953
744.607805	-117.556083
744.792793	-115.144285
744.977872	-113.790638
745.163044	-113.331941
745.348307	-113.684689
745.533663	-114.762928
745.719111	-116.136516
745.904651	-116.497772
746.090283	-115.218085
746.276008	-113.665220
746.461826	-112.685291
746.647735	-112.152344
746.833738	-111.448319
747.019833	-110.185635
747.206021	-108.765623
747.392302	-107.762169
747.578676	-107.459942
747.765143	-107.936477
747.951703	-109.156052
748.138356	-110.939567
748.325102	-112.878242
748.511941	-114.541315
748.698874	-116.111747
748.885900	-118.328230
749.073019	-121.281821
749.260232	-120.971329
749.447539	-117.086721
749.634939	-113.961590
749.822433	-111.947208
750.010021	-110.730694
750.197703	-110.041202
750.385479	-109.663039
750.573348	-109.455415
750.761312	-109.393257
750.949370	-109.560144
751.137523	-110.083073
751.325769	-111.061646
751.514110	-112.489097
751.702545	-114.055524
751.891075	-114.864607
752.079700	-114.173784
752.268419	-112.627632
752.457233	-111.086443
752.646142	-109.886090
752.835145	-109.138050
753.024244	-108.933417
753.213437	-109.402973
753.402726	-110.756034
753.592110	-113.389920
753.781589	-118.298932
753.971163	-126.690255
754.160833	-119.982725
754.350598	-114.833284
754.540459	-112.064307
754.730415	-110.484525
754.920467	-109.767744
755.110615	-109.920064
755.300858	-111.112116
755.491198	-113.523314
755.681633	-116.011795
755.872164	-114.204114
756.062792	-110.597006
756.253515	-107.880517
756.444335	-105.977848
756.635252	-104.603443
756.826264	-103.618340
757.017373	-103.015226
757.208579	-102.848468
757.399881	-103.174603
757.591280	-104.023733
757.782776	-105.388221
757.974368	-107.212280
758.166058	-109.378517
758.357844	-111.701868
758.549728	-113.954132
758.741708	-115.964301
758.933786	-117.804866
759.125961	-119.755219
759.318233	-121.343674
759.510603	-120.403593
759.703071	-117.747905
759.895635	-115.716330
760.088298	-114.872261
760.281058	-115.246671
760.473916	-116.809745
760.666872	-119.191094
760.859926	-120.135730
761.053078	-117.603270
761.246328	-114.306383
761.439676	-111.594810
761.633122	-109.619297
761.826667	-108.382065
762.020310	-107.856217
762.214052	-107.971041
762.407892	-108.583993
762.601831	-109.471726
762.795868	-110.419549
762.990004	-111.403180
763.184239	-112.610212
763.378573	-114.180455
763.573006	-115.743422
763.767538	-116.012180
763.962169	-114.428737
764.156900	-112.230453
764.351729	-110.273500
764.546658	-108.787354
764.741687	-107.813066
764.936815	-107.327552
765.132042	-107.248834
765.327370	-107.426760
765.522797	-107.664138
765.718324	-107.789401
765.913950	-107.720739
766.109677	-107.446946
766.305504	-106.992752
766.501431	-106.435727
766.697458	-105.896744
766.893586	-105.472510
767.089814	-105.194371
767.286142	-105.063582
767.482571	-105.127910
767.679100	-105.524740
767.875730	-106.464399
768.072461	-108.211340
768.269293	-111.136173
768.466225	-115.930395
768.663259	-123.671413
768.860393	-123.442486
769.057629	-119.182139
769.254966	-117.114269
769.452404	-115.529600
769.649944	-113.709278
769.847585	-111.702511
770.045328	-109.669018
770.243172	-107.716576
770.441118	-105.980367
770.639166	-104.593189
770.837315	-103.632595
771.035567	-103.115187
771.233920	-103.011736
771.432376	-103.256919
771.630934	-103.749506
771.829594	-104.353574
772.028356	-104.922622
772.227220	-105.359227
772.426188	-105.674261
772.625257	-105.986862
772.824430	-106.472690
773.023705	-107.314564
773.223083	-108.670991
773.422563	-110.625256
773.622147	-113.009567
773.821834	-114.998827
774.021624	-115.437923
774.221517	-114.603664
774.421513	-113.492553
774.621613	-112.739937
774.821816	-112.904056
775.022122	-114.753777
775.222532	-119.810394
775.423046	-120.001594
775.623664	-112.341255
775.824385	-108.065671
776.025211	-105.605490
776.226140	-104.195472
776.427173	-103.398765
776.628311	-102.908104
776.829553	-102.553511
777.030899	-102.323369
777.232350	-102.298699
777.433905	-102.560884
777.635564	-103.153021
777.837328	-104.084435
778.039197	-105.333362
778.241171	-106.827618
778.443250	-108.456716
778.645433	-110.254341
778.847722	-112.762260
779.050116	-117.722862
779.252615	-138.135613
779.455219	-116.771516
779.657929	-111.005203
779.860744	-108.336879
780.063665	-107.346882
780.266691	-107.616748
780.469823	-108.959993
780.673061	-111.188787
780.876405	-113.888709
781.079855	-116.091829
781.283410	-115.948902
781.487072	-113.072492
781.690840	-109.778914
781.894715	-107.252037
782.098695	-105.651591
782.302783	-104.901195
782.506976	-104.868070
782.711277	-105.343341
782.915684	-105.961471
783.120198	-106.223758
783.324818	-105.877898
783.529546	-105.225517
783.734381	-104.785495
783.939322	-104.967404
784.144372	-106.066466
784.349528	-108.235342
784.554792	-110.696910
784.760163	-110.574450
784.965642	-108.683438
785.171228	-107.597681
785.376922	-107.580676
785.582724	-107.981256
785.788634	-107.940246
785.994651	-107.583932
786.200777	-107.844452
786.407011	-109.407639
786.613353	-112.349532
786.819804	-113.696685
787.026363	-111.073493
787.233030	-108.890461
787.439806	-108.076924
787.646691	-108.243411
787.853684	-108.850957
788.060786	-109.455050
788.267997	-110.052999
788.475317	-110.990326
788.682746	-112.585289
788.890285	-115.126068
789.097932	-119.381892
789.305689	-127.695010
789.513555	-122.333593
789.721531	-115.987008
789.929617	-112.853524
790.137812	-111.452217
790.346117	-111.210550
790.554531	-111.633274
790.763056	-111.990201
790.971691	-111.586965
791.180436	-110.438325
791.389291	-108.975165
791.598256	-107.546840
791.807332	-106.438418
792.016518	-105.882575
792.225815	-106.002784
792.435222	-106.728746
792.644740	-107.629565
792.854369	-108.018277
793.064109	-107.906395
793.273960	-108.149928
793.483922	-109.557737
793.693995	-112.880347
793.904180	-118.100448
794.114475	-115.461562
794.324882	-110.898564
794.535401	-108.475484
794.746031	-107.421907
794.956774	-107.294354
795.167627	-107.841247
795.378593	-108.826296
795.589671	-109.942140
795.800861	-110.929935
796.012162	-111.623190
796.223577	-111.304867
796.435103	-109.254167
796.646742	-106.604570
796.858493	-104.518294
797.070357	-103.309560
797.282334	-102.965226
797.494423	-103.367471
797.706626	-104.304589
797.918941	-105.470112
798.131369	-106.631823
798.343911	-107.902330
798.556566	-109.702021
798.769334	-112.519581
798.982215	-116.675054
799.195210	-120.057901
799.408319	-118.270175
799.621541	-116.123185
799.834877	-115.388693
800.048327	-115.985869
800.261890	-117.933789
800.475568	-120.427940
800.689360	-118.575941
800.903266	-114.136050
801.117287	-110.642538
801.331422	-108.056181
801.545671	-106.020992
801.760036	-104.333797
801.974514	-102.964777
802.189108	-101.992044
802.403816	-101.516236
802.618640	-101.613222
802.833578	-102.321466
803.048632	-103.633528
803.263800	-105.466498
803.479085	-107.600821
803.694484	-109.639546
803.909999	-111.123515
804.125630	-111.659892
804.341376	-110.899214
804.557239	-109.074859
804.773217	-107.060472
804.989311	-105.520499
805.205521	-104.750195
805.421847	-104.881148
805.638290	-105.991192
805.854849	-108.080353
806.071524	-110.833768
806.288316	-113.310950
806.505225	-114.761173
806.722250	-114.069972
806.939393	-110.222725
807.156652	-106.266208
807.374028	-103.507570
807.591521	-101.945311
807.809132	-101.444993
808.026859	-101.903286
808.244705	-103.215389
808.462667	-105.164017
808.680748	-107.269392
808.898946	-109.024256
809.117261	-110.680421
809.335695	-113.008502
809.554246	-115.422126
809.772916	-114.055665
809.991704	-110.857041
810.210610	-108.621877
810.429634	-107.347651
810.648777	-106.639682
810.868039	-106.176173
811.087419	-105.856854
811.306918	-105.810279
811.526535	-106.252691
811.746272	-107.388735
811.966127	-109.410005
812.186102	-112.420597
812.406196	-115.358371
812.626409	-114.620547
812.846742	-111.936922
813.067194	-109.931743
813.287766	-108.745217
813.508457	-108.148187
813.729269	-107.980209
813.950200	-108.212930
814.171251	-108.946663
814.392422	-110.367996
814.613714	-112.644056
814.835126	-115.119824
815.056658	-114.318668
815.278311	-110.730796
815.500084	-107.516714
815.721978	-105.089666
815.943993	-103.282883
816.166128	-101.924511
816.388385	-100.862694
816.610762	-99.963041
816.833261	-99.138229
817.055881	-98.387558
817.278623	-97.796717
817.501486	-97.491323
817.724471	-97.588370
817.947577	-98.170278
818.170805	-99.262659
818.394155	-100.769879
818.617627	-102.325034
818.841221	-103.256296
819.064937	-103.235407
819.288775	-102.708822
819.512736	-102.153116
819.736819	-101.722609
819.961025	-101.447467
820.185354	-101.407703
820.409805	-101.769314
820.634379	-102.746469
820.859076	-104.525503
821.083897	-106.885909
821.308840	-107.918231
821.533907	-106.317559
821.759097	-104.599288
821.984411	-104.035112
822.209848	-104.834490
822.435409	-107.004025
822.661093	-109.588714
822.886902	-109.360047
823.112834	-107.493018
823.338891	-106.769085
823.565072	-107.771073
823.791377	-111.009714
824.017807	-118.781197
824.244361	-120.348933
824.471039	-111.586593
824.697843	-107.132516
824.924771	-103.954056
825.151824	-101.493402
825.379002	-99.715647
825.606306	-98.659268
825.833734	-98.354326
826.061288	-98.827454
826.288967	-100.084860
826.516772	-101.973155
826.744703	-103.756397
826.972759	-104.221552
827.200941	-103.686404
827.429249	-103.373494
827.657683	-103.621388
827.886243	-103.921617
828.114930	-103.469276
828.343743	-102.386576
828.572682	-101.496693
828.801748	-101.287406
829.030941	-101.866328
829.260260	-103.012889
829.489706	-103.878886
829.719280	-103.436869
829.948980	-102.246263
830.178808	-101.458354
830.408763	-101.607162
830.638845	-102.953200
830.869055	-105.746999
831.099393	-109.265510
831.329858	-108.388946
831.560451	-105.167057
831.791173	-103.236965
832.022022	-102.590314
832.252999	-102.897017
832.484105	-103.769258
832.715339	-104.633381
832.946702	-105.004349
833.178193	-105.117647
833.409813	-105.695947
833.641561	-107.387794
833.873439	-110.491104
834.105445	-112.295417
834.337581	-109.653105
834.569846	-107.882014
834.802241	-108.866475
835.034764	-115.089661
835.267418	-115.399184
835.500201	-105.820144
835.733114	-101.908644
835.966157	-100.475356
836.199329	-100.795369
836.432632	-102.189077
836.666065	-102.405362
836.899629	-100.314888
837.133323	-98.372732
837.367147	-97.557579
837.601102	-97.721031
837.835188	-98.192128
838.069405	-98.020776
838.303752	-97.228887
838.538231	-96.753786
838.772841	-97.240889
839.007582	-98.931856
839.242455	-101.262074
839.477459	-101.257178
839.712595	-98.852366
839.947863	-97.043363
840.183263	-96.416280
840.418794	-96.735008
840.654458	-97.411939
840.890254	-97.594943
841.126182	-97.134314
841.362242	-96.775189
841.598435	-97.037459
841.834761	-97.802550
842.071220	-98.226492
842.307811	-97.583087
842.544536	-96.580492
842.781393	-96.164764
843.018384	-96.722348
843.255508	-98.286366
843.492765	-100.287494
843.730156	-100.983624
843.967681	-100.062983
844.205339	-99.343142
844.443132	-99.593251
844.681058	-100.709854
844.919118	-102.095536
845.157313	-103.103211
845.395642	-104.075730
845.634105	-105.693652
845.872703	-106.178574
846.111436	-103.061137
846.350303	-99.830228
846.589306	-97.961594
846.828443	-97.480506
847.067716	-98.389986
847.307124	-100.761770
847.546667	-103.636457
847.786345	-102.754240
848.026160	-99.949088
848.266110	-98.279021
848.506195	-97.742274
848.746417	-97.782115
848.986775	-97.750654
849.227269	-97.472467
849.467899	-97.409124
849.708666	-97.968924
849.949569	-98.855680
850.190609	-98.637572
850.431785	-96.856035
850.673099	-95.069698
850.914549	-94.154756
851.156137	-94.274766
851.397861	-95.357639
851.639723	-96.935725
851.881723	-97.674180
852.123860	-96.856982
852.366135	-95.753117
852.608547	-95.225209
852.851098	-95.283539
853.093786	-95.526068
853.336613	-95.456645
853.579578	-95.002567
853.822681	-94.549341
854.065923	-94.424640
854.309304	-94.652361
854.552823	-94.941127
854.796481	-94.860004
855.040278	-94.340568
855.284215	-93.800229
855.528290	-93.668311
855.772505	-94.147146
856.016859	-95.183999
856.261353	-96.281663
856.505987	-96.456533
856.750760	-95.506020
856.995673	-94.359525
857.240727	-93.656917
857.485920	-93.548622
857.731254	-93.975179
857.976729	-94.770942
858.222343	-95.706124
858.468099	-96.607499
858.713995	-97.497852
858.960032	-98.502701
859.206211	-99.546163
859.452530	-100.225196
859.698991	-100.370326
859.945593	-100.566891
860.192336	-101.605864
860.439222	-104.081240
860.686248	-107.592943
860.933417	-107.111741
861.180728	-104.338998
861.428181	-103.621210
861.675776	-106.020056
861.923514	-116.977483
862.171394	-107.541724
862.419417	-100.171152
862.667582	-96.751947
862.915890	-95.246110
863.164342	-95.121914
863.412936	-96.151906
863.661674	-97.900825
863.910555	-98.897355
864.159579	-97.926929
864.408747	-96.456897
864.658059	-95.582375
864.907515	-95.302934
865.157114	-95.172978
865.406858	-94.732383
865.656746	-94.030760
865.906778	-93.534832
866.156955	-93.645499
866.407277	-94.564116
866.657743	-96.200447
866.908354	-97.479651
867.159110	-96.529862
867.410011	-94.386779
867.661057	-92.758285
867.912249	-92.083405
868.163586	-92.433902
868.415069	-93.865553
868.666697	-96.357351
868.918472	-99.092482
869.170392	-99.727762
869.422458	-98.836622
869.674671	-98.669028
869.927030	-99.685430
870.179536	-101.280383
870.432188	-101.885587
870.684987	-101.118493
870.937933	-100.276172
871.191026	-99.799481
871.444266	-99.473180
871.697653	-99.285089
871.951188	-99.678199
872.204870	-101.327099
872.458700	-105.006228
872.712677	-107.094871
872.966803	-101.737395
873.221076	-97.905023
873.475498	-96.020279
873.730068	-95.628424
873.984787	-96.553900
874.239654	-98.469060
874.494669	-99.414103
874.749834	-97.346300
875.005147	-94.811085
875.260610	-93.224351
875.516222	-92.661659
875.771983	-93.021306
876.027894	-94.153734
876.283954	-95.631186
876.540164	-96.392434
876.796524	-95.701513
877.053033	-94.415141
877.309693	-93.404845
877.566503	-92.904246
877.823464	-92.878581
878.080575	-93.219193
878.337837	-93.818324
878.595249	-94.647743
878.852813	-95.838982
879.110528	-97.716858
879.368393	-100.852997
879.626410	-106.309124
879.884579	-110.907227
880.142899	-105.192950
880.401371	-101.405430
880.659994	-98.956719
880.918770	-96.972622
881.177698	-95.385974
881.436778	-94.449594
881.696010	-94.399068
881.955395	-95.427532
882.214933	-97.777344
882.474623	-101.774319
882.734467	-106.127996
882.994463	-104.293000
883.254613	-100.924478
883.514916	-98.666868
883.775372	-97.240867
884.035982	-96.545650
884.296746	-96.581389
884.557664	-97.216210
884.818735	-98.046056
885.079961	-98.658862
885.341341	-99.332026
885.602876	-100.976711
885.864565	-104.841643
886.126409	-112.296741
886.388407	-108.092873
886.650561	-103.980479
886.912870	-103.511033
887.175334	-106.038116
887.437953	-109.569218
887.700728	-106.003359
887.963658	-102.954126
888.226745	-102.367700
888.489987	-102.764247
888.753385	-100.906925
889.016940	-97.575701
889.280651	-95.183527
889.544518	-94.101030
889.808543	-94.266984
890.072723	-95.701135
890.337061	-98.629964
890.601556	-103.430380
890.866208	-105.882525
891.131017	-101.350323
891.395984	-97.815036
891.661109	-95.539552
891.926391	-94.005530
892.191831	-92.944524
892.457429	-92.231082
892.723186	-91.832360
892.989100	-91.801193
893.255173	-92.291985
893.521405	-93.615451
893.787796	-96.448540
894.054345	-102.852529
894.321053	-105.163610
894.587921	-96.134735
894.854948	-91.812640
895.122134	-89.507093
895.389480	-88.445673
895.656986	-88.325934
895.924651	-88.991140
896.192477	-90.337991
896.460463	-92.299750
896.728609	-94.904151
896.996915	-98.467413
897.265382	-103.724231
897.534010	-103.897150
897.802799	-97.280261
898.071749	-92.752963
898.340860	-89.808415
898.610132	-88.037278
898.879566	-87.298660
899.149162	-87.576605
899.418919	-88.927568
899.688838	-91.389334
899.958919	-94.438971
900.229162	-95.845657
900.499568	-95.269827
900.770136	-95.209264
901.040867	-96.465840
901.311761	-98.508107
901.582817	-98.998484
901.854037	-96.677932
902.125420	-93.511610
902.396966	-90.553855
902.668676	-88.207681
902.940550	-86.692100
903.212587	-86.136833
903.484788	-86.696166
903.757153	-88.716763
904.029683	-93.261106
904.302377	-106.000638
904.575236	-96.318296
904.848259	-90.401728
905.121447	-87.896925
905.394800	-86.991451
905.668319	-87.087613
905.942002	-87.790144
906.215852	-88.660381
906.489866	-89.282291
906.764047	-89.593179
907.038393	-89.916467
907.312906	-90.626809
907.587584	-91.999308
907.862429	-94.045942
908.137441	-95.102231
908.412619	-92.554813
908.687964	-89.165771
908.963476	-86.724370
909.239155	-85.339594
909.515002	-84.927077
909.791015	-85.446173
910.067197	-86.888844
910.343546	-89.106429
910.620063	-91.179364
910.896748	-91.572870
911.173601	-91.236651
911.450623	-92.171211
911.727813	-95.885864
912.005171	-99.246508
912.282699	-91.824972
912.560395	-87.283886
912.838261	-85.033786
913.116296	-84.337503
913.394500	-84.941322
913.672874	-86.807064
913.951418	-90.019748
914.230131	-94.605636
914.509015	-99.467831
914.788068	-102.017965
915.067292	-104.138778
915.346687	-107.514385
915.626252	-110.627448
915.905988	-118.898852
916.185895	-103.421707
916.465973	-94.906869
916.746223	-89.771201
917.026644	-86.478483
917.307236	-84.524536
917.588000	-83.734296
917.868937	-84.126168
918.150045	-85.949945
918.431325	-90.014920
918.712778	-99.410079
918.994404	-95.752959
919.276202	-89.643920
919.558173	-87.251473
919.840317	-86.396727
920.122634	-85.992421
920.405125	-85.322155
920.687789	-84.512138
920.970627	-84.201898
921.253639	-84.943959
921.536824	-87.339334
921.820184	-93.028578
922.103718	-112.750535
922.387427	-92.369415
922.671310	-87.842585
922.955368	-86.311055
923.239601	-86.560067
923.524009	-88.344247
923.808592	-91.722497
924.093351	-96.400171
924.378285	-99.174973
924.663396	-99.177352
924.948682	-99.569572
925.234144	-98.131296
925.519782	-95.326237
925.805597	-94.047464
926.091589	-95.387173
926.377757	-101.669748
926.664102	-100.809752
926.950624	-92.473732
927.237323	-89.002241
927.524200	-88.031602
927.811255	-89.111337
928.098487	-91.864759
928.385897	-92.049828
928.673485	-88.458963
928.961251	-86.121963
929.249196	-85.652339
929.537319	-87.091606
929.825621	-90.730664
930.114102	-93.260085
930.402762	-89.015465
930.691601	-85.934102
930.980620	-84.888687
931.269818	-85.582045
931.559196	-87.949405
931.848753	-90.614594
932.138491	-88.938102
932.428409	-86.095368
932.718508	-84.910014
933.008787	-85.683923
933.299246	-89.133486
933.589887	-97.580329
933.880709	-91.496330
934.171712	-85.954953
934.462896	-83.867387
934.754262	-83.957415
935.045810	-86.234749
935.337539	-92.170451
935.629451	-103.709358
935.921545	-91.132109
936.213822	-87.443442
936.506281	-86.548337
936.798922	-87.144958
937.091747	-88.383252
937.384755	-89.477767
937.677946	-90.393636
937.971321	-91.073275
938.264879	-89.633581
938.558621	-86.503100
938.852547	-84.062572
939.146657	-83.039543
939.440952	-83.713983
939.735431	-86.860964
940.030095	-95.437334
940.324943	-90.226623
940.619977	-83.827021
940.915196	-81.257428
941.210600	-80.965325
941.506189	-83.005790
941.801965	-89.434740
942.097926	-94.590076
942.394074	-83.705642
942.690407	-79.813303
942.986927	-78.464034
943.283634	-78.952885
943.580527	-81.459823
943.877608	-87.109131
944.174875	-89.336704
944.472330	-82.859691
944.769972	-79.842296
945.067802	-79.171491
945.365820	-80.615827
945.664026	-85.186949
945.962420	-95.115691
946.261002	-85.017803
946.559773	-80.495046
946.858733	-79.199145
947.157881	-80.218111
947.457219	-83.415319
947.756746	-84.178159
948.056462	-79.650553
948.356368	-76.583918
948.656464	-75.344822
948.956749	-75.626949
949.257225	-77.370196
949.557891	-80.655016
949.858748	-84.926982
950.159796	-86.793644
950.461034	-86.966985
950.762463	-90.192339
951.064084	-116.071226
951.365896	-88.269821
951.667900	-81.952163
951.970095	-78.652425
952.272483	-76.690076
952.575063	-75.521423
952.877835	-74.972533
953.180799	-75.051276
953.483956	-75.822380
953.787307	-77.269941
954.090850	-79.073954
954.394586	-80.545240
954.698516	-81.631139
955.002640	-83.608473
955.306957	-88.293054
955.611469	-88.735874
955.916174	-81.698849
956.221074	-77.671440
956.526169	-75.454090
956.831458	-74.311990
957.136942	-73.851275
957.442622	-73.857607
957.748496	-74.270081
958.054567	-75.119334
958.360833	-76.372924
958.667294	-77.754132
958.973952	-78.871873
959.280806	-79.851936
959.587857	-81.082061
959.895104	-81.268781
960.202548	-78.639498
960.510189	-75.597841
960.818027	-73.609510
961.126062	-72.765607
961.434295	-72.913194
961.742726	-73.774019
962.051355	-74.796694
962.360182	-75.325286
962.669207	-75.389034
962.978431	-75.610919
963.287854	-76.397676
963.597475	-77.738214
963.907296	-79.011488
964.217315	-78.756398
964.527535	-76.728099
964.837954	-74.449107
965.148573	-72.773383
965.459392	-71.894090
965.770411	-71.796181
966.081630	-72.324313
966.393051	-73.068728
966.704672	-73.429140
967.016494	-73.293583
967.328517	-73.235214
967.640742	-73.761099
967.953169	-74.963350
968.265797	-76.408420
968.578627	-77.135408
968.891660	-76.738739
969.204895	-75.809346
969.518332	-74.704538
969.831972	-73.460086
970.145816	-72.234289
970.459862	-71.307013
970.774112	-70.897258
971.088565	-71.108367
971.403223	-71.945335
971.718084	-73.317272
972.033149	-75.002510
972.348419	-76.582988
972.663893	-77.460910
972.979572	-77.262681
973.295456	-76.247272
973.611546	-74.887555
973.927840	-73.466575
974.244340	-72.150404
974.561046	-71.087434
974.877958	-70.403633
975.195076	-70.184763
975.512401	-70.479683
975.829932	-71.300204
976.147670	-72.587682
976.465615	-74.132051
976.783767	-75.516067
977.102126	-76.307101
977.420693	-76.357034
977.739468	-75.706509
978.058451	-74.523883
978.377642	-73.156344
978.697041	-71.917157
979.016649	-70.959035
979.336466	-70.341006
979.656492	-70.106542
979.976727	-70.298803
980.297171	-70.926258
980.617825	-71.901872
980.938689	-72.987559
981.259763	-73.863233
981.581048	-74.405070
981.902542	-74.789714
982.224248	-75.176103
982.546164	-75.425529
982.868291	-75.194069
983.190630	-74.399912
983.513180	-73.394033
983.835942	-72.565826
984.158916	-72.113735
984.482101	-72.074749
984.805500	-72.363870
985.129110	-72.777244
985.452934	-73.054563
985.776970	-73.079233
986.101220	-73.002007
986.425683	-73.084257
986.750359	-73.514186
987.075250	-74.363762
987.400354	-75.580870
987.725673	-76.922527
988.051206	-77.927941
988.376954	-78.283550
988.702916	-78.212784
989.029094	-78.033294
989.355487	-77.693810
989.682095	-76.948307
990.008919	-75.812720
990.335959	-74.603035
990.663216	-73.614357
990.990688	-73.000037
991.318377	-72.824381
991.646283	-73.117920
991.974406	-73.897383
992.302746	-75.152690
992.631304	-76.780149
992.960079	-78.434188
993.289072	-79.511039
993.618283	-79.781881
993.947713	-79.783876
994.277361	-80.090214
994.607227	-80.832590
994.937313	-81.459875
995.267618	-80.797568
995.598142	-78.883503
995.928886	-76.903578
996.259849	-75.419174
996.591033	-74.431189
996.922437	-73.700907
997.254061	-72.914031
997.585906	-71.917532
997.917972	-70.856279
998.250260	-70.001962
998.582768	-69.561694
998.915498	-69.652794
999.248450	-70.346870
999.581624	-71.712505
999.915020	-73.857179
1000.248639	-76.986022
1000.582480	-81.362367
1000.916545	-84.542417
1001.250832	-80.593865
1001.585343	-76.088682
1001.920077	-72.665467
1002.255035	-70.049870
1002.590218	-68.069761
1002.925624	-66.634078
1003.261255	-65.684275
1003.597111	-65.172471
1003.933192	-65.052733
1004.269497	-65.279991
1004.606029	-65.812838
1004.942785	-66.622370
1005.279768	-67.706598
1005.616977	-69.083998
1005.954412	-70.683342
1006.292074	-71.965528
1006.629962	-71.732429
1006.968077	-69.891672
1007.306420	-67.703486
1007.644990	-65.855430
1007.983787	-64.470649
1008.322813	-63.506365
1008.662067	-62.890757
1009.001549	-62.556042
1009.341259	-62.447621
1009.681199	-62.531608
1010.021367	-62.798145
1010.361765	-63.251267
1010.702392	-63.884549
1011.043250	-64.645696
1011.384337	-65.392751
1011.725654	-65.885844
1012.067202	-65.919387
1012.408980	-65.520306
1012.750989	-64.906229
1013.093230	-64.280127
1013.435702	-63.741605
1013.778405	-63.305029
1014.121341	-62.938459
1014.464508	-62.597738
1014.807908	-62.249907
1015.151540	-61.886223
1015.495405	-61.529283
1015.839503	-61.230140
1016.183835	-61.052064
1016.528400	-61.053628
1016.873198	-61.282802
1017.218231	-61.777958
1017.563498	-62.568940
1017.908999	-63.676540
1018.254735	-65.096207
1018.600707	-66.702369
1018.946913	-67.954745
1019.293354	-67.825318
1019.640032	-66.201265
1019.986945	-64.125318
1020.334094	-62.266240
1020.681480	-60.806565
1021.029102	-59.760441
1021.376961	-59.101156
1021.725058	-58.797477
1022.073391	-58.825999
1022.421962	-59.178804
1022.770772	-59.873236
1023.119819	-60.967717
1023.469104	-62.589752
1023.818628	-65.000962
1024.168391	-68.811045
1024.518393	-75.962519
1024.868634	-79.381399
1025.219115	-70.668126
1025.569836	-66.410674
1025.920796	-63.839624
1026.271997	-62.123112
1026.623438	-60.926164
1026.975121	-60.090224
1027.327044	-59.543496
1027.679208	-59.263443
1028.031614	-59.254575
1028.384262	-59.533989
1028.737152	-60.122505
1029.090284	-61.039633
1029.443659	-62.301884
1029.797276	-63.924929
1030.151137	-65.925249
1030.505240	-68.288606
1030.859587	-70.754758
1031.214178	-72.166002
1031.569013	-71.152694
1031.924093	-68.796382
1032.279417	-66.426437
1032.634985	-64.386124
1032.990799	-62.695667
1033.346858	-61.326155
1033.703162	-60.247081
1034.059712	-59.429418
1034.416509	-58.845463
1034.773551	-58.472582
1035.130841	-58.300154
1035.488377	-58.335929
1035.846160	-58.608102
1036.204190	-59.162949
1036.562468	-60.061510
1036.920994	-61.378178
1037.279768	-63.193377
1037.638790	-65.520931
1037.998061	-67.885020
1038.357581	-68.473124
1038.717350	-66.596857
1039.077368	-64.185094
1039.437636	-62.139381
1039.798154	-60.533046
1040.158922	-59.299811
1040.519940	-58.382079
1040.881209	-57.744068
1041.242729	-57.364144
1041.604501	-57.227237
1041.966524	-57.320690
1042.328798	-57.633706
1042.691325	-58.160066
1043.054103	-58.903892
1043.417135	-59.888359
1043.780419	-61.168094
1044.143956	-62.847790
1044.507746	-65.108709
1044.871791	-68.189303
1045.236088	-71.567762
1045.600641	-70.953209
1045.965447	-67.149201
1046.330508	-63.950039
1046.695824	-61.604587
1047.061395	-59.877469
1047.427222	-58.596688
1047.793304	-57.658067
1048.159642	-57.005818
1048.526237	-56.619254
1048.893088	-56.501748
1049.260196	-56.670412
1049.627561	-57.147758
1049.995183	-57.957413
1050.363063	-59.126623
1050.731201	-60.700686
1051.099597	-62.782052
1051.468251	-65.633124
1051.837164	-70.024155
1052.206336	-79.591509
1052.575767	-78.289365
1052.945458	-69.350294
1053.315409	-65.068323
1053.685619	-62.340297
1054.056090	-60.438843
1054.426821	-59.072401
1054.797814	-58.091739
1055.169067	-57.407713
1055.540582	-56.960523
1055.912359	-56.709108
1056.284398	-56.630828
1056.656698	-56.724529
1057.029262	-57.012630
1057.402088	-57.541983
1057.775177	-58.385985
1058.148530	-59.651551
1058.522146	-61.497939
1058.896027	-64.177823
1059.270171	-68.021010
1059.644580	-71.675841
1060.019254	-69.146748
1060.394193	-65.097834
1060.769397	-62.143938
1061.144867	-60.007938
1061.520602	-58.431088
1061.896604	-57.282617
1062.272872	-56.501210
1062.649407	-56.057872
1063.026210	-55.935997
1063.403279	-56.121461
1063.780616	-56.598990
1064.158221	-57.353434
1064.536094	-58.376125
1064.914235	-59.677288
1065.292645	-61.305041
1065.671325	-63.369532
1066.050273	-66.054942
1066.429491	-69.420776
1066.808979	-71.635151
1067.188738	-69.372951
1067.568766	-66.015860
1067.949066	-63.390729
1068.329636	-61.452036
1068.710478	-60.025205
1069.091592	-58.998728
1069.472977	-58.312338
1069.854635	-57.934874
1070.236565	-57.846542
1070.618768	-58.025812
1071.001243	-58.441043
1071.383993	-59.048078
1071.767016	-59.796071
1072.150313	-60.642743
1072.533884	-61.575854
1072.917730	-62.633401
1073.301850	-63.915352
1073.686246	-65.571042
1074.070917	-67.646772
1074.455864	-69.220418
1074.841087	-67.874979
1075.226586	-64.648758
1075.612362	-61.689708
1075.998415	-59.389120
1076.384745	-57.667360
1076.771353	-56.417623
1077.158238	-55.566193
1077.545401	-55.075062
1077.932843	-54.935518
1078.320564	-55.157700
1078.708564	-55.756214
1079.096842	-56.729480
1079.485401	-58.025678
1079.874240	-59.491452
1080.263358	-60.849576
1080.652757	-61.843895
1081.042438	-62.502808
1081.432399	-63.088509
1081.822641	-63.736981
1082.213166	-64.136250
1082.603972	-63.542513
1082.995061	-61.772412
1083.386433	-59.571198
1083.778087	-57.560830
1084.170025	-55.967341
1084.562246	-54.838688
1084.954751	-54.169376
1085.347541	-53.939473
1085.740615	-54.124936
1086.133973	-54.702768
1086.527617	-55.661748
1086.921546	-57.026299
1087.315761	-58.899110
1087.710262	-61.530606
1088.105050	-65.419535
1088.500124	-70.531886
1088.895485	-69.380667
1089.291134	-65.087895
1089.687070	-62.567157
1090.083294	-61.459655
1090.479806	-61.482665
1090.876607	-62.555727
1091.273696	-64.480998
1091.671075	-65.454839
1092.068744	-62.808034
1092.466702	-59.143712
1092.864950	-56.169319
1093.263489	-53.963527
1093.662319	-52.415184
1094.061440	-51.449241
1094.460852	-51.032700
1094.860555	-51.166454
1095.260551	-51.886657
1095.660840	-53.282970
1096.061421	-55.554503
1096.462295	-59.181116
1096.863462	-65.441823
1097.264923	-68.838800
1097.666678	-61.740282
1098.068727	-57.729480
1098.471071	-55.432863
1098.873710	-54.166532
1099.276644	-53.688738
1099.679874	-53.932209
1100.083400	-54.935213
1100.487222	-56.857031
1100.891340	-60.087110
1101.295756	-65.290779
1101.700468	-66.915239
1102.105478	-61.243932
1102.510787	-57.280766
1102.916393	-54.691332
1103.322298	-52.965598
1103.728502	-51.890043
1104.135005	-51.381710
1104.541807	-51.416880
1104.948909	-52.003527
1105.356312	-53.169668
1105.764015	-54.937952
1106.172019	-57.170701
1106.580324	-58.904715
1106.988931	-58.242175
1107.397840	-55.838896
1107.807051	-53.438483
1108.216564	-51.534952
1108.626380	-50.156061
1109.036500	-49.265131
1109.446923	-48.829626
1109.857649	-48.827161
1110.268680	-49.246679
1110.680016	-50.095582
1111.091657	-51.417608
1111.503602	-53.328544
1111.915854	-56.080305
1112.328411	-60.071345
1112.741275	-63.744156
1113.154445	-60.651701
1113.567922	-56.651340
1113.981706	-54.032023
1114.395798	-52.441718
1114.810198	-51.621318
1115.224906	-51.447190
1115.639923	-51.888130
1116.055249	-53.009517
1116.470884	-55.045656
1116.886829	-58.693313
1117.303084	-67.134217
1117.719650	-68.620039
1118.136526	-58.207759
1118.553713	-53.593328
1118.971212	-50.739444
1119.389022	-48.829892
1119.807145	-47.557029
1120.225580	-46.773300
1120.644328	-46.401477
1121.063389	-46.405739
1121.482763	-46.783470
1121.902452	-47.567498
1122.322454	-48.838375
1122.742771	-50.753553
1123.163404	-53.604076
1123.584351	-57.736178
1124.005614	-60.475463
1124.427193	-56.659015
1124.849089	-52.811243
1125.271301	-50.195583
1125.693830	-48.423120
1126.116677	-47.236002
1126.539842	-46.494495
1126.963324	-46.126482
1127.387126	-46.102892
1127.811246	-46.427540
1128.235685	-47.136340
1128.660444	-48.306889
1129.085522	-50.087869
1129.510922	-52.783300
1129.936641	-57.132035
1130.362682	-64.841059
1130.789044	-61.948251
1131.215728	-55.669141
1131.642734	-52.152156
1132.070063	-49.942679
1132.497714	-48.506122
1132.925689	-47.611932
1133.353987	-47.148716
1133.782610	-47.062197
1134.211556	-47.328577
1134.640827	-47.939915
1135.070424	-48.890720
1135.500345	-50.147463
1135.930593	-51.557675
1136.361166	-52.663576
1136.792067	-52.748199
1137.223294	-51.684909
1137.654848	-50.135150
1138.086730	-48.642319
1138.518940	-47.407918
1138.951479	-46.474729
1139.384346	-45.837137
1139.817543	-45.479324
1140.251069	-45.388963
1140.684925	-45.563150
1141.119111	-46.009040
1141.553628	-46.739079
1141.988475	-47.759328
1142.423655	-49.038374
1142.859166	-50.417011
1143.295009	-51.434993
1143.731185	-51.421306
1144.167694	-50.314538
1144.604536	-48.760471
1145.041711	-47.259190
1145.479221	-45.985613
1145.917065	-44.969483
1146.355245	-44.202311
1146.793759	-43.671312
1147.232609	-43.366631
1147.671795	-43.283257
1148.111317	-43.423228
1148.551177	-43.796759
1148.991373	-44.420193
1149.431907	-45.311197
1149.872779	-46.481017
1150.313989	-47.912645
1150.755538	-49.482905
1151.197426	-50.766174
1151.639653	-50.984992
1152.082220	-49.888988
1152.525128	-48.177161
1152.968376	-46.469655
1153.411966	-44.986265
1153.855897	-43.763205
1154.300169	-42.786984
1154.744784	-42.035632
1155.189742	-41.487117
1155.635042	-41.120781
1156.080687	-40.919230
1156.526674	-40.870399
1156.973007	-40.967591
1157.419683	-41.206806
1157.866705	-41.582766
1158.314072	-42.085137
1158.761786	-42.694090
1159.209845	-43.371672
1159.658251	-44.046630
1160.107004	-44.601019
1160.556104	-44.887342
1161.005553	-44.801120
1161.455349	-44.357309
1161.905494	-43.675288
1162.355989	-42.895523
1162.806832	-42.124017
1163.258026	-41.425346
1163.709570	-40.834472
1164.161464	-40.368290
1164.613710	-40.033615
1165.066307	-39.832867
1165.519256	-39.768125
1165.972558	-39.843434
1166.426212	-40.065351
1166.880219	-40.442394
1167.334580	-40.984224
1167.789295	-41.700803
1168.244364	-42.600077
1168.699788	-43.679870
1169.155567	-44.904270
1169.611702	-46.148299
1170.068193	-47.117532
1170.525041	-47.393409
1170.982245	-46.807496
1171.439807	-45.657446
1171.897726	-44.344389
1172.356004	-43.100556
1172.814640	-42.014859
1173.273635	-41.109789
1173.732989	-40.383397
1174.192703	-39.825965
1174.652778	-39.425899
1175.113213	-39.171763
1175.574009	-39.052922
1176.035167	-39.059421
1176.496687	-39.181106
1176.958569	-39.405800
1177.420814	-39.716386
1177.883422	-40.086748
1178.346394	-40.477041
1178.809730	-40.830413
1179.273430	-41.076202
1179.737496	-41.145812
1180.201927	-40.999640
1180.666723	-40.647522
1181.131886	-40.143543
1181.597416	-39.559908
1182.063312	-38.961935
1182.529576	-38.396833
1182.996209	-37.893904
1183.463209	-37.469367
1183.930579	-37.131438
1184.398317	-36.883999
1184.866426	-36.728640
1185.334904	-36.665356
1185.803754	-36.692317
1186.272974	-36.805106
1186.742566	-36.995741
1187.212529	-37.251691
1187.682865	-37.555015
1188.153574	-37.881826
1188.624656	-38.202429
1189.096112	-38.482846
1189.567942	-38.688533
1190.040147	-38.790566
1190.512726	-38.772792
1190.985681	-38.636619
1191.459012	-38.400363
1191.932720	-38.093205
1192.406804	-37.747064
1192.881265	-37.390011
1193.356104	-37.042870
1193.831322	-36.718641
1194.306918	-36.423610
1194.782893	-36.159111
1195.259248	-35.923277
1195.735982	-35.712462
1196.213097	-35.522203
1196.690593	-35.347788
1197.168471	-35.184548
1197.646730	-35.028049
1198.125371	-34.874301
1198.604395	-34.720049
1199.083803	-34.563109
1199.563594	-34.402637
1200.043769	-34.239226
1200.524329	-34.074752
1201.005273	-33.911989
1201.486604	-33.754107
1201.968320	-33.604150
1202.450422	-33.464622
1202.932912	-33.337204
1203.415789	-33.222626
1203.899054	-33.120676
1204.382707	-33.030314
1204.866748	-32.949876
1205.351179	-32.877329
1205.836000	-32.810572
1206.321211	-32.747713
1206.806812	-32.687303
1207.292805	-32.628466
1207.779189	-32.570904
1208.265965	-32.514768
1208.753134	-32.460450
1209.240696	-32.408331
1209.728651	-32.358553
1210.217000	-32.310832
1210.705744	-32.264362
1211.194883	-32.217798
1211.684417	-32.169309
1212.174347	-32.116699
1212.664673	-32.057570
1213.155396	-31.989516
1213.646516	-31.910363
1214.138034	-31.818426
1214.629951	-31.712757
1215.122266	-31.593325
1215.614980	-31.461078
1216.108095	-31.317860
1216.601609	-31.166202
1217.095524	-31.009025
1217.589841	-30.849311
1218.084559	-30.689830
1218.579679	-30.532925
1219.075202	-30.380409
1219.571128	-30.233528
1220.067458	-30.092999
1220.564191	-29.959079
1221.061330	-29.831652
1221.558874	-29.710311
1222.056823	-29.594435
1222.555178	-29.483264
1223.053940	-29.375968
1223.553109	-29.271728
1224.052686	-29.169808
1224.552671	-29.069625
1225.053065	-28.970800
1225.553867	-28.873185
1226.055079	-28.776860
1226.556702	-28.682092
1227.058735	-28.589276
1227.561179	-28.498866
1228.064035	-28.411317
1228.567303	-28.327067
1229.070983	-28.246527
1229.575077	-28.170108
1230.079585	-28.098227
1230.584506	-28.031323
1231.089842	-27.969854
1231.595594	-27.914295
1232.101761	-27.865136
1232.608345	-27.822878
1233.115345	-27.788042
1233.622762	-27.761176
1234.130597	-27.742840
1234.638851	-27.733584
1235.147523	-27.733894
1235.656615	-27.744134
1236.166126	-27.764488
1236.676058	-27.794916
1237.186411	-27.835133
1237.697185	-27.884607
1238.208381	-27.942565
1238.719999	-28.008008
1239.232040	-28.079703
1239.744505	-28.156192
1240.257394	-28.235794
1240.770708	-28.316614
1241.284446	-28.396562
1241.798610	-28.473383
1242.313201	-28.544695
1242.828218	-28.608059
1243.343662	-28.661045
1243.859534	-28.701324
1244.375834	-28.726767
1244.892563	-28.735535
1245.409721	-28.726154
1245.927309	-28.697553
1246.445327	-28.649064
1246.963777	-28.580405
1247.482657	-28.491661
1248.001970	-28.383270
1248.521716	-28.256020
1249.041894	-28.111044
1249.562506	-27.949784
1250.083553	-27.773927
1250.605034	-27.585320
1251.126950	-27.385863
1251.649302	-27.177402
1252.172091	-26.961642
1252.695316	-26.740095
1253.218979	-26.514075
1253.743079	-26.284715
1254.267619	-26.053002
1254.792597	-25.819812
1255.318015	-25.585927
1255.843874	-25.352041
1256.370173	-25.118751
1256.896913	-24.886554
1257.424095	-24.655850
1257.951720	-24.426951
1258.479787	-24.200115
1259.008298	-23.975573
1259.537254	-23.753567
1260.066654	-23.534378
1260.596499	-23.318345
1261.126790	-23.105856
1261.657527	-22.897329
1262.188711	-22.693172
1262.720342	-22.493759
1263.252422	-22.299410
1263.784950	-22.110385
1264.317928	-21.926892
1264.851355	-21.749095
1265.385232	-21.577130
1265.919560	-21.411114
1266.454340	-21.251142
1266.989572	-21.097279
1267.525256	-20.949549
1268.061394	-20.807928
1268.597985	-20.672351
1269.135031	-20.542732
1269.672531	-20.418975
1270.210487	-20.300999
1270.748899	-20.188749
1271.287768	-20.082204
1271.827094	-19.981371
1272.366877	-19.886283
1272.907119	-19.796984
1273.447820	-19.713518
1273.988981	-19.635914
1274.530601	-19.564177
1275.072683	-19.498283
1275.615226	-19.438170
1276.158230	-19.383739
1276.701697	-19.334845
1277.245627	-19.291284
1277.790021	-19.252763
1278.334879	-19.218876
1278.880202	-19.189085
1279.425991	-19.162715
1279.972245	-19.138957
1280.518966	-19.116883
1281.066155	-19.095472
1281.613811	-19.073641
1282.161936	-19.050291
1282.710529	-19.024348
1283.259593	-18.994811
1283.809126	-18.960803
1284.359131	-18.921610
1284.909607	-18.876716
1285.460555	-18.825839
1286.011976	-18.768952
1286.563870	-18.706308
1287.116237	-18.638438
1287.669080	-18.566142
1288.222397	-18.490443
1288.776191	-18.412537
1289.330460	-18.333722
1289.885207	-18.255333
1290.440431	-18.178672
1290.996133	-18.104958
1291.552314	-18.035274
1292.108975	-17.970540
1292.666115	-17.911489
1293.223737	-17.858656
1293.781839	-17.812366
1294.340424	-17.772726
1294.899491	-17.739599
1295.459041	-17.712590
1296.019075	-17.691024
1296.579593	-17.673951
1297.140597	-17.660152
1297.702086	-17.648160
1298.264061	-17.636288
1298.826524	-17.622678
1299.389474	-17.605358
1299.952912	-17.582319
1300.516839	-17.551596
1301.081255	-17.511357
1301.646162	-17.459984
1302.211559	-17.396151
1302.777448	-17.318895
1303.343829	-17.227674
1303.910702	-17.122398
1304.478069	-17.003439
1305.045930	-16.871600
1305.614285	-16.728063
1306.183136	-16.574313
1306.752483	-16.412048
1307.322326	-16.243090
1307.892666	-16.069297
1308.463504	-15.892486
1309.034841	-15.714363
1309.606677	-15.536474
1310.179012	-15.360163
1310.751849	-15.186561
1311.325186	-15.016579
1311.899025	-14.850915
1312.473366	-14.690072
1313.048211	-14.534373
1313.623559	-14.383978
1314.199412	-14.238889
1314.775770	-14.098954
1315.352634	-13.963873
1315.930004	-13.833221
1316.507881	-13.706464
1317.086266	-13.582984
1317.665159	-13.462106
1318.244562	-13.343116
1318.824474	-13.225284
1319.404897	-13.107879
1319.985831	-12.990194
1320.567276	-12.871556
1321.149234	-12.751347
1321.731706	-12.629015
1322.314691	-12.504093
1322.898190	-12.376205
1323.482205	-12.245077
1324.066736	-12.110541
1324.651783	-11.972538
1325.237347	-11.831120
1325.823430	-11.686446
1326.410031	-11.538769
1326.997151	-11.388427
1327.584791	-11.235818
1328.172952	-11.081393
1328.761634	-10.925631
1329.350839	-10.769028
1329.940566	-10.612078
1330.530817	-10.455266
1331.121592	-10.299052
1331.712891	-10.143871
1332.304716	-9.990120
1332.897068	-9.838155
1333.489946	-9.688290
1334.083352	-9.540796
1334.677287	-9.395900
1335.271750	-9.253784
1335.866744	-9.114584
1336.462268	-8.978388
1337.058323	-8.845244
1337.654910	-8.715166
1338.252029	-8.588135
1338.849682	-8.464111
1339.447869	-8.343040
1340.046591	-8.224858
1340.645848	-8.109495
1341.245641	-7.996874
1341.845972	-7.886913
1342.446840	-7.779526
1343.048246	-7.674630
1343.650191	-7.572152
1344.252677	-7.472035
1344.855702	-7.374234
1345.459269	-7.278716
1346.063379	-7.185457
1346.668030	-7.094437
1347.273226	-7.005650
1347.878965	-6.919098
1348.485250	-6.834800
1349.092080	-6.752788
1349.699456	-6.673108
1350.307380	-6.595817
1350.915851	-6.520972
1351.524871	-6.448632
1352.134441	-6.378842
1352.744560	-6.311642
1353.355231	-6.247067
1353.966453	-6.185152
1354.578227	-6.125940
1355.190555	-6.069474
1355.803436	-6.015794
1356.416872	-5.964932
1357.030863	-5.916908
1357.645411	-5.871731
1358.260515	-5.829401
1358.876177	-5.789909
1359.492397	-5.753240
1360.109176	-5.719377
1360.726516	-5.688306
1361.344416	-5.660017
1361.962877	-5.634500
1362.581901	-5.611742
1363.201487	-5.591720
1363.821637	-5.574402
1364.442352	-5.559759
1365.063632	-5.547760
1365.685478	-5.538384
1366.307891	-5.531611
1366.930871	-5.527422
1367.554420	-5.525804
1368.178538	-5.526747
1368.803226	-5.530251
1369.428485	-5.536323
1370.054315	-5.544974
1370.680717	-5.556209
1371.307693	-5.570033
1371.935242	-5.586453
1372.563366	-5.605489
1373.192065	-5.627172
1373.821341	-5.651539
1374.451193	-5.678621
1375.081623	-5.708440
1375.712632	-5.741016
1376.344221	-5.776370
1376.976389	-5.814534
1377.609139	-5.855544
1378.242470	-5.899424
1378.876384	-5.946181
1379.510881	-5.995802
1380.145963	-6.048269
1380.781629	-6.103573
1381.417881	-6.161718
1382.054720	-6.222710
1382.692147	-6.286536
1383.330161	-6.353160
1383.968765	-6.422530
1384.607959	-6.494592
1385.247743	-6.569313
1385.888119	-6.646675
1386.529087	-6.726657
1387.170648	-6.809211
1387.812804	-6.894249
1388.455554	-6.981654
1389.098899	-7.071307
1389.742842	-7.163107
1390.387381	-7.256980
1391.032519	-7.352856
1391.678256	-7.450643
1392.324592	-7.550204
1392.971529	-7.651368
1393.619068	-7.753955
1394.267208	-7.857807
1394.915952	-7.962791
1395.565300	-8.068783
1396.215253	-8.175627
1396.865812	-8.283120
1397.516977	-8.391028
1398.168749	-8.499129
1398.821130	-8.607262
1399.474120	-8.715339
1400.127719	-8.823310
1400.781930	-8.931098
1401.436752	-9.038551
1402.092186	-9.145425
1402.748234	-9.251437
1403.404897	-9.356351
1404.062174	-9.460056
1404.720067	-9.562581
1405.378577	-9.664039
1406.037705	-9.764531
1406.697451	-9.864066
1407.357817	-9.962533
1408.018803	-10.059733
1408.680410	-10.155467
1409.342639	-10.249597
1410.005492	-10.342057
1410.668968	-10.432794
1411.333068	-10.521698
1411.997795	-10.608548
1412.663147	-10.693045
1413.329127	-10.774902
1413.995736	-10.853974
1414.662973	-10.930328
1415.330840	-11.004213
1415.999339	-11.075926
1416.668469	-11.145644
1417.338232	-11.213299
1418.008628	-11.278578
1418.679659	-11.341050
1419.351325	-11.400383
1420.023628	-11.456535
1420.696568	-11.509803
1421.370145	-11.560716
1422.044362	-11.609812
1422.719219	-11.657414
1423.394717	-11.703520
1424.070856	-11.747866
1424.747638	-11.790159
1425.425064	-11.830346
1426.103134	-11.868785
1426.781850	-11.906208
1427.461212	-11.943486
1428.141221	-11.981277
1428.821878	-12.019743
1429.503185	-12.058454
1430.185141	-12.096565
1430.867749	-12.133215
1431.551008	-12.167966
1432.234920	-12.201105
1432.919486	-12.233622
1433.604707	-12.266885
1434.290583	-12.302112
1434.977116	-12.339874
1435.664307	-12.379838
1436.352156	-12.420889
1437.040664	-12.461594
1437.729833	-12.500854
1438.419663	-12.538469
1439.110156	-12.575355
1439.801312	-12.613306
1440.493132	-12.654369
1441.185617	-12.700061
1441.878768	-12.750716
1442.572586	-12.805244
1443.267072	-12.861432
1443.962228	-12.916705
1444.658053	-12.969107
1445.354549	-13.018156
1446.051717	-13.065204
1446.749558	-13.113123
1447.448073	-13.165423
1448.147263	-13.225080
1448.847128	-13.293504
1449.547671	-13.369971
1450.248891	-13.451753
1450.950789	-13.534936
1451.653368	-13.615750
1452.356627	-13.692002
1453.060568	-13.764089
1453.765192	-13.835193
1454.470500	-13.910557
1455.176492	-13.996048
1455.883170	-14.096474
1456.590534	-14.214131
1457.298586	-14.347987
1458.007327	-14.493700
1458.716758	-14.644578
1459.426880	-14.793358
1460.137693	-14.934424
1460.849199	-15.065813
1461.561398	-15.190270
1462.274293	-15.314919
1462.987883	-15.449643
1463.702170	-15.604719
1464.417155	-15.788375
1465.132838	-16.004801
1465.849222	-16.252902
1466.566306	-16.525944
1467.284093	-16.812303
1468.002582	-17.097540
1468.721775	-17.367736
1469.441674	-17.613455
1470.162278	-17.833010
1470.883590	-18.033625
1471.605609	-18.229910
1472.328338	-18.440299
1473.051777	-18.682828
1473.775928	-18.971336
1474.500790	-19.312471
1475.226367	-19.703353
1475.952657	-20.129808
1476.679663	-20.565676
1477.407386	-20.974667
1478.135826	-21.316703
1478.864985	-21.559122
1479.594863	-21.688792
1480.325463	-21.717947
1481.056784	-21.679586
1481.788828	-21.616005
1482.521597	-21.567718
1483.255090	-21.567101
1483.989309	-21.636625
1484.724256	-21.789545
1485.459931	-22.031170
1486.196336	-22.359587
1486.933471	-22.765250
1487.671337	-23.229057
1488.409937	-23.718946
1489.149270	-24.186044
1489.889337	-24.563901
1490.630141	-24.777218
1491.371682	-24.764581
1492.113961	-24.506448
1492.856979	-24.036219
1493.600738	-23.423552
1494.345238	-22.745767
1495.090481	-22.068080
1495.836467	-21.437739
1496.583198	-20.886412
1497.330675	-20.434891
1498.078899	-20.097284
1498.827872	-19.884058
1499.577593	-19.804076
1500.328065	-19.865926
1501.079289	-20.078752
1501.831265	-20.452645
1502.583995	-20.998362
1503.337480	-21.725592
1504.091721	-22.637752
1504.846719	-23.718546
1505.602475	-24.901060
1506.358991	-26.012892
1507.116268	-26.743948
1507.874306	-26.797588
1508.633108	-26.196264
1509.392673	-25.258061
1510.153004	-24.287989
1510.914101	-23.451853
1511.675965	-22.816063
1512.438599	-22.399883
1513.202002	-22.202229
1513.966176	-22.209521
1514.731122	-22.390721
1515.496842	-22.679953
1516.263336	-22.948099
1517.030607	-22.987406
1517.798654	-22.576987
1518.567479	-21.643687
1519.337083	-20.327705
1520.107468	-18.848599
1520.878634	-17.371255
1521.650584	-15.982130
1522.423317	-14.715686
1523.196836	-13.579962
1523.971141	-12.571353
1524.746233	-11.681796
1525.522115	-10.901982
1526.298786	-10.222699
1527.076249	-9.635324
1527.854504	-9.131950
1528.633553	-8.705350
1529.413397	-8.348911
1530.194037	-8.056548
1530.975474	-7.822656
1531.757709	-7.642089
1532.540745	-7.510167
1533.324581	-7.422725
1534.109220	-7.376180
1534.894662	-7.367613
1535.680909	-7.394855
1536.467961	-7.456553
1537.255821	-7.552218
1538.044489	-7.682228
1538.833967	-7.847791
1539.624256	-8.050871
1540.415357	-8.294082
1541.207271	-8.580554
1542.000000	-8.913787
1542.793545	-9.297495
1543.587907	-9.735423
1544.383087	-10.231136
1545.179088	-10.787722
1545.975909	-11.407354
1546.773552	-12.090596
1547.572019	-12.835291
1548.371311	-13.634816
1549.171428	-14.475479
1549.972373	-15.333085
1550.774147	-16.169456
1551.576751	-16.931438
1552.380185	-17.557001
1553.184453	-17.991903
1553.989554	-18.211959
1554.795490	-18.235493
1555.602263	-18.114973
1556.409873	-17.915459
1557.218322	-17.696068
1558.027612	-17.501952
1558.837743	-17.364388
1559.648717	-17.304213
1560.460536	-17.335614
1561.273200	-17.469201
1562.086710	-17.714312
1562.901069	-18.080786
1563.716278	-18.580522
1564.532337	-19.229188
1565.349249	-20.048485
1566.167014	-21.069731
1566.985634	-22.340134
1567.805111	-23.935007
1568.625444	-25.984579
1569.446637	-28.743096
1570.268690	-32.816946
1571.091605	-40.327876
1571.915382	-45.254904
1572.740024	-35.310515
1573.565532	-30.824886
1574.391907	-28.086273
1575.219150	-26.211538
1576.047262	-24.868267
1576.876246	-23.896973
1577.706103	-23.209937
1578.536833	-22.754807
1579.368439	-22.498921
1580.200922	-22.421712
1581.034282	-22.510768
1581.868522	-22.759725
1582.703643	-23.167217
1583.539646	-23.736564
1584.376532	-24.476100
1585.214304	-25.400240
1586.052962	-26.531611
1586.892508	-27.905056
1587.732943	-29.575190
1588.574269	-31.631720
1589.416487	-34.233605
1590.259599	-37.694787
1591.103605	-42.705306
1591.948508	-49.316461
1592.794309	-45.940634
1593.641009	-41.185656
1594.488609	-38.336055
1595.337112	-36.508681
1596.186518	-35.281609
1597.036829	-34.443526
1597.888047	-33.872032
1598.740172	-33.487303
1599.593207	-33.232684
1600.447153	-33.066136
1601.302010	-32.956283
1602.157782	-32.879985
1603.014469	-32.819907
1603.872072	-32.761479
1604.730593	-32.689347
1605.590034	-32.584241
1606.450397	-32.421928
1607.311681	-32.175760
1608.173890	-31.823143
1609.037024	-31.353830
1609.901085	-30.775472
1610.766075	-30.112622
1611.631995	-29.399847
1612.498846	-28.673256
1613.366630	-27.964338
1614.235349	-27.297246
1615.105004	-26.688662
1615.975596	-26.148929
1616.847128	-25.683518
1617.719600	-25.294338
1618.593014	-24.980710
1619.467372	-24.740031
1620.342675	-24.568186
1621.218924	-24.459741
1622.096122	-24.408002
1622.974270	-24.405017
1623.853369	-24.441620
1624.733420	-24.507594
1625.614427	-24.592151
1626.496389	-24.684752
1627.379308	-24.776242
1628.263187	-24.860090
1629.148026	-24.933446
1630.033828	-24.997655
1630.920593	-25.057979
1631.808324	-25.122548
1632.697022	-25.200861
1633.586688	-25.302176
1634.477324	-25.434160
1635.368932	-25.601986
1636.261514	-25.807839
1637.155070	-26.050696
1638.049602	-26.326342
1638.945113	-26.627598
1639.841603	-26.944791
1640.739075	-27.266586
1641.637529	-27.581258
1642.536968	-27.878363
1643.437393	-28.150646
1644.338806	-28.395782
1645.241209	-28.617311
1646.144602	-28.824240
1647.048988	-29.029345
1647.954368	-29.246616
1648.860744	-29.488471
1649.768118	-29.763298
1650.676491	-30.073635
1651.585865	-30.415120
1652.496241	-30.776313
1653.407621	-31.139664
1654.320008	-31.483895
1655.233401	-31.787816
1656.147804	-32.034959
1657.063218	-32.217518
1657.979645	-32.337872
1658.897085	-32.406982
1659.815542	-32.440495
1660.735016	-32.454171
1661.655509	-32.460115
1662.577023	-32.464724
1663.499560	-32.468426
1664.423121	-32.467084
1665.347709	-32.454664
1666.273324	-32.426321
1667.199969	-32.380751
1668.127645	-32.320954
1669.056353	-32.253148
1669.986097	-32.184470
1670.916877	-32.120527
1671.848695	-32.063746
1672.781553	-32.012953
1673.715452	-31.964138
1674.650395	-31.912055
1675.586383	-31.852169
1676.523418	-31.782418
1677.461501	-31.704286
1678.400635	-31.622785
1679.340821	-31.545283
1680.282061	-31.479664
1681.224357	-31.432418
1682.167710	-31.407192
1683.112122	-31.404129
1684.057595	-31.420077
1685.004132	-31.449595
1685.951732	-31.486537
1686.900400	-31.525735
1687.850135	-31.564181
1688.800940	-31.601470
1689.752818	-31.639484
1690.705768	-31.681529
1691.659795	-31.731287
1692.614898	-31.791804
1693.571081	-31.864823
1694.528345	-31.950706
1695.486691	-32.048820
1696.446122	-32.158078
1697.406640	-32.277288
1698.368245	-32.405203
1699.330941	-32.540384
1700.294729	-32.681030
1701.259611	-32.824951
1702.225588	-32.969792
1703.192664	-33.113600
1704.160838	-33.255484
1705.130114	-33.396007
1706.100493	-33.537032
1707.071977	-33.680978
1708.044568	-33.829758
1709.018268	-33.983773
1709.993079	-34.141268
1710.969003	-34.298384
1711.946041	-34.450014
1712.924196	-34.591134
1713.903469	-34.718003
1714.883862	-34.828723
1715.865378	-34.922982
1716.848017	-35.001271
1717.831783	-35.063958
1718.816677	-35.110673
1719.802701	-35.140352
1720.789857	-35.151746
1721.778147	-35.144018
1722.767573	-35.117092
1723.758136	-35.071545
1724.749840	-35.008242
1725.742685	-34.928086
1726.736673	-34.832138
1727.731808	-34.722005
1728.728090	-34.600165
1729.725521	-34.469927
1730.724105	-34.334918
1731.723842	-34.198319
1732.724735	-34.062291
1733.726785	-33.927910
1734.729995	-33.795560
1735.734366	-33.665564
1736.739902	-33.538791
1737.746603	-33.416924
1738.754472	-33.302297
1739.763510	-33.197438
1740.773721	-33.104606
1741.785105	-33.025667
1742.797665	-32.962221
1743.811403	-32.915726
1744.826321	-32.887491
1745.842422	-32.878636
1746.859706	-32.890039
1747.878177	-32.922328
1748.897835	-32.975948
1749.918685	-33.051354
1750.940726	-33.149172
1751.963963	-33.270101
1752.988395	-33.414549
1754.014027	-33.582169
1755.040860	-33.771451
1756.068895	-33.979410
1757.098135	-34.201236
1758.128583	-34.429819
1759.160240	-34.655052
1760.193109	-34.863026
1761.227191	-35.035517
1762.262488	-35.150427
1763.299004	-35.183695
1764.336740	-35.112813
1765.375697	-34.921352
1766.415880	-34.603031
1767.457288	-34.163498
1768.499926	-33.618840
1769.543794	-32.991597
1770.588895	-32.306088
1771.635231	-31.584723
1772.682805	-30.846014
1773.731619	-30.104145
1774.781674	-29.369466
1775.832973	-28.649224
1776.885519	-27.948242
1777.939312	-27.269524
1778.994357	-26.614777
1780.050654	-25.984808
1781.108207	-25.379816
1782.167017	-24.799614
1783.227087	-24.243790
1784.288418	-23.711783
1785.351013	-23.202930
1786.414875	-22.716550
1787.480006	-22.252015
1788.546407	-21.808755
1789.614082	-21.386242
1790.683032	-20.983985
1791.753259	-20.601519
1792.824767	-20.238395
1793.897557	-19.894186
1794.971632	-19.568497
1796.046994	-19.260952
1797.123645	-18.971188
1798.201588	-18.698858
1799.280824	-18.443643
1800.361357	-18.205258
1801.443188	-17.983449
1802.526320	-17.777994
1803.610756	-17.588701
1804.696497	-17.415421
1805.783546	-17.258042
1806.871906	-17.116489
1807.961578	-16.990716
1809.052565	-16.880696
1810.144870	-16.786409
1811.238494	-16.707835
1812.333441	-16.644944
1813.429713	-16.597677
1814.527311	-16.565938
1815.626239	-16.549578
1816.726499	-16.548374
1817.828094	-16.562020
1818.931025	-16.590112
1820.035295	-16.632112
1821.140906	-16.687330
1822.247862	-16.754888
1823.356165	-16.833685
1824.465816	-16.922329
1825.576819	-17.019082
1826.689175	-17.121798
1827.802888	-17.227848
1828.917960	-17.334060
1830.034394	-17.436681
1831.152191	-17.531371
1832.271354	-17.613255
1833.391887	-17.677057
1834.513790	-17.717324
1835.637068	-17.728742
1836.761722	-17.706516
1837.887755	-17.646794
1839.015169	-17.547051
1840.143968	-17.406380
1841.274153	-17.225601
1842.405727	-17.007193
1843.538693	-16.755058
1844.673053	-16.474153
1845.808810	-16.170071
1846.945966	-15.848639
1848.084525	-15.515578
1849.224488	-15.176261
1850.365858	-14.835556
1851.508638	-14.497754
1852.652831	-14.166558
1853.798438	-13.845115
1854.945463	-13.536063
1856.093909	-13.241594
1857.243777	-12.963518
1858.395071	-12.703316
1859.547794	-12.462187
1860.701947	-12.241095
1861.857533	-12.040789
1863.014556	-11.861815
1864.173018	-11.704516
1865.332922	-11.569020
1866.494270	-11.455210
1867.657065	-11.362680
1868.821309	-11.290684
1869.987006	-11.238051
1871.154158	-11.203097
1872.322768	-11.183515
1873.492839	-11.176259
1874.664373	-11.177418
1875.837373	-11.182128
1877.011841	-11.184521
1878.187782	-11.177781
1879.365197	-11.154334
1880.544089	-11.106233
1881.724460	-11.025739
1882.906315	-10.906078
1884.089655	-10.742243
1885.274483	-10.531701
1886.460803	-10.274801
1887.648616	-9.974789
1888.837927	-9.637421
1890.028736	-9.270272
1891.221049	-8.881934
1892.414866	-8.481269
1893.610192	-8.076817
1894.807028	-7.676412
1896.005379	-7.286989
1897.205246	-6.914534
1898.406633	-6.564141
1899.609542	-6.240112
1900.813977	-5.946100
1902.019940	-5.685242
1903.227434	-5.460294
1904.436462	-5.273754
1905.647028	-5.127969
1906.859133	-5.025230
1908.072781	-4.967861
1909.287976	-4.958306
1910.504719	-4.999207
1911.723013	-5.093501
1912.942863	-5.244523
1914.164270	-5.456115
1915.387238	-5.732771
1916.611770	-6.079810
1917.837868	-6.503592
1919.065536	-7.011808
1920.294777	-7.613853
1921.525594	-8.321308
1922.757989	-9.148532
1923.991967	-10.113320
1925.227529	-11.237325
1926.464679	-12.545272
1927.703420	-14.059558
1928.943755	-15.779399
1930.185688	-17.613490
1931.429221	-19.219067
1932.674356	-19.916800
1933.921099	-19.337493
1935.169451	-18.004248
1936.419415	-16.550818
1937.670996	-15.254658
1938.924195	-14.182213
1940.179017	-13.329753
1941.435463	-12.677064
1942.693538	-12.203451
1943.953245	-11.891568
1945.214586	-11.727623
1946.477566	-11.700529
1947.742186	-11.800698
1949.008451	-12.018544
1950.276363	-12.342521
1951.545926	-12.756454
1952.817143	-13.236022
1954.090017	-13.744794
1955.364551	-14.231643
1956.640749	-14.633578
1957.918615	-14.888710
1959.198150	-14.958238
1960.479359	-14.844521
1961.762244	-14.589879
1963.046810	-14.257139
1964.333059	-13.907913
1965.620995	-13.590419
1966.910621	-13.336959
1968.201940	-13.166135
1969.494956	-13.085908
1970.789672	-13.095781
1972.086091	-13.187716
1973.384217	-13.346028
1974.684053	-13.546857
1975.985602	-13.758364
1977.288869	-13.943239
1978.593855	-14.064957
1979.900566	-14.097230
1981.209003	-14.032789
1982.519171	-13.886153
1983.831073	-13.688429
1985.144712	-13.477571
1986.460093	-13.289417
1987.777217	-13.152317
1989.096089	-13.085036
1990.416713	-13.096347
1991.739092	-13.184891
1993.063228	-13.338645
1994.389127	-13.534184
1995.716791	-13.736915
1997.046223	-13.904491
1998.377428	-13.995439
1999.710409	-13.982093
2001.045169	-13.861711
2002.381713	-13.658205
2003.720043	-13.413107
2005.060163	-13.172254
2006.402077	-12.975420
2007.745788	-12.851272
2009.091301	-12.816037
2010.438618	-12.873430
2011.787743	-13.014256
2013.138680	-13.215422
2014.491433	-13.439566
2015.846005	-13.638105
2017.202399	-13.761020
2018.560621	-13.773149
2019.920673	-13.669288
2021.282558	-13.477035
2022.646281	-13.244918
2024.011846	-13.024968
2025.379256	-12.859711
2026.748515	-12.776235
2028.119626	-12.784723
2029.492594	-12.878367
2030.867422	-13.033456
2032.244114	-13.210783
2033.622673	-13.361365
2035.003104	-13.439112
2036.385411	-13.418007
2037.769597	-13.304034
2039.155665	-13.132553
2040.543621	-12.953071
2041.933467	-12.812096
2043.325208	-12.741876
2044.718847	-12.755464
2046.114389	-12.845285
2047.511837	-12.983687
2048.911195	-13.126810
2050.312467	-13.224972
2051.715657	-13.240209
2053.120769	-13.163689
2054.527807	-13.020658
2055.936775	-12.858621
2057.347677	-12.727840
2058.760516	-12.665546
2060.175297	-12.687534
2061.592025	-12.785056
2063.010701	-12.925366
2064.431332	-13.057783
2065.853921	-13.128989
2067.278472	-13.105963
2068.704988	-12.993819
2070.133475	-12.833931
2071.563936	-12.683694
2072.996375	-12.593295
2074.430796	-12.590583
2075.867204	-12.674431
2077.305603	-12.813818
2078.745996	-12.953732
2080.188389	-13.032644
2081.632784	-13.010825
2083.079187	-12.893510
2084.527601	-12.728814
2085.978030	-12.581979
2087.430480	-12.506730
2088.884954	-12.527741
2090.341455	-12.633926
2091.799990	-12.779774
2093.260561	-12.897907
2094.723173	-12.927486
2096.187831	-12.848788
2097.654538	-12.696831
2099.123300	-12.540231
2100.594119	-12.444830
2102.067001	-12.446881
2103.541950	-12.541525
2105.018971	-12.683082
2106.498067	-12.799367
2107.979243	-12.824952
2109.462503	-12.741280
2110.947853	-12.590450
2112.435295	-12.447944
2113.924836	-12.380207
2115.416478	-12.415631
2116.910227	-12.534079
2118.406087	-12.672569
2119.904063	-12.751882
2121.404158	-12.722788
2122.906378	-12.601550
2124.410727	-12.458791
2125.917210	-12.372781
2127.425831	-12.387506
2128.936594	-12.493772
2130.449505	-12.631872
2131.964567	-12.718646
2133.481786	-12.698371
2135.001166	-12.585058
2136.522711	-12.452759
2138.046427	-12.383284
2139.572317	-12.418232
2141.100388	-12.538321
2142.630642	-12.670837
2144.163085	-12.729291
2145.697722	-12.675061
2147.234558	-12.550301
2148.773596	-12.444458
2150.314842	-12.430092
2151.858301	-12.519669
2153.403977	-12.657526
2154.951875	-12.749640
2156.502000	-12.729815
2158.054357	-12.617011
2159.608950	-12.500433
2161.165785	-12.468276
2162.724866	-12.548059
2164.286198	-12.688725
2165.849786	-12.789182
2167.415635	-12.773108
2168.983749	-12.658869
2170.554134	-12.544807
2172.126795	-12.525920
2173.701737	-12.625253
2175.278964	-12.776800
2176.858481	-12.866565
2178.440294	-12.825977
2180.024408	-12.700417
2181.610827	-12.607070
2183.199557	-12.633008
2184.790602	-12.770616
2186.383968	-12.919482
2187.979660	-12.961190
2189.577683	-12.871703
2191.178041	-12.749196
2192.780741	-12.717184
2194.385787	-12.818723
2195.993185	-12.982521
2197.602939	-13.074942
2199.215054	-13.024377
2200.829537	-12.900787
2202.446392	-12.841549
2204.065624	-12.919977
2205.687239	-13.084082
2207.311242	-13.196365
2208.937638	-13.165295
2210.566433	-13.049524
2212.197631	-12.992026
2213.831239	-13.072765
2215.467261	-13.236607
2217.105703	-13.340441
2218.746570	-13.300900
2220.389867	-13.194581
2222.035601	-13.167209
2223.683776	-13.276647
2225.334398	-13.436379
2226.987472	-13.499437
2228.643004	-13.427626
2230.300999	-13.341670
2231.961463	-13.373501
2233.624402	-13.520982
2235.289820	-13.647835
2236.957723	-13.636222
2238.628118	-13.540300
2240.301009	-13.517348
2241.976402	-13.635147
2243.654303	-13.793131
2245.334717	-13.833243
2247.017650	-13.746811
2248.703108	-13.692599
2250.391096	-13.789239
2252.081620	-13.969541
2253.774686	-14.051023
2255.470300	-13.975863
2257.168467	-13.902313
2258.869193	-13.988335
2260.572484	-14.188342
2262.278345	-14.296296
2263.986783	-14.220657
2265.697804	-14.130452
2267.411412	-14.215132
2269.127615	-14.432438
2270.846417	-14.547789
2272.567826	-14.457528
2274.291846	-14.359115
2276.018484	-14.458963
2277.747745	-14.690284
2279.479637	-14.787694
2281.214164	-14.672790
2282.951333	-14.589047
2284.691149	-14.728841
2286.433619	-14.964904
2288.178750	-15.015683
2289.926546	-14.882410
2291.677014	-14.851867
2293.430161	-15.047518
2295.185992	-15.254190
2296.944513	-15.232772
2298.705732	-15.117669
2300.469653	-15.185374
2302.236283	-15.419640
2304.005629	-15.541220
2305.777696	-15.462513
2307.552492	-15.435992
2309.330022	-15.611191
2311.110292	-15.801017
2312.893310	-15.799090
2314.679080	-15.745807
2316.467611	-15.857363
2318.258907	-16.046390
2320.052976	-16.087615
2321.849824	-16.040597
2323.649457	-16.125417
2325.451883	-16.300137
2327.257106	-16.342215
2329.065135	-16.294594
2330.875975	-16.388764
2332.689633	-16.579485
2334.506116	-16.610688
2336.325430	-16.542617
2338.147581	-16.661103
2339.972578	-16.901215
2341.800425	-16.925299
2343.631130	-16.817650
2345.464700	-16.959122
2347.301141	-17.264852
2349.140461	-17.283337
2350.982665	-17.128042
2352.827760	-17.293118
2354.675754	-17.659130
2356.526653	-17.653018
2358.380464	-17.449690
2360.237195	-17.644507
2362.096851	-18.039020
2363.959440	-17.969683
2365.824968	-17.739548
2367.693444	-17.986520
2369.564873	-18.368956
2371.439263	-18.216465
2373.316620	-18.019282
2375.196953	-18.346344
2377.080267	-18.668123
2378.966570	-18.449335
2380.855869	-18.361989
2382.748171	-18.763929
2384.643484	-18.968602
2386.541815	-18.743819
2388.443170	-18.821507
2390.347557	-19.230921
2392.254984	-19.291288
2394.165457	-19.150191
2396.078984	-19.369195
2397.995572	-19.670958
2399.915229	-19.639490
2401.837961	-19.632435
2403.763777	-19.865768
2405.692684	-20.020937
2407.624689	-20.015650
2409.559800	-20.074642
2411.498023	-20.227137
2413.439368	-20.365725
2415.383840	-20.398408
2417.331449	-20.403992
2419.282201	-20.594110
2421.236104	-20.786315
2423.193165	-20.700174
2425.153393	-20.771753
2427.116795	-21.149936
2429.083378	-21.153620
2431.053151	-21.026616
2433.026121	-21.453058
2435.002297	-21.689436
2436.981685	-21.408611
2438.964293	-21.721849
2440.950131	-22.200940
2442.939204	-21.877606
2444.931522	-21.992336
2446.927092	-22.623736
2448.925923	-22.349982
2450.928022	-22.255505
2452.933397	-22.930593
2454.942056	-22.760158
2456.954008	-22.510317
2458.969260	-23.160470
2460.987821	-23.107038
2463.009699	-22.784784
2465.034902	-23.385310
2467.063437	-23.430727
2469.095315	-23.118254
2471.130542	-23.673250
2473.169127	-23.780289
2475.211078	-23.534773
2477.256404	-24.049223
2479.305112	-24.177701
2481.357212	-24.022417
2483.412713	-24.474670
2485.471621	-24.602319
2487.533946	-24.544341
2489.599696	-24.899780
2491.668880	-25.033479
2493.741507	-25.043382
2495.817585	-25.274140
2497.897122	-25.446027
2499.980127	-25.444916
2502.066609	-25.580751
2504.156578	-25.824287
2506.250040	-25.715235
2508.347006	-25.869991
2510.447483	-26.153274
2512.551482	-25.917979
2514.659010	-26.259877
2516.770076	-26.446846
2518.884690	-26.214171
2521.002861	-26.810267
2523.124597	-26.710196
2525.249907	-26.736827
2527.378801	-27.389019
2529.511287	-27.008684
2531.647375	-27.505182
2533.787074	-27.762076
2535.930393	-27.497424
2538.077340	-28.277440
2540.227927	-27.948882
2542.382160	-28.267163
2544.540051	-28.638050
2546.701608	-28.283483
2548.866840	-28.982775
2551.035757	-28.638882
2553.208369	-28.938159
2555.384684	-29.136967
2557.564713	-28.887979
2559.748465	-29.457677
2561.935948	-29.074339
2564.127174	-29.536643
2566.322152	-29.475818
2568.520890	-29.571858
2570.723399	-29.974426
2572.929689	-29.766760
2575.139769	-30.426106
2577.353649	-30.187812
2579.571340	-30.747174
2581.792849	-30.750828
2584.018189	-30.964954
2586.247368	-31.336988
2588.480396	-31.212576
2590.717284	-31.830760
2592.958041	-31.561280
2595.202678	-32.181166
2597.451204	-31.972821
2599.703630	-32.382108
2601.959966	-32.331262
2604.220222	-32.486222
2606.484408	-32.588604
2608.752535	-32.560595
2611.024612	-32.767182
2613.300651	-32.664222
2615.580661	-32.947739
2617.864653	-32.860686
2620.152638	-33.231341
2622.444625	-33.185891
2624.740626	-33.628209
2627.040651	-33.586354
2629.344710	-34.081676
2631.652814	-34.008481
2633.964974	-34.555575
2636.281200	-34.463458
2638.601504	-35.072324
2640.925896	-34.963728
2643.254386	-35.598256
2645.586987	-35.465879
2647.923707	-36.096095
2650.264559	-35.918481
2652.609554	-36.479098
2654.958702	-36.205315
2657.312015	-36.653590
2659.669503	-36.306114
2662.031178	-36.694422
2664.397051	-36.359422
2666.767132	-36.758593
2669.141434	-36.489690
2671.519968	-36.913699
2673.902745	-36.746008
2676.289776	-37.181686
2678.681072	-37.131388
2681.076646	-37.487395
2683.476508	-37.570503
2685.880671	-37.809040
2688.289145	-38.119183
2690.701942	-38.241169
2693.119075	-38.841595
2695.540554	-38.826084
2697.966391	-39.683023
2700.396599	-39.529553
2702.831189	-40.474998
2705.270172	-40.247703
2707.713561	-40.906096
2710.161368	-40.810017
2712.613605	-40.937392
2715.070283	-41.182618
2717.531416	-40.794008
2719.997014	-41.318561
2722.467090	-40.778327
2724.941657	-41.299901
2727.420726	-41.050368
2729.904310	-41.180736
2732.392421	-41.435828
2734.885072	-41.064869
2737.382275	-41.684788
2739.884042	-41.206632
2742.390387	-41.717851
2744.901321	-41.789303
2747.416857	-41.882711
2749.937008	-42.769202
2752.461787	-42.501959
2754.991206	-43.634637
2757.525279	-43.718931
2760.064017	-44.162844
2762.607434	-45.213648
2765.155544	-44.810599
2767.708358	-45.918693
2770.265890	-45.957762
2772.828153	-45.788826
2775.395160	-46.775536
2777.966924	-46.140288
2780.543459	-46.563935
2783.124778	-47.131207
2785.710894	-46.335797
2788.301821	-46.958536
2790.897572	-46.717314
2793.498160	-45.923747
2796.103599	-46.541613
2798.713903	-45.912166
2801.329085	-45.766372
2803.949159	-46.531304
2806.574139	-45.925926
2809.204038	-46.408655
2811.838871	-47.141078
2814.478650	-46.707050
2817.123391	-47.619664
2819.773107	-48.352354
2822.427812	-48.065604
2825.087521	-49.054945
2827.752247	-49.741708
2830.422005	-49.343647
2833.096808	-50.301728
2835.776672	-51.356853
2838.461611	-51.143735
2841.151638	-52.283488
2843.846769	-53.935448
2846.547019	-53.379641
2849.252401	-53.129430
2851.962930	-53.997520
2854.678621	-53.315760
2857.399489	-52.116488
2860.125549	-52.481460
2862.856815	-52.661246
2865.593302	-51.555521
2868.335026	-51.470840
2871.082002	-52.304533
2873.834244	-51.976486
2876.591767	-51.556765
2879.354588	-52.424507
2882.122721	-53.012107
2884.896181	-52.092505
2887.674984	-51.952170
2890.459146	-53.031200
2893.248681	-53.034909
2896.043606	-52.425888
2898.843937	-53.513506
2901.649687	-55.550707
2904.460875	-55.659371
2907.277515	-55.612194
2910.099623	-57.525705
2912.927215	-60.429877
2915.760308	-59.690067
2918.598916	-58.459178
2921.443057	-59.288179
2924.292747	-61.582247
2927.148002	-61.001276
2930.008837	-58.416122
2932.875270	-58.115749
2935.747318	-60.205250
2938.624995	-62.238220
2941.508320	-60.348862
2944.397308	-58.365993
2947.291977	-58.122013
2950.192343	-59.071666
2953.098423	-58.953932
2956.010234	-57.039103
2958.927792	-56.024513
2961.851116	-56.849397
2964.780221	-58.706431
2967.715126	-58.953341
2970.655847	-57.908361
2973.602402	-57.805815
2976.554808	-59.360082
2979.513083	-62.348762
2982.477243	-64.234443
2985.447308	-63.346779
2988.423293	-61.910144
2991.405218	-61.395378
2994.393099	-62.345769
2997.386955	-64.866749
