# 2022-03-21_21.08.58
# shape = sech2
# FWHM_ps = 0.1
# carrier_nm = 1542
# frep_MHz = 12126
# pow_mW = 8000
# GDD = 0.0
# propa_len = 0.098
# untap_len = 0.01
# taper_len = 0.038
# waist_len = 0.02
# uptap_len = 0.02
# untap_scale = 1.0
# waist_scale = 0.1
# workingDir = NL_20110305_12 (Spirou)
# axis = slow
# window_ps = 10.0
# steps = 200
# points = 21700
# 
# wavelength [nm]	 power spectral density [dB]
600.043425	-82.189162
600.163550	-84.281885
600.283723	-82.020464
600.403943	-84.835211
600.524212	-81.523472
600.644529	-84.640576
600.764895	-82.371123
600.885308	-83.545788
601.005770	-82.036247
601.126280	-84.421284
601.246839	-81.722549
601.367446	-83.611468
601.488101	-82.607432
601.608804	-82.949968
601.729557	-82.133501
601.850357	-83.467739
601.971206	-81.668834
602.092104	-83.869357
602.213050	-82.105159
602.334045	-82.318380
602.455089	-84.164028
602.576181	-81.302903
602.697322	-82.486984
602.818511	-83.427381
602.939749	-81.818053
603.061036	-82.154038
603.182372	-83.564953
603.303757	-81.927895
603.425191	-82.176052
603.546673	-82.749164
603.668204	-82.567082
603.789785	-82.380353
603.911414	-81.692680
604.033092	-83.286656
604.154820	-82.255258
604.276596	-81.322005
604.398422	-82.456027
604.520297	-83.812938
604.642220	-80.131209
604.764193	-82.976570
604.886216	-82.187803
605.008287	-82.296936
605.130408	-80.483247
605.252578	-84.302211
605.374798	-80.959432
605.497066	-82.357166
605.619385	-80.834584
605.741752	-84.571714
605.864169	-80.208269
605.986636	-82.431879
606.109152	-81.279324
606.231718	-83.854564
606.354333	-79.530350
606.476998	-83.970199
606.599712	-80.242342
606.722476	-83.813506
606.845290	-79.765228
606.968154	-82.936030
607.091067	-80.957547
607.214030	-83.454034
607.337043	-78.788917
607.460106	-85.041635
607.583219	-80.316033
607.706381	-81.281941
607.829594	-80.590068
607.952856	-84.180809
608.076169	-79.200529
608.199531	-82.729503
608.322944	-80.425059
608.446407	-83.091692
608.569920	-79.556905
608.693483	-82.364851
608.817096	-80.907269
608.940759	-82.015820
609.064473	-79.567760
609.188237	-83.260664
609.312051	-80.028311
609.435916	-81.563022
609.559831	-80.638054
609.683796	-81.394997
609.807812	-80.831280
609.931878	-80.904735
610.055995	-80.672571
610.180162	-81.564182
610.304380	-80.484702
610.428648	-80.629567
610.552967	-81.501083
610.677337	-80.493391
610.801757	-80.813784
610.926228	-80.227656
611.050750	-81.720557
611.175323	-80.178245
611.299946	-79.989459
611.424620	-81.055626
611.549345	-81.673544
611.674121	-78.925571
611.798948	-81.362573
611.923826	-80.648718
612.048755	-81.077888
612.173734	-79.071542
612.298765	-81.040379
612.423847	-80.984761
612.548980	-80.079993
612.674165	-78.789595
612.799400	-82.618513
612.924687	-79.273672
613.050025	-80.570074
613.175414	-79.429213
613.300854	-81.156069
613.426346	-80.081582
613.551889	-80.135682
613.677484	-78.974873
613.803130	-82.256017
613.928827	-78.861702
614.054576	-80.032938
614.180377	-79.968152
614.306229	-80.568420
614.432132	-79.136360
614.558087	-80.126990
614.684094	-80.166192
614.810153	-79.765348
614.936263	-79.051645
615.062425	-80.857636
615.188639	-79.185747
615.314904	-79.938841
615.441222	-79.127835
615.567591	-80.013512
615.694012	-80.273305
615.820486	-78.874055
615.947011	-78.775923
616.073588	-81.208943
616.200217	-79.101433
616.326898	-78.900757
616.453632	-78.956939
616.580417	-80.994535
616.707255	-78.635612
616.834144	-78.697004
616.961086	-79.651024
617.088081	-79.990514
617.215127	-78.230778
617.342226	-79.848159
617.469378	-78.967969
617.596581	-79.621878
617.723837	-78.144474
617.851146	-80.452375
617.978507	-78.561076
618.105920	-78.582191
618.233386	-78.841776
618.360905	-80.145510
618.488476	-78.374606
618.616100	-78.531431
618.743777	-78.203686
618.871506	-81.314955
618.999288	-77.899365
619.127123	-77.867949
619.255011	-78.575920
619.382951	-81.121100
619.510945	-77.711938
619.638991	-77.206992
619.767090	-79.147781
619.895243	-80.184672
620.023448	-77.771779
620.151706	-78.005775
620.280017	-78.172249
620.408382	-79.700285
620.536799	-78.360868
620.665270	-78.315751
620.793794	-77.735684
620.922371	-78.489733
621.051002	-79.167606
621.179686	-78.356261
621.308423	-77.564165
621.437213	-77.818474
621.566057	-78.928786
621.694954	-78.887018
621.823905	-77.194372
621.952909	-77.831659
622.081967	-78.131560
622.211079	-79.448339
622.340244	-77.261926
622.469462	-77.471193
622.598735	-78.100524
622.728061	-78.951743
622.857441	-77.106510
622.986874	-78.229771
623.116361	-77.852966
623.245903	-77.381520
623.375498	-77.404709
623.505147	-79.722765
623.634850	-76.594538
623.764606	-77.225965
623.894417	-77.541825
624.024282	-79.438736
624.154201	-76.644895
624.284174	-77.574786
624.414202	-77.001904
624.544283	-78.335870
624.674419	-77.078551
624.804609	-77.705743
624.934853	-77.528043
625.065151	-76.835383
625.195504	-76.633236
625.325911	-78.835302
625.456373	-77.924833
625.586889	-75.688610
625.717460	-76.144261
625.848085	-79.122662
625.978764	-78.057770
626.109498	-75.648138
626.240287	-75.978748
626.371131	-78.654329
626.502029	-77.329544
626.632982	-76.250830
626.763989	-76.967906
626.895052	-77.091283
627.026169	-76.071828
627.157341	-77.790566
627.288568	-77.469292
627.419850	-76.044369
627.551187	-75.681541
627.682579	-77.754205
627.814026	-77.306569
627.945528	-76.716396
628.077085	-75.591394
628.208697	-76.839981
628.340364	-75.970549
628.472087	-77.919915
628.603865	-76.729533
628.735698	-75.933203
628.867586	-74.898432
628.999530	-77.988268
629.131529	-76.634001
629.263584	-76.345997
629.395694	-75.179487
629.527859	-76.740800
629.660080	-76.053696
629.792357	-76.219582
629.924689	-76.566369
630.057077	-76.136510
630.189520	-75.402756
630.322019	-75.680000
630.454574	-77.241314
630.587184	-75.576393
630.719851	-76.140463
630.852573	-75.012865
630.985351	-76.173175
631.118185	-75.345827
631.251075	-78.030886
631.384021	-74.924154
631.517023	-74.721523
631.650081	-74.463313
631.783195	-79.556933
631.916365	-74.939816
632.049592	-74.933357
632.182874	-74.244529
632.316213	-77.188138
632.449608	-75.254834
632.583059	-76.115864
632.716567	-74.902768
632.850131	-75.017741
632.983751	-74.692622
633.117428	-76.917328
633.251161	-75.565631
633.384951	-74.600586
633.518797	-74.669486
633.652700	-75.134279
633.786660	-75.614457
633.920676	-75.637351
634.054749	-75.258224
634.188879	-73.927496
634.323065	-74.888498
634.457308	-75.985358
634.591608	-75.250059
634.725965	-74.116766
634.860379	-75.078574
634.994850	-75.020778
635.129377	-74.974363
635.263962	-74.868401
635.398604	-74.525918
635.533303	-74.160005
635.668058	-75.034057
635.802872	-75.376920
635.937742	-73.972912
636.072669	-74.507838
636.207654	-75.570816
636.342696	-74.316953
636.477796	-73.210340
636.612953	-73.849464
636.748167	-75.799301
636.883439	-75.580038
637.018768	-73.889807
637.154155	-72.596343
637.289599	-74.242017
637.425101	-75.722953
637.560660	-74.199065
637.696277	-72.599058
637.831952	-74.750749
637.967685	-74.862256
638.103475	-74.402144
638.239324	-73.303615
638.375230	-74.316487
638.511194	-72.793909
638.647215	-73.691501
638.783295	-73.956367
638.919433	-75.611045
639.055629	-74.399733
639.191883	-72.984245
639.328195	-72.060598
639.464565	-73.873720
639.600994	-74.686182
639.737481	-73.150126
639.874025	-72.876323
640.010629	-73.986765
640.147290	-75.044982
640.284010	-74.358551
640.420789	-72.227612
640.557625	-71.018597
640.694521	-72.443563
640.831474	-74.626552
640.968487	-75.837258
641.105558	-73.838816
641.242687	-72.362739
641.379876	-71.516105
641.517123	-72.881189
641.654429	-72.971866
641.791793	-73.179344
641.929216	-73.390867
642.066699	-73.825655
642.204240	-73.227998
642.341840	-73.614098
642.479499	-72.195683
642.617217	-71.637353
642.754994	-71.569606
642.892830	-72.436961
643.030726	-73.935089
643.168680	-75.148654
643.306694	-72.918213
643.444767	-71.670785
643.582899	-71.137443
643.721091	-71.262572
643.859342	-72.532630
643.997652	-73.741090
644.136022	-73.362978
644.274451	-72.938735
644.412940	-71.841098
644.551488	-71.407575
644.690096	-71.942515
644.828763	-71.987573
644.967490	-72.386832
645.106277	-72.817290
645.245124	-72.869532
645.384030	-72.138525
645.522997	-71.197452
645.662023	-70.129855
645.801109	-71.926343
645.940255	-73.998032
646.079460	-74.061085
646.218726	-70.906858
646.358052	-69.880369
646.497438	-70.187803
646.636884	-72.426260
646.776391	-72.538929
646.915957	-73.076439
647.055584	-71.777285
647.195271	-71.062088
647.335019	-70.406638
647.474826	-70.971726
647.614695	-72.043094
647.754623	-72.248133
647.894612	-71.080109
648.034662	-71.000119
648.174772	-71.529833
648.314943	-71.101565
648.455174	-71.292355
648.595466	-70.484355
648.735819	-71.648795
648.876233	-71.365022
649.016707	-71.856679
649.157242	-70.544464
649.297838	-70.560527
649.438495	-70.052944
649.579213	-71.372873
649.719992	-70.551332
649.860832	-71.662381
650.001733	-71.146204
650.142695	-71.504667
650.283718	-69.824654
650.424803	-69.702623
650.565949	-70.343364
650.707156	-71.061915
650.848424	-71.207576
650.989754	-70.781667
651.131145	-70.493571
651.272597	-69.781921
651.414111	-69.996648
651.555687	-69.618792
651.697324	-71.198214
651.839022	-70.804133
651.980782	-71.658535
652.122604	-69.097570
652.264488	-69.303638
652.406433	-69.167191
652.548441	-71.063872
652.690510	-70.286662
652.832640	-70.109620
652.974833	-69.733158
653.117088	-70.393712
653.259405	-69.867433
653.401784	-69.381592
653.544224	-68.920737
653.686727	-69.662469
653.829293	-71.250112
653.971920	-70.365345
654.114609	-68.889600
654.257361	-67.993838
654.400175	-69.607964
654.543052	-69.847601
654.685991	-70.603802
654.828992	-68.973967
654.972056	-69.344072
655.115183	-69.238587
655.258372	-69.906485
655.401623	-68.648880
655.544937	-68.547960
655.688314	-69.198587
655.831754	-70.172864
655.975256	-69.451012
656.118822	-68.416804
656.262450	-68.064659
656.406141	-68.770308
656.549894	-69.726093
656.693711	-69.432073
656.837591	-68.562331
656.981534	-68.747006
657.125540	-69.042110
657.269610	-68.637694
657.413742	-67.981303
657.557938	-68.103200
657.702196	-68.993127
657.846519	-69.689447
657.990904	-68.701173
658.135353	-67.473416
658.279866	-67.695373
658.424441	-68.602865
658.569081	-69.162426
658.713784	-68.378674
658.858550	-67.933983
659.003381	-67.917454
659.148274	-68.881235
659.293232	-68.330022
659.438253	-67.841461
659.583339	-67.257244
659.728488	-67.928388
659.873701	-68.023428
660.018978	-68.751027
660.164318	-67.854674
660.309723	-67.804805
660.455192	-67.341093
660.600725	-67.829492
660.746323	-67.780886
660.891984	-67.826817
661.037710	-67.395849
661.183500	-67.667284
661.329354	-68.281011
661.475272	-67.636111
661.621255	-66.973453
661.767303	-66.341262
661.913415	-67.580140
662.059591	-67.963893
662.205833	-67.928002
662.352138	-66.527548
662.498509	-67.379565
662.644944	-67.416717
662.791443	-67.633077
662.938008	-66.115269
663.084638	-66.532072
663.231332	-67.302300
663.378091	-68.451330
663.524915	-67.108848
663.671804	-66.441180
663.818759	-65.916077
663.965778	-66.375718
664.112863	-66.989795
664.260012	-67.263838
664.407227	-67.258335
664.554507	-66.279221
664.701853	-66.371052
664.849264	-66.456206
664.996740	-67.078551
665.144282	-66.076969
665.291889	-66.319602
665.439561	-66.234318
665.587300	-67.099820
665.735103	-66.136312
665.882973	-66.329677
666.030908	-66.257112
666.178909	-66.336669
666.326976	-65.763817
666.475109	-65.669703
666.623307	-66.099637
666.771571	-66.165112
666.919902	-66.314306
667.068298	-66.279851
667.216761	-66.151645
667.365289	-65.377795
667.513884	-65.548654
667.662545	-65.692974
667.811272	-65.954070
667.960065	-65.480720
668.108925	-65.966324
668.257851	-66.094103
668.406843	-65.826161
668.555902	-65.241849
668.705027	-65.109200
668.854219	-64.947626
669.003478	-65.076109
669.152803	-65.793064
669.302195	-66.079574
669.451653	-65.458036
669.601179	-64.875735
669.750771	-65.055094
669.900430	-65.014555
670.050156	-65.330166
670.199949	-65.206809
670.349808	-65.087420
670.499735	-64.362281
670.649729	-64.936905
670.799790	-65.373703
670.949918	-65.673991
671.100114	-65.038137
671.250377	-64.595219
671.400707	-63.883771
671.551104	-63.792531
671.701569	-64.563251
671.852101	-65.201616
672.002700	-65.504920
672.153368	-65.177110
672.304102	-64.609186
672.454905	-63.713247
672.605775	-63.818477
672.756713	-64.008402
672.907718	-64.460737
673.058791	-64.598388
673.209933	-64.844015
673.361142	-64.240201
673.512419	-64.186672
673.663764	-64.165514
673.815177	-64.172730
673.966658	-63.943510
674.118207	-64.031299
674.269825	-63.600840
674.421510	-63.504499
674.573264	-63.608824
674.725086	-63.856269
674.876977	-64.295871
675.028936	-64.839978
675.180963	-64.343713
675.333059	-63.420023
675.485224	-62.790033
675.637457	-62.514394
675.789758	-63.148657
675.942129	-64.020582
676.094568	-64.417259
676.247075	-63.775152
676.399652	-63.576994
676.552298	-63.155036
676.705012	-63.671070
676.857795	-63.458341
677.010648	-63.075978
677.163569	-62.248483
677.316560	-62.289614
677.469619	-62.349830
677.622748	-63.671962
677.775946	-64.734134
677.929214	-64.855054
678.082551	-63.261973
678.235957	-61.743304
678.389432	-60.915039
678.542977	-61.292115
678.696592	-62.671040
678.850276	-64.082896
679.004030	-64.981746
679.157853	-63.463187
679.311746	-62.586214
679.465709	-61.539147
679.619742	-61.597273
679.773844	-61.686623
679.928017	-62.562054
680.082259	-62.642735
680.236571	-63.181367
680.390954	-62.708816
680.545406	-63.024931
680.699929	-62.570373
680.854522	-62.091674
681.009185	-61.389963
681.163918	-61.197871
681.318722	-61.495236
681.473596	-62.189645
681.628540	-62.913285
681.783555	-63.060312
681.938641	-62.760070
682.093797	-61.748991
682.249023	-61.472199
682.404321	-61.175243
682.559689	-61.799970
682.715128	-61.679000
682.870637	-61.742395
683.026218	-61.298756
683.181869	-61.555226
683.337591	-61.671474
683.493385	-62.494202
683.649249	-62.632260
683.805185	-62.451979
683.961191	-61.054495
684.117269	-60.266232
684.273418	-59.908299
684.429639	-60.285479
684.585930	-61.312177
684.742294	-62.311244
684.898728	-63.065644
685.055234	-62.188199
685.211812	-61.146448
685.368461	-60.328730
685.525182	-60.301350
685.681975	-60.428672
685.838839	-60.976756
685.995775	-61.253532
686.152783	-61.399726
686.309863	-60.927312
686.467014	-60.847511
686.624238	-60.749771
686.781534	-60.939583
686.938902	-60.894440
687.096342	-60.924987
687.253854	-60.758377
687.411438	-60.513118
687.569095	-60.570280
687.726824	-60.622693
687.884626	-60.625424
688.042499	-60.248190
688.200446	-60.029544
688.358465	-59.804909
688.516556	-59.983792
688.674720	-60.669892
688.832957	-61.419321
688.991266	-61.620670
689.149649	-60.777990
689.308104	-59.807754
689.466632	-58.949095
689.625233	-58.902946
689.783906	-59.396482
689.942653	-60.277213
690.101473	-60.800043
690.260367	-60.771764
690.419333	-60.252585
690.578372	-59.840416
690.737485	-59.911065
690.896672	-59.996072
691.055931	-59.991102
691.215264	-59.559431
691.374671	-59.286249
691.534151	-59.003899
691.693704	-59.366570
691.853332	-59.666609
692.013033	-60.014921
692.172807	-59.951269
692.332656	-59.837315
692.492578	-59.442544
692.652575	-59.224516
692.812645	-59.061817
692.972789	-59.038374
693.133007	-59.450071
693.293300	-59.818828
693.453666	-59.942139
693.614107	-59.259518
693.774622	-58.626917
693.935211	-58.056524
694.095875	-58.475082
694.256613	-59.062682
694.417426	-59.952373
694.578313	-60.037420
694.739274	-59.763005
694.900311	-59.024377
695.061421	-58.609105
695.222607	-58.162578
695.383868	-58.030731
695.545203	-58.363028
695.706613	-58.747738
695.868098	-59.263632
696.029658	-58.915293
696.191293	-58.663046
696.353003	-58.274104
696.514789	-58.705959
696.676649	-58.719249
696.838585	-59.041211
697.000596	-58.643312
697.162682	-58.621194
697.324844	-58.200971
697.487081	-57.956990
697.649394	-57.687749
697.811782	-57.919180
697.974246	-58.423196
698.136786	-58.784237
698.299401	-58.716114
698.462092	-58.292561
698.624859	-58.211463
698.787702	-57.867426
698.950621	-57.935275
699.113616	-57.718180
699.276686	-58.209506
699.439833	-58.190566
699.603056	-58.223850
699.766355	-57.614962
699.929731	-57.610261
700.093183	-57.476715
700.256711	-57.695043
700.420315	-57.647096
700.583996	-57.996636
700.747754	-58.128749
700.911588	-57.975795
701.075499	-57.598073
701.239486	-57.380397
701.403550	-57.474633
701.567691	-57.379687
701.731909	-57.435961
701.896203	-57.453270
702.060575	-57.594954
702.225024	-57.310802
702.389549	-57.173737
702.554152	-57.169979
702.718832	-57.419038
702.883589	-57.411188
703.048424	-57.545543
703.213335	-57.547371
703.378324	-57.366865
703.543391	-56.904537
703.708535	-56.708738
703.873757	-56.750031
704.039056	-56.828636
704.204433	-57.020520
704.369887	-57.268411
704.535420	-57.344068
704.701030	-56.979606
704.866718	-56.697533
705.032484	-56.549617
705.198328	-56.489052
705.364250	-56.646587
705.530250	-57.023246
705.696328	-57.331488
705.862485	-57.101882
706.028720	-56.830426
706.195033	-56.331284
706.361424	-55.998427
706.527894	-55.812190
706.694442	-56.198042
706.861069	-56.517641
707.027775	-56.989220
707.194559	-57.199210
707.361422	-57.105574
707.528363	-56.511951
707.695384	-56.144145
707.862483	-55.834063
708.029661	-55.677104
708.196918	-55.812945
708.364254	-56.121143
708.531670	-56.379254
708.699164	-56.509851
708.866738	-56.601526
709.034391	-56.232759
709.202123	-55.976772
709.369935	-55.738812
709.537826	-55.747322
709.705796	-55.753690
709.873847	-56.163919
710.041976	-56.156257
710.210186	-56.107451
710.378475	-55.801904
710.546844	-55.579699
710.715292	-55.373136
710.883821	-55.603262
711.052429	-55.752601
711.221118	-55.935193
711.389887	-56.014069
711.558735	-55.857419
711.727664	-55.638587
711.896673	-55.502528
712.065763	-55.369855
712.234932	-55.296290
712.404183	-55.481506
712.573513	-55.518156
712.742924	-55.693866
712.912416	-55.538758
713.081988	-55.270269
713.251641	-54.935862
713.421375	-54.906784
713.591190	-54.952439
713.761085	-55.440222
713.931061	-55.701585
714.101119	-55.920427
714.271257	-55.734929
714.441476	-55.341057
714.611777	-54.771146
714.782159	-54.368748
714.952622	-54.086362
715.123166	-54.301226
715.293792	-54.738938
715.464499	-55.357612
715.635288	-55.820035
715.806158	-55.823263
715.977110	-55.512169
716.148143	-55.012476
716.319259	-54.475520
716.490456	-54.178711
716.661735	-54.113196
716.833096	-54.336081
717.004538	-54.698727
717.176063	-54.846906
717.347670	-54.931925
717.519359	-54.759927
717.691130	-54.649945
717.862984	-54.481256
718.034920	-54.432078
718.206938	-54.540143
718.379039	-54.766504
718.551222	-54.795136
718.723488	-54.699228
718.895836	-54.325720
719.068267	-54.119829
719.240781	-53.828477
719.413377	-53.792678
719.586057	-53.878239
719.758819	-54.226413
719.931664	-54.549301
720.104593	-54.723993
720.277604	-54.661035
720.450699	-54.514514
720.623876	-54.176762
720.797137	-53.944602
720.970482	-53.758917
721.143910	-53.849761
721.317421	-53.881009
721.491016	-53.965626
721.664694	-53.965478
721.838456	-53.930746
722.012302	-53.807874
722.186231	-53.702623
722.360244	-53.782426
722.534342	-53.905378
722.708523	-54.073867
722.882788	-54.145272
723.057137	-54.146871
723.231570	-53.898367
723.406088	-53.567646
723.580689	-53.287386
723.755375	-53.156244
723.930146	-53.136989
724.105000	-53.331597
724.279940	-53.652396
724.454963	-53.938777
724.630072	-54.005310
724.805265	-53.928059
724.980543	-53.622220
725.155905	-53.285748
725.331353	-53.032311
725.506885	-53.026175
725.682503	-53.111042
725.858205	-53.384010
726.033993	-53.636594
726.209865	-53.735511
726.385823	-53.496334
726.561866	-53.202116
726.737995	-52.831615
726.914209	-52.660299
727.090508	-52.717737
727.266893	-53.066255
727.443364	-53.421239
727.619920	-53.724760
727.796562	-53.636921
727.973290	-53.228221
728.150103	-52.739083
728.327003	-52.453439
728.503988	-52.384946
728.681060	-52.610456
728.858218	-52.976516
729.035461	-53.248039
729.212791	-53.322844
729.390208	-53.154583
729.567710	-52.873367
729.745299	-52.623055
729.922975	-52.473611
730.100737	-52.361877
730.278586	-52.426958
730.456521	-52.576725
730.634543	-52.872829
730.812652	-53.133856
730.990848	-53.217994
731.169130	-52.897675
731.347500	-52.468969
731.525957	-52.019380
731.704500	-51.902939
731.883131	-51.992436
732.061850	-52.302911
732.240655	-52.526899
732.419548	-52.768889
732.598528	-52.768689
732.777596	-52.850956
732.956751	-52.645531
733.135994	-52.418299
733.315325	-52.034062
733.494744	-51.894522
733.674250	-51.849899
733.853844	-52.099749
734.033526	-52.136619
734.213296	-52.233627
734.393154	-52.127536
734.573101	-52.252126
734.753135	-52.280290
734.933258	-52.363888
735.113469	-52.197411
735.293769	-52.185546
735.474157	-52.078956
735.654633	-52.098048
735.835198	-51.797509
736.015852	-51.612209
736.196594	-51.423789
736.377426	-51.572344
736.558346	-51.715362
736.739355	-51.961557
736.920453	-52.099093
737.101640	-52.376267
737.282916	-52.378488
737.464282	-52.167019
737.645736	-51.683252
737.827280	-51.366844
738.008914	-51.174426
738.190637	-51.124777
738.372449	-51.177421
738.554351	-51.442120
738.736342	-51.859579
738.918424	-52.164013
739.100595	-52.162154
739.282855	-51.970789
739.465206	-51.701139
739.647647	-51.356938
739.830178	-51.026152
740.012799	-50.906354
740.195510	-51.053821
740.378311	-51.250635
740.561203	-51.467851
740.744185	-51.635388
740.927258	-51.801955
741.110421	-51.627708
741.293674	-51.382051
741.477018	-51.128440
741.660453	-51.063195
741.843979	-50.929016
742.027596	-51.008166
742.211303	-51.168621
742.395102	-51.391023
742.578991	-51.355706
742.762972	-51.329899
742.947044	-51.203659
743.131207	-51.017431
743.315461	-50.789470
743.499807	-50.804207
743.684244	-50.857580
743.868773	-50.957703
744.053394	-51.071086
744.238106	-51.247571
744.422910	-51.169773
744.607805	-51.011627
744.792793	-50.853438
744.977872	-50.701161
745.163044	-50.557552
745.348307	-50.594474
745.533663	-50.730899
745.719111	-50.810790
745.904651	-50.932637
746.090283	-50.973492
746.276008	-50.893343
746.461826	-50.704875
746.647735	-50.648909
746.833738	-50.491512
747.019833	-50.495155
747.206021	-50.501512
747.392302	-50.586686
747.578676	-50.516505
747.765143	-50.600084
747.951703	-50.475413
748.138356	-50.478204
748.325102	-50.428446
748.511941	-50.512731
748.698874	-50.456711
748.885900	-50.592169
749.073019	-50.479656
749.260232	-50.465826
749.447539	-50.299676
749.634939	-50.205166
749.822433	-49.992944
750.010021	-50.036522
750.197703	-49.969888
750.385479	-50.204986
750.573348	-50.406225
750.761312	-50.697800
750.949370	-50.728694
751.137523	-50.635859
751.325769	-50.130179
751.514110	-49.766169
751.702545	-49.379412
751.891075	-49.323761
752.079700	-49.488131
752.268419	-49.920705
752.457233	-50.357315
752.646142	-50.834108
752.835145	-50.861928
753.024244	-50.656369
753.213437	-50.085317
753.402726	-49.501858
753.592110	-49.061843
753.781589	-48.913352
753.971163	-49.066050
754.160833	-49.583474
754.350598	-50.146160
754.540459	-50.658602
754.730415	-50.751054
754.920467	-50.433819
755.110615	-49.904020
755.300858	-49.320111
755.491198	-48.925992
755.681633	-48.798750
755.872164	-48.972201
756.062792	-49.429632
756.253515	-49.941019
756.444335	-50.304014
756.635252	-50.356693
756.826264	-50.073283
757.017373	-49.659213
757.208579	-49.181936
757.399881	-48.898128
757.591280	-48.819333
757.782776	-48.996247
757.974368	-49.302630
758.166058	-49.593271
758.357844	-49.798860
758.549728	-49.840034
758.741708	-49.706826
758.933786	-49.439103
759.125961	-49.168807
759.318233	-49.016779
759.510603	-48.965549
759.703071	-48.982377
759.895635	-49.030253
760.088298	-49.126776
760.281058	-49.240400
760.473916	-49.275502
760.666872	-49.312141
760.859926	-49.308058
761.053078	-49.339077
761.246328	-49.212555
761.439676	-49.080053
761.633122	-48.875816
761.826667	-48.741286
762.020310	-48.576748
762.214052	-48.573964
762.407892	-48.702964
762.601831	-48.966044
762.795868	-49.210548
762.990004	-49.403110
763.184239	-49.430273
763.378573	-49.193085
763.573006	-48.814103
763.767538	-48.451759
763.962169	-48.220484
764.156900	-48.134862
764.351729	-48.260063
764.546658	-48.578226
764.741687	-48.922782
764.936815	-49.185995
765.132042	-49.239151
765.327370	-49.059441
765.522797	-48.696443
765.718324	-48.363230
765.913950	-48.159626
766.109677	-48.088395
766.305504	-48.189313
766.501431	-48.390399
766.697458	-48.592989
766.893586	-48.675084
767.089814	-48.673609
767.286142	-48.517622
767.482571	-48.366558
767.679100	-48.260508
767.875730	-48.267180
768.072461	-48.288956
768.269293	-48.375342
768.466225	-48.360421
768.663259	-48.270949
768.860393	-48.107435
769.057629	-47.981915
769.254966	-47.893172
769.452404	-47.988778
769.649944	-48.150812
769.847585	-48.362811
770.045328	-48.478419
770.243172	-48.447769
770.441118	-48.201247
770.639166	-47.926149
770.837315	-47.659563
771.035567	-47.531242
771.233920	-47.565909
771.432376	-47.721726
771.630934	-47.941945
771.829594	-48.179493
772.028356	-48.302913
772.227220	-48.274384
772.426188	-48.099867
772.625257	-47.773968
772.824430	-47.469819
773.023705	-47.250174
773.223083	-47.223107
773.422563	-47.425777
773.622147	-47.775602
773.821834	-48.079170
774.021624	-48.171820
774.221517	-47.935906
774.421513	-47.576378
774.621613	-47.296183
774.821816	-47.190089
775.022122	-47.280831
775.222532	-47.439945
775.423046	-47.594316
775.623664	-47.686815
775.824385	-47.675030
776.025211	-47.548987
776.226140	-47.321863
776.427173	-47.075790
776.628311	-46.979986
776.829553	-47.088421
777.030899	-47.390425
777.232350	-47.667938
777.433905	-47.708361
777.635564	-47.510865
777.837328	-47.189489
778.039197	-46.926171
778.241171	-46.727551
778.443250	-46.678859
778.645433	-46.805651
778.847722	-47.136950
779.050116	-47.486087
779.252615	-47.611902
779.455219	-47.418565
779.657929	-47.084875
779.860744	-46.796469
780.063665	-46.598600
780.266691	-46.509014
780.469823	-46.575272
780.673061	-46.817745
780.876405	-47.069432
781.079855	-47.149940
781.283410	-47.024233
781.487072	-46.884278
781.690840	-46.764994
781.894715	-46.662846
782.098695	-46.573940
782.302783	-46.597131
782.506976	-46.662721
782.711277	-46.629803
782.915684	-46.499423
783.120198	-46.432926
783.324818	-46.478081
783.529546	-46.549220
783.734381	-46.623260
783.939322	-46.737234
784.144372	-46.766321
784.349528	-46.575452
784.554792	-46.261015
784.760163	-46.050695
784.965642	-45.951750
785.171228	-45.981658
785.376922	-46.175908
785.582724	-46.516447
785.788634	-46.722051
785.994651	-46.667715
786.200777	-46.430144
786.407011	-46.106879
786.613353	-45.781618
786.819804	-45.629993
787.026363	-45.731426
787.233030	-45.936917
787.439806	-46.179150
787.646691	-46.362152
787.853684	-46.374244
788.060786	-46.146697
788.267997	-45.917716
788.475317	-45.725110
788.682746	-45.621199
788.890285	-45.614644
789.097932	-45.732539
789.305689	-45.787028
789.513555	-45.809270
789.721531	-45.842719
789.929617	-45.808008
790.137812	-45.778171
790.346117	-45.771286
790.554531	-45.720288
790.763056	-45.570410
790.971691	-45.460563
791.180436	-45.310476
791.389291	-45.242689
791.598256	-45.330534
791.807332	-45.515359
792.016518	-45.690920
792.225815	-45.816062
792.435222	-45.710663
792.644740	-45.400850
792.854369	-45.110708
793.064109	-44.860181
793.273960	-44.822013
793.483922	-45.014069
793.693995	-45.318491
793.904180	-45.581782
794.114475	-45.686870
794.324882	-45.460104
794.535401	-45.100290
794.746031	-44.779150
794.956774	-44.575173
795.167627	-44.631823
795.378593	-44.860036
795.589671	-45.134564
795.800861	-45.342726
796.012162	-45.316134
796.223577	-45.072013
796.435103	-44.793461
796.646742	-44.539538
796.858493	-44.479142
797.070357	-44.568184
797.282334	-44.735445
797.494423	-44.896178
797.706626	-44.921504
797.918941	-44.805779
798.131369	-44.660875
798.343911	-44.527642
798.556566	-44.505075
798.769334	-44.518014
798.982215	-44.513676
799.195210	-44.479879
799.408319	-44.391924
799.621541	-44.376989
799.834877	-44.399485
800.048327	-44.477740
800.261890	-44.509790
800.475568	-44.464727
800.689360	-44.338724
800.903266	-44.180792
801.117287	-44.046031
801.331422	-43.996423
801.545671	-44.045900
801.760036	-44.207001
801.974514	-44.368250
802.189108	-44.400336
802.403816	-44.243134
802.618640	-43.960032
802.833578	-43.757142
803.048632	-43.666709
803.263800	-43.769351
803.479085	-43.924721
803.694484	-44.118296
803.909999	-44.180375
804.125630	-44.061097
804.341376	-43.799190
804.557239	-43.530434
804.773217	-43.441747
804.989311	-43.500883
805.205521	-43.692543
805.421847	-43.829465
805.638290	-43.890736
805.854849	-43.780628
806.071524	-43.563860
806.288316	-43.348460
806.505225	-43.258767
806.722250	-43.333091
806.939393	-43.459778
807.156652	-43.549939
807.374028	-43.537693
807.591521	-43.443263
807.809132	-43.279180
808.026859	-43.157032
808.244705	-43.135003
808.462667	-43.200527
808.680748	-43.245367
808.898946	-43.231476
809.117261	-43.166753
809.335695	-43.078067
809.554246	-43.004807
809.772916	-42.996306
809.991704	-43.045116
810.210610	-43.045670
810.429634	-42.985889
810.648777	-42.875535
810.868039	-42.795473
811.087419	-42.747825
811.306918	-42.809715
811.526535	-42.888895
811.746272	-42.904969
811.966127	-42.805767
812.186102	-42.652985
812.406196	-42.516223
812.626409	-42.462461
812.846742	-42.559079
813.067194	-42.680069
813.287766	-42.744159
813.508457	-42.655346
813.729269	-42.479069
813.950200	-42.271543
814.171251	-42.206162
814.392422	-42.284646
814.613714	-42.434585
814.835126	-42.540546
815.056658	-42.493918
815.278311	-42.293285
815.500084	-42.071608
815.721978	-41.984711
815.943993	-42.023235
816.166128	-42.184741
816.388385	-42.313872
816.610762	-42.284058
816.833261	-42.102483
817.055881	-41.890590
817.278623	-41.760854
817.501486	-41.793604
817.724471	-41.951638
817.947577	-42.069442
818.170805	-42.066178
818.394155	-41.899818
818.617627	-41.676746
818.841221	-41.558104
819.064937	-41.583552
819.288775	-41.721464
819.512736	-41.850982
819.736819	-41.839388
819.961025	-41.660969
820.185354	-41.463950
820.409805	-41.341036
820.634379	-41.389113
820.859076	-41.530737
821.083897	-41.636366
821.308840	-41.594502
821.533907	-41.411342
821.759097	-41.214800
821.984411	-41.148321
822.209848	-41.215922
822.435409	-41.358620
822.661093	-41.417881
822.886902	-41.319979
823.112834	-41.135655
823.338891	-40.986731
823.565072	-40.976853
823.791377	-41.072986
824.017807	-41.167016
824.244361	-41.155961
824.471039	-41.031763
824.697843	-40.879807
824.924771	-40.806972
825.151824	-40.820506
825.379002	-40.894714
825.606306	-40.930610
825.833734	-40.891854
826.061288	-40.786103
826.288967	-40.660067
826.516772	-40.606069
826.744703	-40.623415
826.972759	-40.709643
827.200941	-40.733084
827.429249	-40.652115
827.657683	-40.492733
827.886243	-40.387585
828.114930	-40.428345
828.343743	-40.519836
828.572682	-40.557068
828.801748	-40.429378
829.030941	-40.287891
829.260260	-40.230081
829.489706	-40.278829
829.719280	-40.332769
829.948980	-40.294341
830.178808	-40.225499
830.408763	-40.130489
830.638845	-40.081876
830.869055	-40.049132
831.099393	-40.084598
831.329858	-40.130713
831.560451	-40.082329
831.791173	-39.943395
832.022022	-39.811547
832.252999	-39.837878
832.484105	-39.918341
832.715339	-39.951819
832.946702	-39.866275
833.178193	-39.753139
833.409813	-39.658995
833.641561	-39.605861
833.873439	-39.655665
834.105445	-39.739397
834.337581	-39.746658
834.569846	-39.587941
834.802241	-39.433358
835.034764	-39.389702
835.267418	-39.444636
835.500201	-39.517087
835.733114	-39.534040
835.966157	-39.451505
836.199329	-39.270018
836.432632	-39.165948
836.666065	-39.209892
836.899629	-39.310881
837.133323	-39.335722
837.367147	-39.253042
837.601102	-39.116456
837.835188	-38.986722
838.069405	-38.991276
838.303752	-39.090726
838.538231	-39.130984
838.772841	-39.052262
839.007582	-38.925556
839.242455	-38.830773
839.477459	-38.802055
839.712595	-38.878705
839.947863	-38.918999
840.183263	-38.842661
840.418794	-38.733084
840.654458	-38.658713
840.890254	-38.642134
841.126182	-38.680938
841.362242	-38.713169
841.598435	-38.635999
841.834761	-38.533771
842.071220	-38.488013
842.307811	-38.475149
842.544536	-38.507479
842.781393	-38.519444
843.018384	-38.436819
843.255508	-38.339817
843.492765	-38.303812
843.730156	-38.305633
843.967681	-38.341835
844.205339	-38.347751
844.443132	-38.246621
844.681058	-38.148980
844.919118	-38.109840
845.157313	-38.129876
845.395642	-38.193319
845.634105	-38.183820
845.872703	-38.064650
846.111436	-37.955809
846.350303	-37.914860
846.589306	-37.965977
846.828443	-38.045173
847.067716	-38.013808
847.307124	-37.882901
847.546667	-37.765611
847.786345	-37.730521
848.026160	-37.811169
848.266110	-37.882311
848.506195	-37.835029
848.746417	-37.703164
848.986775	-37.578709
849.227269	-37.568212
849.467899	-37.652406
849.708666	-37.701405
849.949569	-37.655213
850.190609	-37.519381
850.431785	-37.409315
850.673099	-37.411491
850.914549	-37.473417
851.156137	-37.525623
851.397861	-37.467899
851.639723	-37.338791
851.881723	-37.247060
852.123860	-37.236499
852.366135	-37.308513
852.608547	-37.340352
852.851098	-37.278345
853.093786	-37.157190
853.336613	-37.066318
853.579578	-37.085060
853.822681	-37.138368
854.065923	-37.155230
854.309304	-37.073667
854.552823	-36.960963
854.796481	-36.915971
855.040278	-36.929997
855.284215	-36.971379
855.528290	-36.937152
855.772505	-36.863289
856.016859	-36.798385
856.261353	-36.767691
856.505987	-36.777626
856.750760	-36.751647
856.995673	-36.723574
857.240727	-36.683341
857.485920	-36.650446
857.731254	-36.618359
857.976729	-36.565663
858.222343	-36.541764
858.468099	-36.529974
858.713995	-36.536203
858.960032	-36.498647
859.206211	-36.420357
859.452530	-36.348310
859.698991	-36.338122
859.945593	-36.386695
860.192336	-36.397629
860.439222	-36.311815
860.686248	-36.177998
860.933417	-36.135374
861.180728	-36.203971
861.428181	-36.280180
861.675776	-36.209082
861.923514	-36.050618
862.171394	-35.957605
862.419417	-36.011507
862.667582	-36.108366
862.915890	-36.094765
863.164342	-35.963879
863.412936	-35.820325
863.661674	-35.808836
863.910555	-35.901575
864.159579	-35.973955
864.408747	-35.881589
864.658059	-35.699057
864.907515	-35.623172
865.157114	-35.709644
865.406858	-35.816583
865.656746	-35.774770
865.906778	-35.599114
866.156955	-35.481777
866.407277	-35.511557
866.657743	-35.636150
866.908354	-35.660449
867.159110	-35.504711
867.410011	-35.346056
867.661057	-35.343947
867.912249	-35.463173
868.163586	-35.513526
868.415069	-35.399684
868.666697	-35.241014
868.918472	-35.190235
869.170392	-35.284695
869.422458	-35.368107
869.674671	-35.286252
869.927030	-35.124920
870.179536	-35.058129
870.432188	-35.123864
870.684987	-35.204350
870.937933	-35.157458
871.191026	-35.009046
871.444266	-34.918135
871.697653	-34.971586
871.951188	-35.044191
872.204870	-35.000989
872.458700	-34.872182
872.712677	-34.790546
872.966803	-34.817075
873.221076	-34.879920
873.475498	-34.834364
873.730068	-34.721142
873.984787	-34.659513
874.239654	-34.680648
874.494669	-34.700497
874.749834	-34.660525
875.005147	-34.571364
875.260610	-34.532271
875.516222	-34.543136
875.771983	-34.534037
876.027894	-34.484833
876.283954	-34.440355
876.540164	-34.415950
876.796524	-34.409864
877.053033	-34.376127
877.309693	-34.331763
877.566503	-34.317936
877.823464	-34.310920
878.080575	-34.279594
878.337837	-34.230788
878.595249	-34.198242
878.852813	-34.207675
879.110528	-34.208942
879.368393	-34.153513
879.626410	-34.093945
879.884579	-34.077199
880.142899	-34.107620
880.401371	-34.101785
880.659994	-34.023844
880.918770	-33.958625
881.177698	-33.968281
881.436778	-34.008140
881.696010	-33.982308
881.955395	-33.883025
882.214933	-33.830831
882.474623	-33.868209
882.734467	-33.901711
882.994463	-33.843666
883.254613	-33.736021
883.514916	-33.714116
883.775372	-33.766901
884.035982	-33.772648
884.296746	-33.681205
884.557664	-33.590975
884.818735	-33.600403
885.079961	-33.644339
885.341341	-33.608800
885.602876	-33.504616
885.864565	-33.445053
886.126409	-33.467915
886.388407	-33.483877
886.650561	-33.415972
886.912870	-33.315136
887.175334	-33.284777
887.437953	-33.304625
887.700728	-33.288614
887.963658	-33.198725
888.226745	-33.115094
888.489987	-33.109915
888.753385	-33.117979
889.016940	-33.068956
889.280651	-32.971976
889.544518	-32.922399
889.808543	-32.934691
890.072723	-32.916742
890.337061	-32.840851
890.601556	-32.767474
890.866208	-32.756555
891.131017	-32.761054
891.395984	-32.713823
891.661109	-32.639800
891.926391	-32.609376
892.191831	-32.613952
892.457429	-32.593264
892.723186	-32.538940
892.989100	-32.491693
893.255173	-32.489879
893.521405	-32.486236
893.787796	-32.450075
894.054345	-32.403419
894.321053	-32.384799
894.587921	-32.391858
894.854948	-32.374151
895.122134	-32.325406
895.389480	-32.298900
895.656986	-32.304830
895.924651	-32.298602
896.192477	-32.255448
896.460463	-32.216025
896.728609	-32.221429
896.996915	-32.219500
897.265382	-32.179876
897.534010	-32.139844
897.802799	-32.132598
898.071749	-32.131136
898.340860	-32.104142
898.610132	-32.061334
898.879566	-32.039791
899.149162	-32.037290
899.418919	-32.026310
899.688838	-31.984480
899.958919	-31.941708
900.229162	-31.947015
900.499568	-31.954766
900.770136	-31.902163
901.040867	-31.856691
901.311761	-31.873242
901.582817	-31.881244
901.854037	-31.829444
902.125420	-31.793494
902.396966	-31.813114
902.668676	-31.812310
902.940550	-31.775549
903.212587	-31.759213
903.484788	-31.757293
903.757153	-31.759006
904.029683	-31.754023
904.302377	-31.723938
904.575236	-31.714402
904.848259	-31.738694
905.121447	-31.724565
905.394800	-31.691452
905.668319	-31.696604
905.942002	-31.706308
906.215852	-31.685980
906.489866	-31.668813
906.764047	-31.660923
907.038393	-31.654737
907.312906	-31.644916
907.587584	-31.617080
907.862429	-31.592876
908.137441	-31.593898
908.412619	-31.567015
908.687964	-31.525514
908.963476	-31.513339
909.239155	-31.490185
909.515002	-31.450515
909.791015	-31.422033
910.067197	-31.383168
910.343546	-31.353905
910.620063	-31.325506
910.896748	-31.268450
911.173601	-31.232964
911.450623	-31.207404
911.727813	-31.157684
912.005171	-31.109234
912.282699	-31.063513
912.560395	-31.029116
912.838261	-30.996970
913.116296	-30.925236
913.394500	-30.878985
913.672874	-30.863227
913.951418	-30.811279
914.230131	-30.744411
914.509015	-30.700618
914.788068	-30.682784
915.067292	-30.642038
915.346687	-30.561839
915.626252	-30.528209
915.905988	-30.523510
916.185895	-30.471300
916.465973	-30.402767
916.746223	-30.372407
917.026644	-30.377431
917.307236	-30.331359
917.588000	-30.258379
917.868937	-30.252052
918.150045	-30.261384
918.431325	-30.217070
918.712778	-30.156130
918.994404	-30.162283
919.276202	-30.189091
919.558173	-30.137697
919.840317	-30.092819
920.122634	-30.123898
920.405125	-30.148039
920.687789	-30.098014
920.970627	-30.069241
921.253639	-30.122769
921.536824	-30.134357
921.820184	-30.083720
922.103718	-30.079977
922.387427	-30.133497
922.671310	-30.132271
922.955368	-30.079687
923.239601	-30.096801
923.524009	-30.137976
923.808592	-30.115640
924.093351	-30.070850
924.378285	-30.089519
924.663396	-30.114594
924.948682	-30.070853
925.234144	-30.032560
925.519782	-30.044523
925.805597	-30.050348
926.091589	-29.988267
926.377757	-29.950372
926.664102	-29.962504
926.950624	-29.936645
927.237323	-29.865617
927.524200	-29.833188
927.811255	-29.838599
928.098487	-29.779607
928.385897	-29.710760
928.673485	-29.688754
928.961251	-29.672056
929.249196	-29.595726
929.537319	-29.533719
929.825621	-29.519951
930.114102	-29.473318
930.402762	-29.394783
930.691601	-29.344752
930.980620	-29.326850
931.269818	-29.259609
931.559196	-29.186656
931.848753	-29.149122
932.138491	-29.120402
932.428409	-29.044073
932.718508	-28.978059
933.008787	-28.958693
933.299246	-28.915702
933.589887	-28.832539
933.880709	-28.791547
934.171712	-28.784236
934.462896	-28.717242
934.754262	-28.648780
935.045810	-28.644259
935.337539	-28.625357
935.629451	-28.545269
935.921545	-28.518692
936.213822	-28.532942
936.506281	-28.486704
936.798922	-28.427162
937.091747	-28.446043
937.384755	-28.446145
937.677946	-28.386544
937.971321	-28.374306
938.264879	-28.409780
938.558621	-28.380108
938.852547	-28.340505
939.146657	-28.369191
939.440952	-28.385953
939.735431	-28.341909
940.030095	-28.339442
940.324943	-28.376548
940.619977	-28.362846
940.915196	-28.328490
941.210600	-28.353508
941.506189	-28.371400
941.801965	-28.334598
942.097926	-28.322106
942.394074	-28.353765
942.690407	-28.337661
942.986927	-28.295915
943.283634	-28.307480
943.580527	-28.319544
943.877608	-28.272533
944.174875	-28.249906
944.472330	-28.269848
944.769972	-28.243475
945.067802	-28.193034
945.365820	-28.199301
945.664026	-28.197161
945.962420	-28.142836
946.261002	-28.121955
946.559773	-28.132823
946.858733	-28.095295
947.157881	-28.052717
947.457219	-28.056824
947.756746	-28.041109
948.056462	-27.995293
948.356368	-27.979807
948.656464	-27.979550
948.956749	-27.942110
949.257225	-27.909729
949.557891	-27.908054
949.858748	-27.888718
950.159796	-27.844997
950.461034	-27.835144
950.762463	-27.825117
951.064084	-27.782929
951.365896	-27.761056
951.667900	-27.754345
951.970095	-27.717619
952.272483	-27.688770
952.575063	-27.677391
952.877835	-27.648148
953.180799	-27.617438
953.483956	-27.597677
953.787307	-27.576908
954.090850	-27.543092
954.394586	-27.520203
954.698516	-27.503751
955.002640	-27.468694
955.306957	-27.441650
955.611469	-27.431812
955.916174	-27.392592
956.221074	-27.365848
956.526169	-27.357933
956.831458	-27.318522
957.136942	-27.288735
957.442622	-27.280751
957.748496	-27.248872
958.054567	-27.210079
958.360833	-27.202254
958.667294	-27.179916
958.973952	-27.132846
959.280806	-27.121660
959.587857	-27.110570
959.895104	-27.058422
960.202548	-27.039853
960.510189	-27.037136
960.818027	-26.989859
961.126062	-26.957882
961.434295	-26.960311
961.742726	-26.924419
962.051355	-26.875751
962.360182	-26.881984
962.669207	-26.858481
962.978431	-26.799795
963.287854	-26.800302
963.597475	-26.789149
963.907296	-26.729138
964.217315	-26.715726
964.527535	-26.719899
964.837954	-26.661741
965.148573	-26.633072
965.459392	-26.645850
965.770411	-26.595579
966.081630	-26.554451
966.393051	-26.567496
966.704672	-26.532696
967.016494	-26.477988
967.328517	-26.487683
967.640742	-26.468271
967.953169	-26.404902
968.265797	-26.407955
968.578627	-26.400538
968.891660	-26.336643
969.204895	-26.327483
969.518332	-26.331815
969.831972	-26.269571
970.145816	-26.248845
970.459862	-26.259974
970.774112	-26.203845
971.088565	-26.173711
971.403223	-26.185589
971.718084	-26.140143
972.033149	-26.099066
972.348419	-26.111367
972.663893	-26.074736
972.979572	-26.028385
973.295456	-26.036436
973.611546	-26.009573
973.927840	-25.959331
974.244340	-25.962418
974.561046	-25.943555
974.877958	-25.891775
975.195076	-25.890823
975.512401	-25.875591
975.829932	-25.827453
976.147670	-25.819489
976.465615	-25.809146
976.783767	-25.763070
977.102126	-25.751092
977.420693	-25.740531
977.739468	-25.701474
978.058451	-25.683040
978.377642	-25.674762
978.697041	-25.639547
979.016649	-25.616687
979.336466	-25.608884
979.656492	-25.577624
979.976727	-25.552762
980.297171	-25.544433
980.617825	-25.516743
980.938689	-25.488990
981.259763	-25.481538
981.581048	-25.454126
981.902542	-25.429035
982.224248	-25.418378
982.546164	-25.393267
982.868291	-25.368357
983.190630	-25.355693
983.513180	-25.331605
983.835942	-25.310432
984.158916	-25.292858
984.482101	-25.271968
984.805500	-25.250568
985.129110	-25.230234
985.452934	-25.211324
985.776970	-25.192035
986.101220	-25.168063
986.425683	-25.151894
986.750359	-25.131711
987.075250	-25.105895
987.400354	-25.090624
987.725673	-25.071856
988.051206	-25.043390
988.376954	-25.029698
988.702916	-25.010787
989.029094	-24.979840
989.355487	-24.967460
989.682095	-24.949788
990.008919	-24.915319
990.335959	-24.905317
990.663216	-24.885972
990.990688	-24.849204
991.318377	-24.842593
991.646283	-24.821745
991.974406	-24.783027
992.302746	-24.779215
992.631304	-24.753935
992.960079	-24.715118
993.289072	-24.714459
993.618283	-24.684609
993.947713	-24.648033
994.277361	-24.649009
994.607227	-24.612690
994.937313	-24.579689
995.267618	-24.581159
995.598142	-24.539140
995.928886	-24.512399
996.259849	-24.511216
996.591033	-24.464449
996.922437	-24.444120
997.254061	-24.438479
997.585906	-24.389915
997.917972	-24.375721
998.250260	-24.363583
998.582768	-24.315209
998.915498	-24.305569
999.248450	-24.286833
999.581624	-24.241133
999.915020	-24.234667
1000.248639	-24.208983
1000.582480	-24.167114
1000.916545	-24.162040
1001.250832	-24.130189
1001.585343	-24.094554
1001.920077	-24.088364
1002.255035	-24.050848
1002.590218	-24.021589
1002.925624	-24.012348
1003.261255	-23.972772
1003.597111	-23.949577
1003.933192	-23.936456
1004.269497	-23.895664
1004.606029	-23.876194
1004.942785	-23.858353
1005.279768	-23.818975
1005.616977	-23.804034
1005.954412	-23.781551
1006.292074	-23.744576
1006.629962	-23.731909
1006.968077	-23.702899
1007.306420	-23.670482
1007.644990	-23.658813
1007.983787	-23.626297
1008.322813	-23.600347
1008.662067	-23.585273
1009.001549	-23.550930
1009.341259	-23.529390
1009.681199	-23.511509
1010.021367	-23.477928
1010.361765	-23.460676
1010.702392	-23.438941
1011.043250	-23.406434
1011.384337	-23.392461
1011.725654	-23.365241
1012.067202	-23.338904
1012.408980	-23.324928
1012.750989	-23.293777
1013.093230	-23.274566
1013.435702	-23.255106
1013.778405	-23.225760
1014.121341	-23.210389
1014.464508	-23.186305
1014.807908	-23.162160
1015.151540	-23.145815
1015.495405	-23.119649
1015.839503	-23.100103
1016.183835	-23.081353
1016.528400	-23.055540
1016.873198	-23.040164
1017.218231	-23.016478
1017.563498	-22.994905
1017.908999	-22.979528
1018.254735	-22.952303
1018.600707	-22.939094
1018.946913	-22.915998
1019.293354	-22.894648
1019.640032	-22.880727
1019.986945	-22.853295
1020.334094	-22.840300
1020.681480	-22.818893
1021.029102	-22.797182
1021.376961	-22.783387
1021.725058	-22.759599
1022.073391	-22.741431
1022.421962	-22.725871
1022.770772	-22.701893
1023.119819	-22.687111
1023.469104	-22.668875
1023.818628	-22.644380
1024.168391	-22.633576
1024.518393	-22.607693
1024.868634	-22.591065
1025.219115	-22.577003
1025.569836	-22.550602
1025.920796	-22.539267
1026.271997	-22.517647
1026.623438	-22.494580
1026.975121	-22.483270
1027.327044	-22.456480
1027.679208	-22.441251
1028.031614	-22.426395
1028.384262	-22.397358
1028.737152	-22.389518
1029.090284	-22.361533
1029.443659	-22.342434
1029.797276	-22.329451
1030.151137	-22.299445
1030.505240	-22.289753
1030.859587	-22.265186
1031.214178	-22.242273
1031.569013	-22.229557
1031.924093	-22.199085
1032.279417	-22.185205
1032.634985	-22.164207
1032.990799	-22.138399
1033.346858	-22.125863
1033.703162	-22.096503
1034.059712	-22.078298
1034.416509	-22.058374
1034.773551	-22.030538
1035.130841	-22.016030
1035.488377	-21.989763
1035.846160	-21.967364
1036.204190	-21.950226
1036.562468	-21.919273
1036.920994	-21.904921
1037.279768	-21.876635
1037.638790	-21.854269
1037.998061	-21.835268
1038.357581	-21.805642
1038.717350	-21.788617
1039.077368	-21.762319
1039.437636	-21.738037
1039.798154	-21.719143
1040.158922	-21.688410
1040.519940	-21.670778
1040.881209	-21.643184
1041.242729	-21.619515
1041.604501	-21.599316
1041.966524	-21.571170
1042.328798	-21.550815
1042.691325	-21.525482
1043.054103	-21.498452
1043.417135	-21.480231
1043.780419	-21.449360
1044.143956	-21.431870
1044.507746	-21.405316
1044.871791	-21.380586
1045.236088	-21.360223
1045.600641	-21.331021
1045.965447	-21.311606
1046.330508	-21.286733
1046.695824	-21.260758
1047.061395	-21.243653
1047.427222	-21.211962
1047.793304	-21.196012
1048.159642	-21.167932
1048.526237	-21.145831
1048.893088	-21.125993
1049.260196	-21.097726
1049.627561	-21.079741
1049.995183	-21.053755
1050.363063	-21.030237
1050.731201	-21.012335
1051.099597	-20.983305
1051.468251	-20.968356
1051.837164	-20.940837
1052.206336	-20.919402
1052.575767	-20.900001
1052.945458	-20.870991
1053.315409	-20.857714
1053.685619	-20.828404
1054.056090	-20.811585
1054.426821	-20.788608
1054.797814	-20.763779
1055.169067	-20.747258
1055.540582	-20.720193
1055.912359	-20.703054
1056.284398	-20.680346
1056.656698	-20.656682
1057.029262	-20.639401
1057.402088	-20.612510
1057.775177	-20.595610
1058.148530	-20.573001
1058.522146	-20.550679
1058.896027	-20.534104
1059.270171	-20.506326
1059.644580	-20.491313
1060.019254	-20.465100
1060.394193	-20.446050
1060.769397	-20.426331
1061.144867	-20.401551
1061.520602	-20.386098
1061.896604	-20.359454
1062.272872	-20.342574
1062.649407	-20.319818
1063.026210	-20.297961
1063.403279	-20.279620
1063.780616	-20.254225
1064.158221	-20.236561
1064.536094	-20.212827
1064.914235	-20.192390
1065.292645	-20.172916
1065.671325	-20.149208
1066.050273	-20.131035
1066.429491	-20.106282
1066.808979	-20.086045
1067.188738	-20.064173
1067.568766	-20.041366
1067.949066	-20.022363
1068.329636	-19.998088
1068.710478	-19.978937
1069.091592	-19.955356
1069.472977	-19.933641
1069.854635	-19.912789
1070.236565	-19.888537
1070.618768	-19.869242
1071.001243	-19.843970
1071.383993	-19.824647
1071.767016	-19.800634
1072.150313	-19.779998
1072.533884	-19.757318
1072.917730	-19.734949
1073.301850	-19.712867
1073.686246	-19.689628
1074.070917	-19.668496
1074.455864	-19.645566
1074.841087	-19.624847
1075.226586	-19.600813
1075.612362	-19.580241
1075.998415	-19.555361
1076.384745	-19.535999
1076.771353	-19.511571
1077.158238	-19.492100
1077.545401	-19.468325
1077.932843	-19.446523
1078.320564	-19.424202
1078.708564	-19.400948
1079.096842	-19.381132
1079.485401	-19.356966
1079.874240	-19.337459
1080.263358	-19.313089
1080.652757	-19.292466
1081.042438	-19.269668
1081.432399	-19.247900
1081.822641	-19.226329
1082.213166	-19.203261
1082.603972	-19.181724
1082.995061	-19.159122
1083.386433	-19.137348
1083.778087	-19.116306
1084.170025	-19.092931
1084.562246	-19.072280
1084.954751	-19.047749
1085.347541	-19.027427
1085.740615	-19.003724
1086.133973	-18.982692
1086.527617	-18.960385
1086.921546	-18.937213
1087.315761	-18.916909
1087.710262	-18.892029
1088.105050	-18.873597
1088.500124	-18.847043
1088.895485	-18.829025
1089.291134	-18.801708
1089.687070	-18.784872
1090.083294	-18.758300
1090.479806	-18.741413
1090.876607	-18.714819
1091.273696	-18.696598
1091.671075	-18.671173
1092.068744	-18.651991
1092.466702	-18.629399
1092.864950	-18.607843
1093.263489	-18.587820
1093.662319	-18.563085
1094.061440	-18.546737
1094.460852	-18.520368
1094.860555	-18.505939
1095.260551	-18.478083
1095.660840	-18.463141
1096.061421	-18.437245
1096.462295	-18.421154
1096.863462	-18.398969
1097.264923	-18.379531
1097.666678	-18.360251
1098.068727	-18.337695
1098.471071	-18.321005
1098.873710	-18.298020
1099.276644	-18.281962
1099.679874	-18.260170
1100.083400	-18.241789
1100.487222	-18.222973
1100.891340	-18.201732
1101.295756	-18.187066
1101.700468	-18.162281
1102.105478	-18.150292
1102.510787	-18.123427
1102.916393	-18.113201
1103.322298	-18.086687
1103.728502	-18.075717
1104.135005	-18.050479
1104.541807	-18.036886
1104.948909	-18.015065
1105.356312	-17.998854
1105.764015	-17.980409
1106.172019	-17.960654
1106.580324	-17.944625
1106.988931	-17.923122
1107.397840	-17.909754
1107.807051	-17.886885
1108.216564	-17.873567
1108.626380	-17.850117
1109.036500	-17.837280
1109.446923	-17.815423
1109.857649	-17.801163
1110.268680	-17.780446
1110.680016	-17.764077
1111.091657	-17.747142
1111.503602	-17.727744
1111.915854	-17.713276
1112.328411	-17.690004
1112.741275	-17.679554
1113.154445	-17.655632
1113.567922	-17.646704
1113.981706	-17.621077
1114.395798	-17.610192
1114.810198	-17.587819
1115.224906	-17.575412
1115.639923	-17.557217
1116.055249	-17.539566
1116.470884	-17.525292
1116.886829	-17.503808
1117.303084	-17.494491
1117.719650	-17.470344
1118.136526	-17.462262
1118.553713	-17.437015
1118.971212	-17.429011
1119.389022	-17.405813
1119.807145	-17.396262
1120.225580	-17.374456
1120.644328	-17.362932
1121.063389	-17.343102
1121.482763	-17.330547
1121.902452	-17.310816
1122.322454	-17.298765
1122.742771	-17.279028
1123.163404	-17.267437
1123.584351	-17.245706
1124.005614	-17.234680
1124.427193	-17.214314
1124.849089	-17.202842
1125.271301	-17.182108
1125.693830	-17.167680
1126.116677	-17.151324
1126.539842	-17.134030
1126.963324	-17.119882
1127.387126	-17.097447
1127.811246	-17.087976
1128.235685	-17.063448
1128.660444	-17.055026
1129.085522	-17.027758
1129.510922	-17.019772
1129.936641	-16.994248
1130.362682	-16.984091
1130.789044	-16.960212
1131.215728	-16.945996
1131.642734	-16.926280
1132.070063	-16.908566
1132.497714	-16.891399
1132.925689	-16.870133
1133.353987	-16.855967
1133.782610	-16.832696
1134.211556	-16.818264
1134.640827	-16.795294
1135.070424	-16.780730
1135.500345	-16.758392
1135.930593	-16.740562
1136.361166	-16.722225
1136.792067	-16.701498
1137.223294	-16.684587
1137.654848	-16.661361
1138.086730	-16.648077
1138.518940	-16.621906
1138.951479	-16.609536
1139.384346	-16.583039
1139.817543	-16.571683
1140.251069	-16.544223
1140.684925	-16.532101
1141.119111	-16.506997
1141.553628	-16.493224
1141.988475	-16.469159
1142.423655	-16.453225
1142.859166	-16.432589
1143.295009	-16.414551
1143.731185	-16.395131
1144.167694	-16.375523
1144.604536	-16.358645
1145.041711	-16.336598
1145.479221	-16.321997
1145.917065	-16.299536
1146.355245	-16.284368
1146.793759	-16.261486
1147.232609	-16.248257
1147.671795	-16.225260
1148.111317	-16.210736
1148.551177	-16.188126
1148.991373	-16.174433
1149.431907	-16.152495
1149.872779	-16.137357
1150.313989	-16.116360
1150.755538	-16.100378
1151.197426	-16.080823
1151.639653	-16.064709
1152.082220	-16.044149
1152.525128	-16.027368
1152.968376	-16.009743
1153.411966	-15.991136
1153.855897	-15.972527
1154.300169	-15.955228
1154.744784	-15.937156
1155.189742	-15.918212
1155.635042	-15.900805
1156.080687	-15.882327
1156.526674	-15.864115
1156.973007	-15.845435
1157.419683	-15.828293
1157.866705	-15.808330
1158.314072	-15.791301
1158.761786	-15.771813
1159.209845	-15.754276
1159.658251	-15.734851
1160.107004	-15.716766
1160.556104	-15.697621
1161.005553	-15.680050
1161.455349	-15.659497
1161.905494	-15.642220
1162.355989	-15.622795
1162.806832	-15.603831
1163.258026	-15.584720
1163.709570	-15.566522
1164.161464	-15.546316
1164.613710	-15.528310
1165.066307	-15.508618
1165.519256	-15.489597
1165.972558	-15.470506
1166.426212	-15.451401
1166.880219	-15.431909
1167.334580	-15.413041
1167.789295	-15.393443
1168.244364	-15.374629
1168.699788	-15.354917
1169.155567	-15.335774
1169.611702	-15.317054
1170.068193	-15.296793
1170.525041	-15.278309
1170.982245	-15.259154
1171.439807	-15.239086
1171.897726	-15.220868
1172.356004	-15.201097
1172.814640	-15.182161
1173.273635	-15.162907
1173.732989	-15.144025
1174.192703	-15.124943
1174.652778	-15.105535
1175.113213	-15.087453
1175.574009	-15.067651
1176.035167	-15.049338
1176.496687	-15.030467
1176.958569	-15.011735
1177.420814	-14.992841
1177.883422	-14.974954
1178.346394	-14.955573
1178.809730	-14.937817
1179.273430	-14.919390
1179.737496	-14.900699
1180.201927	-14.883243
1180.666723	-14.864597
1181.131886	-14.846886
1181.597416	-14.829084
1182.063312	-14.811133
1182.529576	-14.793487
1182.996209	-14.776204
1183.463209	-14.758131
1183.930579	-14.741527
1184.398317	-14.723529
1184.866426	-14.706899
1185.334904	-14.689468
1185.803754	-14.672779
1186.272974	-14.655565
1186.742566	-14.639225
1187.212529	-14.621971
1187.682865	-14.605908
1188.153574	-14.588999
1188.624656	-14.572637
1189.096112	-14.556501
1189.567942	-14.539710
1190.040147	-14.524082
1190.512726	-14.507288
1190.985681	-14.491701
1191.459012	-14.475232
1191.932720	-14.459380
1192.406804	-14.443474
1192.881265	-14.427141
1193.356104	-14.411834
1193.831322	-14.395075
1194.306918	-14.380149
1194.782893	-14.363222
1195.259248	-14.348379
1195.735982	-14.331446
1196.213097	-14.316583
1196.690593	-14.299663
1197.168471	-14.284758
1197.646730	-14.267804
1198.125371	-14.252936
1198.604395	-14.235777
1199.083803	-14.221099
1199.563594	-14.203697
1200.043769	-14.189092
1200.524329	-14.171631
1201.005273	-14.156841
1201.486604	-14.139654
1201.968320	-14.124391
1202.450422	-14.107691
1202.932912	-14.091831
1203.415789	-14.075673
1203.899054	-14.059305
1204.382707	-14.043508
1204.866748	-14.026961
1205.351179	-14.011212
1205.836000	-13.994709
1206.321211	-13.979018
1206.806812	-13.962455
1207.292805	-13.947023
1207.779189	-13.930311
1208.265965	-13.915142
1208.753134	-13.898446
1209.240696	-13.883389
1209.728651	-13.866885
1210.217000	-13.851908
1210.705744	-13.835563
1211.194883	-13.820811
1211.684417	-13.804576
1212.174347	-13.790053
1212.664673	-13.774035
1213.155396	-13.759649
1213.646516	-13.744013
1214.138034	-13.729622
1214.629951	-13.714449
1215.122266	-13.700186
1215.614980	-13.685254
1216.108095	-13.671357
1216.601609	-13.656551
1217.095524	-13.643001
1217.589841	-13.628531
1218.084559	-13.614977
1218.579679	-13.601225
1219.075202	-13.587478
1219.571128	-13.574372
1220.067458	-13.560634
1220.564191	-13.548004
1221.061330	-13.534376
1221.558874	-13.522123
1222.056823	-13.508736
1222.555178	-13.496643
1223.053940	-13.483767
1223.553109	-13.471593
1224.052686	-13.459276
1224.552671	-13.447204
1225.053065	-13.435070
1225.553867	-13.423495
1226.055079	-13.411253
1226.556702	-13.400271
1227.058735	-13.387963
1227.561179	-13.377394
1228.064035	-13.365336
1228.567303	-13.354735
1229.070983	-13.343375
1229.575077	-13.332395
1230.079585	-13.321881
1230.584506	-13.310615
1231.089842	-13.300655
1231.595594	-13.289445
1232.101761	-13.279744
1232.608345	-13.268821
1233.115345	-13.259237
1233.622762	-13.248678
1234.130597	-13.239135
1234.638851	-13.229013
1235.147523	-13.219508
1235.656615	-13.209761
1236.166126	-13.200346
1236.676058	-13.190953
1237.186411	-13.181656
1237.697185	-13.172542
1238.208381	-13.163470
1238.719999	-13.154574
1239.232040	-13.145598
1239.744505	-13.137190
1240.257394	-13.128037
1240.770708	-13.120191
1241.284446	-13.111019
1241.798610	-13.103344
1242.313201	-13.094588
1242.828218	-13.086710
1243.343662	-13.078511
1243.859534	-13.070463
1244.375834	-13.062583
1244.892563	-13.054595
1245.409721	-13.046857
1245.927309	-13.038860
1246.445327	-13.031468
1246.963777	-13.023116
1247.482657	-13.016239
1248.001970	-13.007617
1248.521716	-13.000737
1249.041894	-12.992486
1249.562506	-12.985018
1250.083553	-12.977270
1250.605034	-12.969446
1251.126950	-12.961705
1251.649302	-12.953853
1252.172091	-12.946039
1252.695316	-12.937847
1253.218979	-12.930369
1253.743079	-12.921538
1254.267619	-12.914263
1254.792597	-12.905224
1255.318015	-12.897542
1255.843874	-12.888779
1256.370173	-12.880491
1256.896913	-12.871793
1257.424095	-12.863266
1257.951720	-12.854379
1258.479787	-12.845548
1259.008298	-12.836835
1259.537254	-12.827272
1260.066654	-12.818885
1260.596499	-12.808882
1261.126790	-12.800268
1261.657527	-12.790359
1262.188711	-12.781255
1262.720342	-12.771452
1263.252422	-12.761989
1263.784950	-12.752242
1264.317928	-12.742381
1264.851355	-12.732795
1265.385232	-12.722591
1265.919560	-12.712910
1266.454340	-12.702744
1266.989572	-12.692813
1267.525256	-12.682525
1268.061394	-12.672727
1268.597985	-12.662008
1269.135031	-12.652404
1269.672531	-12.641526
1270.210487	-12.631694
1270.748899	-12.621014
1271.287768	-12.610763
1271.827094	-12.600386
1272.366877	-12.589549
1272.907119	-12.579663
1273.447820	-12.568185
1273.988981	-12.558524
1274.530601	-12.546956
1275.072683	-12.536858
1275.615226	-12.525654
1276.158230	-12.514936
1276.701697	-12.504060
1277.245627	-12.492766
1277.790021	-12.482178
1278.334879	-12.470335
1278.880202	-12.459846
1279.425991	-12.447845
1279.972245	-12.436944
1280.518966	-12.425124
1281.066155	-12.413756
1281.613811	-12.401984
1282.161936	-12.390255
1282.710529	-12.378569
1283.259593	-12.366387
1283.809126	-12.354797
1284.359131	-12.342373
1284.909607	-12.330595
1285.460555	-12.318122
1286.011976	-12.306271
1286.563870	-12.293542
1287.116237	-12.281713
1287.669080	-12.269008
1288.222397	-12.256786
1288.776191	-12.244487
1289.330460	-12.231788
1289.885207	-12.219870
1290.440431	-12.206787
1290.996133	-12.195233
1291.552314	-12.181949
1292.108975	-12.170382
1292.666115	-12.157540
1293.223737	-12.145328
1293.781839	-12.133391
1294.340424	-12.120464
1294.899491	-12.109213
1295.459041	-12.095987
1296.019075	-12.084928
1296.579593	-12.072023
1297.140597	-12.060492
1297.702086	-12.048438
1298.264061	-12.036195
1298.826524	-12.024931
1299.389474	-12.012203
1299.952912	-12.001372
1300.516839	-11.988614
1301.081255	-11.977650
1301.646162	-11.965389
1302.211559	-11.953877
1302.777448	-11.942293
1303.343829	-11.930202
1303.910702	-11.919208
1304.478069	-11.906677
1305.045930	-11.895976
1305.614285	-11.883478
1306.183136	-11.872471
1306.752483	-11.860548
1307.322326	-11.848885
1307.892666	-11.837665
1308.463504	-11.825449
1309.034841	-11.814639
1309.606677	-11.802323
1310.179012	-11.791458
1310.751849	-11.779458
1311.325186	-11.768268
1311.899025	-11.756775
1312.473366	-11.745172
1313.048211	-11.734230
1313.623559	-11.722337
1314.199412	-11.711681
1314.775770	-11.699906
1315.352634	-11.689184
1315.930004	-11.677792
1316.507881	-11.666862
1317.086266	-11.655962
1317.665159	-11.644795
1318.244562	-11.634294
1318.824474	-11.623100
1319.404897	-11.612790
1319.985831	-11.601715
1320.567276	-11.591456
1321.149234	-11.580655
1321.731706	-11.570261
1322.314691	-11.559858
1322.898190	-11.549249
1323.482205	-11.539240
1324.066736	-11.528442
1324.651783	-11.518668
1325.237347	-11.507987
1325.823430	-11.497998
1326.410031	-11.487762
1326.997151	-11.477478
1327.584791	-11.467526
1328.172952	-11.457113
1328.761634	-11.447357
1329.350839	-11.436902
1329.940566	-11.427146
1330.530817	-11.416856
1331.121592	-11.406998
1331.712891	-11.396920
1332.304716	-11.386837
1332.897068	-11.377176
1333.489946	-11.366804
1334.083352	-11.357369
1334.677287	-11.347077
1335.271750	-11.337546
1335.866744	-11.327602
1336.462268	-11.317732
1337.058323	-11.308317
1337.654910	-11.298188
1338.252029	-11.288963
1338.849682	-11.278984
1339.447869	-11.269707
1340.046591	-11.259976
1340.645848	-11.250534
1341.245641	-11.241233
1341.845972	-11.231525
1342.446840	-11.222549
1343.048246	-11.212802
1343.650191	-11.203926
1344.252677	-11.194356
1344.855702	-11.185270
1345.459269	-11.176206
1346.063379	-11.166786
1346.668030	-11.158045
1347.273226	-11.148582
1347.878965	-11.139973
1348.485250	-11.130631
1349.092080	-11.121861
1349.699456	-11.112979
1350.307380	-11.103956
1350.915851	-11.095397
1351.524871	-11.086266
1352.134441	-11.078015
1352.744560	-11.068918
1353.355231	-11.060594
1353.966453	-11.051995
1354.578227	-11.043403
1355.190555	-11.035254
1355.803436	-11.026524
1356.416872	-11.018696
1357.030863	-11.010131
1357.645411	-11.002219
1358.260515	-10.994095
1358.876177	-10.986129
1359.492397	-10.978366
1360.109176	-10.970306
1360.726516	-10.962978
1361.344416	-10.954991
1361.962877	-10.947768
1362.581901	-10.940136
1363.201487	-10.932878
1363.821637	-10.925775
1364.442352	-10.918336
1365.063632	-10.911709
1365.685478	-10.904445
1366.307891	-10.897918
1366.930871	-10.891068
1367.554420	-10.884553
1368.178538	-10.878235
1368.803226	-10.871697
1369.428485	-10.865797
1370.054315	-10.859518
1370.680717	-10.853862
1371.307693	-10.847914
1371.935242	-10.842411
1372.563366	-10.837027
1373.192065	-10.831552
1373.821341	-10.826632
1374.451193	-10.821389
1375.081623	-10.816798
1375.712632	-10.811962
1376.344221	-10.807454
1376.976389	-10.803198
1377.609139	-10.798872
1378.242470	-10.795029
1378.876384	-10.791001
1379.510881	-10.787518
1380.145963	-10.783964
1380.781629	-10.780692
1381.417881	-10.777688
1382.054720	-10.774687
1382.692147	-10.772201
1383.330161	-10.769569
1383.968765	-10.767439
1384.607959	-10.765405
1385.247743	-10.763522
1385.888119	-10.762027
1386.529087	-10.760532
1387.170648	-10.759484
1387.812804	-10.758430
1388.455554	-10.757712
1389.098899	-10.757192
1389.742842	-10.756814
1390.387381	-10.756757
1391.032519	-10.756718
1391.678256	-10.757123
1392.324592	-10.757571
1392.971529	-10.758282
1393.619068	-10.759266
1394.267208	-10.760373
1394.915952	-10.761902
1395.565300	-10.763445
1396.215253	-10.765410
1396.865812	-10.767577
1397.516977	-10.769972
1398.168749	-10.772698
1398.821130	-10.775570
1399.474120	-10.778900
1400.127719	-10.782267
1400.781930	-10.786102
1401.436752	-10.790068
1402.092186	-10.794309
1402.748234	-10.798974
1403.404897	-10.803556
1404.062174	-10.808805
1404.720067	-10.814007
1405.378577	-10.819572
1406.037705	-10.825527
1406.697451	-10.831446
1407.357817	-10.838006
1408.018803	-10.844561
1408.680410	-10.851512
1409.342639	-10.858774
1410.005492	-10.866253
1410.668968	-10.874109
1411.333068	-10.882169
1411.997795	-10.890637
1412.663147	-10.899230
1413.329127	-10.908339
1413.995736	-10.917493
1414.662973	-10.927022
1415.330840	-10.936910
1415.999339	-10.946757
1416.668469	-10.957217
1417.338232	-10.967555
1418.008628	-10.978309
1418.679659	-10.989299
1419.351325	-11.000338
1420.023628	-11.011827
1420.696568	-11.023350
1421.370145	-11.035328
1422.044362	-11.047434
1422.719219	-11.059973
1423.394717	-11.072790
1424.070856	-11.085978
1424.747638	-11.099740
1425.425064	-11.113637
1426.103134	-11.128419
1426.781850	-11.143369
1427.461212	-11.159035
1428.141221	-11.175342
1428.821878	-11.191911
1429.503185	-11.209519
1430.185141	-11.227281
1430.867749	-11.245905
1431.551008	-11.265022
1432.234920	-11.284550
1432.919486	-11.304875
1433.604707	-11.325328
1434.290583	-11.346579
1434.977116	-11.367982
1435.664307	-11.389919
1436.352156	-11.412233
1437.040664	-11.434718
1437.729833	-11.457879
1438.419663	-11.481032
1439.110156	-11.504898
1439.801312	-11.529004
1440.493132	-11.553632
1441.185617	-11.578985
1441.878768	-11.604739
1442.572586	-11.631564
1443.267072	-11.658983
1443.962228	-11.687618
1444.658053	-11.717260
1445.354549	-11.748050
1446.051717	-11.780383
1446.749558	-11.813768
1447.448073	-11.848972
1448.147263	-11.885387
1448.847128	-11.923401
1449.547671	-11.963024
1450.248891	-12.003826
1450.950789	-12.046305
1451.653368	-12.089791
1452.356627	-12.134610
1453.060568	-12.180327
1453.765192	-12.226869
1454.470500	-12.274115
1455.176492	-12.321652
1455.883170	-12.369648
1456.590534	-12.417389
1457.298586	-12.465235
1458.007327	-12.512611
1458.716758	-12.559469
1459.426880	-12.605979
1460.137693	-12.651459
1460.849199	-12.696610
1461.561398	-12.740831
1462.274293	-12.784446
1462.987883	-12.827652
1463.702170	-12.870165
1464.417155	-12.912679
1465.132838	-12.954846
1465.849222	-12.997263
1466.566306	-13.039912
1467.284093	-13.083028
1468.002582	-13.126960
1468.721775	-13.171549
1469.441674	-13.217446
1470.162278	-13.264177
1470.883590	-13.312267
1471.605609	-13.361529
1472.328338	-13.411697
1473.051777	-13.463157
1473.775928	-13.514956
1474.500790	-13.567445
1475.226367	-13.619847
1475.952657	-13.671659
1476.679663	-13.722682
1477.407386	-13.771691
1478.135826	-13.818625
1478.864985	-13.862265
1479.594863	-13.902049
1480.325463	-13.937315
1481.056784	-13.966936
1481.788828	-13.990722
1482.521597	-14.007462
1483.255090	-14.016919
1483.989309	-14.018488
1484.724256	-14.011561
1485.459931	-13.996129
1486.196336	-13.971540
1486.933471	-13.937995
1487.671337	-13.895129
1488.409937	-13.843018
1489.149270	-13.781687
1489.889337	-13.710980
1490.630141	-13.631284
1491.371682	-13.542208
1492.113961	-13.444245
1492.856979	-13.337214
1493.600738	-13.221229
1494.345238	-13.096770
1495.090481	-12.963546
1495.836467	-12.822397
1496.583198	-12.673426
1497.330675	-12.517211
1498.078899	-12.354614
1498.827872	-12.186074
1499.577593	-12.012848
1500.328065	-11.835700
1501.079289	-11.655839
1501.831265	-11.474431
1502.583995	-11.292613
1503.337480	-11.111787
1504.091721	-10.932994
1504.846719	-10.757718
1505.602475	-10.586994
1506.358991	-10.422154
1507.116268	-10.264439
1507.874306	-10.114834
1508.633108	-9.974818
1509.392673	-9.845289
1510.153004	-9.727653
1510.914101	-9.623112
1511.675965	-9.532830
1512.438599	-9.458376
1513.202002	-9.400888
1513.966176	-9.361995
1514.731122	-9.343022
1515.496842	-9.345368
1516.263336	-9.370430
1517.030607	-9.419160
1517.798654	-9.492496
1518.567479	-9.590577
1519.337083	-9.713022
1520.107468	-9.858355
1520.878634	-10.023649
1521.650584	-10.204272
1522.423317	-10.393154
1523.196836	-10.580653
1523.971141	-10.754050
1524.746233	-10.898121
1525.522115	-10.995745
1526.298786	-11.030258
1527.076249	-10.987780
1527.854504	-10.860190
1528.633553	-10.647226
1529.413397	-10.356135
1530.194037	-10.000937
1530.975474	-9.598749
1531.757709	-9.167806
1532.540745	-8.724976
1533.324581	-8.284530
1534.109220	-7.858241
1534.894662	-7.454862
1535.680909	-7.081130
1536.467961	-6.741785
1537.255821	-6.440186
1538.044489	-6.178665
1538.833967	-5.958655
1539.624256	-5.781078
1540.415357	-5.646252
1541.207271	-5.554212
1542.000000	-5.504522
1542.793545	-5.496455
1543.587907	-5.528936
1544.383087	-5.600396
1545.179088	-5.709006
1545.975909	-5.852231
1546.773552	-6.027135
1547.572019	-6.230058
1548.371311	-6.456581
1549.171428	-6.701670
1549.972373	-6.959286
1550.774147	-7.222887
1551.576751	-7.485226
1552.380185	-7.738802
1553.184453	-7.976397
1553.989554	-8.191251
1554.795490	-8.378157
1555.602263	-8.533531
1556.409873	-8.656006
1557.218322	-8.746585
1558.027612	-8.808115
1558.837743	-8.845311
1559.648717	-8.863771
1560.460536	-8.869583
1561.273200	-8.868856
1562.086710	-8.867073
1562.901069	-8.869208
1563.716278	-8.879252
1564.532337	-8.900450
1565.349249	-8.935248
1566.167014	-8.985326
1566.985634	-9.051915
1567.805111	-9.135617
1568.625444	-9.236830
1569.446637	-9.355632
1570.268690	-9.491966
1571.091605	-9.645816
1571.915382	-9.817052
1572.740024	-10.005809
1573.565532	-10.212227
1574.391907	-10.436707
1575.219150	-10.679888
1576.047262	-10.942507
1576.876246	-11.225719
1577.706103	-11.530730
1578.536833	-11.859104
1579.368439	-12.212628
1580.200922	-12.593214
1581.034282	-13.003283
1581.868522	-13.445296
1582.703643	-13.922297
1583.539646	-14.437723
1584.376532	-14.995495
1585.214304	-15.600565
1586.052962	-16.258585
1586.892508	-16.976854
1587.732943	-17.764385
1588.574269	-18.632750
1589.416487	-19.597368
1590.259599	-20.678648
1591.103605	-21.905359
1591.948508	-23.318335
1592.794309	-24.979060
1593.641009	-26.983824
1594.488609	-29.487994
1595.337112	-32.725092
1596.186518	-36.649262
1597.036829	-38.039666
1597.888047	-34.698188
1598.740172	-31.288345
1599.593207	-28.697176
1600.447153	-26.701551
1601.302010	-25.109062
1602.157782	-23.800925
1603.014469	-22.702120
1603.872072	-21.763111
1604.730593	-20.950012
1605.590034	-20.238038
1606.450397	-19.609004
1607.311681	-19.048695
1608.173890	-18.545965
1609.037024	-18.091830
1609.901085	-17.678761
1610.766075	-17.300678
1611.631995	-16.952233
1612.498846	-16.629076
1613.366630	-16.327414
1614.235349	-16.044024
1615.105004	-15.776327
1615.975596	-15.522013
1616.847128	-15.279384
1617.719600	-15.046987
1618.593014	-14.823764
1619.467372	-14.608990
1620.342675	-14.402102
1621.218924	-14.202877
1622.096122	-14.011135
1622.974270	-13.826910
1623.853369	-13.650251
1624.733420	-13.481295
1625.614427	-13.320138
1626.496389	-13.166876
1627.379308	-13.021588
1628.263187	-12.884214
1629.148026	-12.754736
1630.033828	-12.632951
1630.920593	-12.518686
1631.808324	-12.411642
1632.697022	-12.311463
1633.586688	-12.217806
1634.477324	-12.130206
1635.368932	-12.048276
1636.261514	-11.971532
1637.155070	-11.899567
1638.049602	-11.831946
1638.945113	-11.768247
1639.841603	-11.708129
1640.739075	-11.651189
1641.637529	-11.597153
1642.536968	-11.545685
1643.437393	-11.496545
1644.338806	-11.449483
1645.241209	-11.404267
1646.144602	-11.360740
1647.048988	-11.318689
1647.954368	-11.278025
1648.860744	-11.238592
1649.768118	-11.200332
1650.676491	-11.163173
1651.585865	-11.127096
1652.496241	-11.092109
1653.407621	-11.058199
1654.320008	-11.025458
1655.233401	-10.993892
1656.147804	-10.963586
1657.063218	-10.934588
1657.979645	-10.906937
1658.897085	-10.880698
1659.815542	-10.855858
1660.735016	-10.832457
1661.655509	-10.810454
1662.577023	-10.789820
1663.499560	-10.770512
1664.423121	-10.752446
1665.347709	-10.735563
1666.273324	-10.719755
1667.199969	-10.704944
1668.127645	-10.691019
1669.056353	-10.677902
1669.986097	-10.665479
1670.916877	-10.653672
1671.848695	-10.642399
1672.781553	-10.631568
1673.715452	-10.621143
1674.650395	-10.611035
1675.586383	-10.601230
1676.523418	-10.591687
1677.461501	-10.582382
1678.400635	-10.573319
1679.340821	-10.564482
1680.282061	-10.555896
1681.224357	-10.547551
1682.167710	-10.539485
1683.112122	-10.531694
1684.057595	-10.524200
1685.004132	-10.517028
1685.951732	-10.510169
1686.900400	-10.503657
1687.850135	-10.497469
1688.800940	-10.491634
1689.752818	-10.486131
1690.705768	-10.480966
1691.659795	-10.476140
1692.614898	-10.471635
1693.571081	-10.467460
1694.528345	-10.463588
1695.486691	-10.460035
1696.446122	-10.456784
1697.406640	-10.453837
1698.368245	-10.451199
1699.330941	-10.448861
1700.294729	-10.446839
1701.259611	-10.445127
1702.225588	-10.443738
1703.192664	-10.442670
1704.160838	-10.441928
1705.130114	-10.441515
1706.100493	-10.441421
1707.071977	-10.441651
1708.044568	-10.442186
1709.018268	-10.443021
1709.993079	-10.444134
1710.969003	-10.445503
1711.946041	-10.447106
1712.924196	-10.448918
1713.903469	-10.450907
1714.883862	-10.453040
1715.865378	-10.455293
1716.848017	-10.457630
1717.831783	-10.460026
1718.816677	-10.462451
1719.802701	-10.464887
1720.789857	-10.467301
1721.778147	-10.469684
1722.767573	-10.472017
1723.758136	-10.474286
1724.749840	-10.476488
1725.742685	-10.478614
1726.736673	-10.480669
1727.731808	-10.482654
1728.728090	-10.484579
1729.725521	-10.486456
1730.724105	-10.488297
1731.723842	-10.490120
1732.724735	-10.491941
1733.726785	-10.493782
1734.729995	-10.495655
1735.734366	-10.497591
1736.739902	-10.499597
1737.746603	-10.501701
1738.754472	-10.503917
1739.763510	-10.506264
1740.773721	-10.508759
1741.785105	-10.511413
1742.797665	-10.514243
1743.811403	-10.517253
1744.826321	-10.520457
1745.842422	-10.523847
1746.859706	-10.527429
1747.878177	-10.531201
1748.897835	-10.535148
1749.918685	-10.539268
1750.940726	-10.543545
1751.963963	-10.547971
1752.988395	-10.552528
1754.014027	-10.557211
1755.040860	-10.562009
1756.068895	-10.566915
1757.098135	-10.571927
1758.128583	-10.577045
1759.160240	-10.582272
1760.193109	-10.587604
1761.227191	-10.593057
1762.262488	-10.598628
1763.299004	-10.604324
1764.336740	-10.610145
1765.375697	-10.616096
1766.415880	-10.622168
1767.457288	-10.628359
1768.499926	-10.634662
1769.543794	-10.641072
1770.588895	-10.647577
1771.635231	-10.654170
1772.682805	-10.660851
1773.731619	-10.667612
1774.781674	-10.674455
1775.832973	-10.681380
1776.885519	-10.688389
1777.939312	-10.695486
1778.994357	-10.702681
1780.050654	-10.709977
1781.108207	-10.717382
1782.167017	-10.724908
1783.227087	-10.732569
1784.288418	-10.740376
1785.351013	-10.748349
1786.414875	-10.756503
1787.480006	-10.764858
1788.546407	-10.773428
1789.614082	-10.782226
1790.683032	-10.791255
1791.753259	-10.800517
1792.824767	-10.810001
1793.897557	-10.819694
1794.971632	-10.829575
1796.046994	-10.839625
1797.123645	-10.849820
1798.201588	-10.860140
1799.280824	-10.870569
1800.361357	-10.881091
1801.443188	-10.891696
1802.526320	-10.902372
1803.610756	-10.913116
1804.696497	-10.923912
1805.783546	-10.934748
1806.871906	-10.945608
1807.961578	-10.956471
1809.052565	-10.967321
1810.144870	-10.978136
1811.238494	-10.988911
1812.333441	-10.999632
1813.429713	-11.010306
1814.527311	-11.020942
1815.626239	-11.031553
1816.726499	-11.042157
1817.828094	-11.052772
1818.931025	-11.063419
1820.035295	-11.074108
1821.140906	-11.084853
1822.247862	-11.095663
1823.356165	-11.106547
1824.465816	-11.117516
1825.576819	-11.128581
1826.689175	-11.139757
1827.802888	-11.151057
1828.917960	-11.162501
1830.034394	-11.174102
1831.152191	-11.185868
1832.271354	-11.197809
1833.391887	-11.209923
1834.513790	-11.222211
1835.637068	-11.234669
1836.761722	-11.247290
1837.887755	-11.260070
1839.015169	-11.273009
1840.143968	-11.286100
1841.274153	-11.299345
1842.405727	-11.312739
1843.538693	-11.326284
1844.673053	-11.339977
1845.808810	-11.353826
1846.945966	-11.367835
1848.084525	-11.382020
1849.224488	-11.396400
1850.365858	-11.411002
1851.508638	-11.425854
1852.652831	-11.440988
1853.798438	-11.456432
1854.945463	-11.472206
1856.093909	-11.488327
1857.243777	-11.504798
1858.395071	-11.521622
1859.547794	-11.538795
1860.701947	-11.556314
1861.857533	-11.574173
1863.014556	-11.592373
1864.173018	-11.610913
1865.332922	-11.629789
1866.494270	-11.648990
1867.657065	-11.668499
1868.821309	-11.688288
1869.987006	-11.708317
1871.154158	-11.728546
1872.322768	-11.748930
1873.492839	-11.769427
1874.664373	-11.790005
1875.837373	-11.810638
1877.011841	-11.831310
1878.187782	-11.852011
1879.365197	-11.872740
1880.544089	-11.893492
1881.724460	-11.914268
1882.906315	-11.935067
1884.089655	-11.955894
1885.274483	-11.976756
1886.460803	-11.997667
1887.648616	-12.018650
1888.837927	-12.039728
1890.028736	-12.060929
1891.221049	-12.082281
1892.414866	-12.103804
1893.610192	-12.125508
1894.807028	-12.147395
1896.005379	-12.169451
1897.205246	-12.191653
1898.406633	-12.213977
1899.609542	-12.236400
1900.813977	-12.258906
1902.019940	-12.281491
1903.227434	-12.304170
1904.436462	-12.326963
1905.647028	-12.349903
1906.859133	-12.373024
1908.072781	-12.396357
1909.287976	-12.419914
1910.504719	-12.443703
1911.723013	-12.467716
1912.942863	-12.491940
1914.164270	-12.516363
1915.387238	-12.540984
1916.611770	-12.565800
1917.837868	-12.590827
1919.065536	-12.616080
1920.294777	-12.641584
1921.525594	-12.667356
1922.757989	-12.693412
1923.991967	-12.719766
1925.227529	-12.746426
1926.464679	-12.773403
1927.703420	-12.800708
1928.943755	-12.828350
1930.185688	-12.856343
1931.429221	-12.884695
1932.674356	-12.913416
1933.921099	-12.942513
1935.169451	-12.971996
1936.419415	-13.001873
1937.670996	-13.032153
1938.924195	-13.062846
1940.179017	-13.093958
1941.435463	-13.125487
1942.693538	-13.157429
1943.953245	-13.189769
1945.214586	-13.222493
1946.477566	-13.255582
1947.742186	-13.289027
1949.008451	-13.322830
1950.276363	-13.357000
1951.545926	-13.391562
1952.817143	-13.426542
1954.090017	-13.461962
1955.364551	-13.497834
1956.640749	-13.534142
1957.918615	-13.570850
1959.198150	-13.607901
1960.479359	-13.645226
1961.762244	-13.682759
1963.046810	-13.720444
1964.333059	-13.758241
1965.620995	-13.796126
1966.910621	-13.834079
1968.201940	-13.872083
1969.494956	-13.910114
1970.789672	-13.948153
1972.086091	-13.986189
1973.384217	-14.024228
1974.684053	-14.062302
1975.985602	-14.100464
1977.288869	-14.138781
1978.593855	-14.177315
1979.900566	-14.216114
1981.209003	-14.255205
1982.519171	-14.294594
1983.831073	-14.334258
1985.144712	-14.374174
1986.460093	-14.414318
1987.777217	-14.454675
1989.096089	-14.495236
1990.416713	-14.535996
1991.739092	-14.576941
1993.063228	-14.618044
1994.389127	-14.659259
1995.716791	-14.700550
1997.046223	-14.741890
1998.377428	-14.783295
1999.710409	-14.824824
2001.045169	-14.866574
2002.381713	-14.908653
2003.720043	-14.951162
2005.060163	-14.994171
2006.402077	-15.037708
2007.745788	-15.081774
2009.091301	-15.126355
2010.438618	-15.171441
2011.787743	-15.217033
2013.138680	-15.263132
2014.491433	-15.309747
2015.846005	-15.356875
2017.202399	-15.404504
2018.560621	-15.452630
2019.920673	-15.501273
2021.282558	-15.550478
2022.646281	-15.600307
2024.011846	-15.650811
2025.379256	-15.702015
2026.748515	-15.753887
2028.119626	-15.806361
2029.492594	-15.859353
2030.867422	-15.912805
2032.244114	-15.966718
2033.622673	-16.021152
2035.003104	-16.076218
2036.385411	-16.132018
2037.769597	-16.188613
2039.155665	-16.245982
2040.543621	-16.304034
2041.933467	-16.362630
2043.325208	-16.421637
2044.718847	-16.480959
2046.114389	-16.540574
2047.511837	-16.600505
2048.911195	-16.660795
2050.312467	-16.721469
2051.715657	-16.782505
2053.120769	-16.843852
2054.527807	-16.905454
2055.936775	-16.967282
2057.347677	-17.029345
2058.760516	-17.091679
2060.175297	-17.154316
2061.592025	-17.217253
2063.010701	-17.280454
2064.431332	-17.343851
2065.853921	-17.407386
2067.278472	-17.471025
2068.704988	-17.534775
2070.133475	-17.598638
2071.563936	-17.662613
2072.996375	-17.726649
2074.430796	-17.790680
2075.867204	-17.854647
2077.305603	-17.918554
2078.745996	-17.982480
2080.188389	-18.046584
2081.632784	-18.111040
2083.079187	-18.175991
2084.527601	-18.241485
2085.978030	-18.307487
2087.430480	-18.373899
2088.884954	-18.440635
2090.341455	-18.507656
2091.799990	-18.574982
2093.260561	-18.642706
2094.723173	-18.710956
2096.187831	-18.779873
2097.654538	-18.849590
2099.123300	-18.920252
2100.594119	-18.991991
2102.067001	-19.064911
2103.541950	-19.139056
2105.018971	-19.214397
2106.498067	-19.290831
2107.979243	-19.368205
2109.462503	-19.446367
2110.947853	-19.525228
2112.435295	-19.604784
2113.924836	-19.685122
2115.416478	-19.766366
2116.910227	-19.848607
2118.406087	-19.931830
2119.904063	-20.015907
2121.404158	-20.100629
2122.906378	-20.185794
2124.410727	-20.271297
2125.917210	-20.357179
2127.425831	-20.443585
2128.936594	-20.530696
2130.449505	-20.618607
2131.964567	-20.707233
2133.481786	-20.796319
2135.001166	-20.885538
2136.522711	-20.974639
2138.046427	-21.063565
2139.572317	-21.152472
2141.100388	-21.241626
2142.630642	-21.331213
2144.163085	-21.421192
2145.697722	-21.511261
2147.234558	-21.600978
2148.773596	-21.689957
2150.314842	-21.778059
2151.858301	-21.865469
2153.403977	-21.952558
2154.951875	-22.039605
2156.502000	-22.126565
2158.054357	-22.212957
2159.608950	-22.298033
2161.165785	-22.381235
2162.724866	-22.462519
2164.286198	-22.542478
2165.849786	-22.622121
2167.415635	-22.702345
2168.983749	-22.783482
2170.554134	-22.865141
2172.126795	-22.946495
2173.701737	-23.026803
2175.278964	-23.105894
2176.858481	-23.184180
2178.440294	-23.262404
2180.024408	-23.341203
2181.610827	-23.420650
2183.199557	-23.500396
2184.790602	-23.580050
2186.383968	-23.659481
2187.979660	-23.739052
2189.577683	-23.819497
2191.178041	-23.901479
2192.780741	-23.985341
2194.385787	-24.070966
2195.993185	-24.158000
2197.602939	-24.246279
2199.215054	-24.335915
2200.829537	-24.427140
2202.446392	-24.520234
2204.065624	-24.615361
2205.687239	-24.712496
2207.311242	-24.811622
2208.937638	-24.912803
2210.566433	-25.015968
2212.197631	-25.120923
2213.831239	-25.227430
2215.467261	-25.335182
2217.105703	-25.444072
2218.746570	-25.554461
2220.389867	-25.666849
2222.035601	-25.781397
2223.683776	-25.897887
2225.334398	-26.015775
2226.987472	-26.134322
2228.643004	-26.252984
2230.300999	-26.371637
2231.961463	-26.490497
2233.624402	-26.609928
2235.289820	-26.730018
2236.957723	-26.850311
2238.628118	-26.970016
2240.301009	-27.088065
2241.976402	-27.203538
2243.654303	-27.316379
2245.334717	-27.427062
2247.017650	-27.535996
2248.703108	-27.643461
2250.391096	-27.749123
2252.081620	-27.852161
2253.774686	-27.952360
2255.470300	-28.050249
2257.168467	-28.146767
2258.869193	-28.243035
2260.572484	-28.339290
2262.278345	-28.434510
2263.986783	-28.527623
2265.697804	-28.618428
2267.411412	-28.707851
2269.127615	-28.797795
2270.846417	-28.889925
2272.567826	-28.984353
2274.291846	-29.079824
2276.018484	-29.175226
2277.747745	-29.271005
2279.479637	-29.369053
2281.214164	-29.471246
2282.951333	-29.578161
2284.691149	-29.688431
2286.433619	-29.799015
2288.178750	-29.907381
2289.926546	-30.013670
2291.677014	-30.120065
2293.430161	-30.229232
2295.185992	-30.343119
2296.944513	-30.461325
2298.705732	-30.581894
2300.469653	-30.703595
2302.236283	-30.826101
2304.005629	-30.950493
2305.777696	-31.078712
2307.552492	-31.211113
2309.330022	-31.346963
2311.110292	-31.485223
2312.893310	-31.624950
2314.679080	-31.767481
2316.467611	-31.914845
2318.258907	-32.067603
2320.052976	-32.225264
2321.849824	-32.384967
2323.649457	-32.543738
2325.451883	-32.701941
2327.257106	-32.861874
2329.065135	-33.027149
2330.875975	-33.200550
2332.689633	-33.380832
2334.506116	-33.564582
2336.325430	-33.748298
2338.147581	-33.929222
2339.972578	-34.106639
2341.800425	-34.281401
2343.631130	-34.453360
2345.464700	-34.621401
2347.301141	-34.786273
2349.140461	-34.948413
2350.982665	-35.105619
2352.827760	-35.255515
2354.675754	-35.395381
2356.526653	-35.522665
2358.380464	-35.638981
2360.237195	-35.747795
2362.096851	-35.849150
2363.959440	-35.942591
2365.824968	-36.028451
2367.693444	-36.108826
2369.564873	-36.190167
2371.439263	-36.274941
2373.316620	-36.361503
2375.196953	-36.445637
2377.080267	-36.521026
2378.966570	-36.589082
2380.855869	-36.652170
2382.748171	-36.712422
2384.643484	-36.773740
2386.541815	-36.835997
2388.443170	-36.897796
2390.347557	-36.955861
2392.254984	-37.010577
2394.165457	-37.063144
2396.078984	-37.116333
2397.995572	-37.176765
2399.915229	-37.246373
2401.837961	-37.325441
2403.763777	-37.413076
2405.692684	-37.512726
2407.624689	-37.625792
2409.559800	-37.752548
2411.498023	-37.894444
2413.439368	-38.045655
2415.383840	-38.202997
2417.331449	-38.366128
2419.282201	-38.539889
2421.236104	-38.725827
2423.193165	-38.920347
2425.153393	-39.118054
2427.116795	-39.318253
2429.083378	-39.529274
2431.053151	-39.760554
2433.026121	-40.022976
2435.002297	-40.305329
2436.981685	-40.592115
2438.964293	-40.881966
2440.950131	-41.177015
2442.939204	-41.488753
2444.931522	-41.818968
2446.927092	-42.146233
2448.925923	-42.448358
2450.928022	-42.723722
2452.933397	-42.988000
2454.942056	-43.261880
2456.954008	-43.536695
2458.969260	-43.778081
2460.987821	-43.963072
2463.009699	-44.096874
2465.034902	-44.223110
2467.063437	-44.364567
2469.095315	-44.506833
2471.130542	-44.613840
2473.169127	-44.676304
2475.211078	-44.714242
2477.256404	-44.764077
2479.305112	-44.828381
2481.357212	-44.889179
2483.412713	-44.915839
2485.471621	-44.924748
2487.533946	-44.926008
2489.599696	-44.952678
2491.668880	-45.005149
2493.741507	-45.072027
2495.817585	-45.130292
2497.897122	-45.176518
2499.980127	-45.217161
2502.066609	-45.277908
2504.156578	-45.346493
2506.250040	-45.406938
2508.347006	-45.434158
2510.447483	-45.462180
2512.551482	-45.514605
2514.659010	-45.605481
2516.770076	-45.697435
2518.884690	-45.764435
2521.002861	-45.814893
2523.124597	-45.892778
2525.249907	-46.006097
2527.378801	-46.131667
2529.511287	-46.245064
2531.647375	-46.346574
2533.787074	-46.481544
2535.930393	-46.648920
2538.077340	-46.843997
2540.227927	-47.031076
2542.382160	-47.222364
2544.540051	-47.422300
2546.701608	-47.659153
2548.866840	-47.915136
2551.035757	-48.190505
2553.208369	-48.489245
2555.384684	-48.836150
2557.564713	-49.256069
2559.748465	-49.692916
2561.935948	-50.077103
2564.127174	-50.387601
2566.322152	-50.709653
2568.520890	-51.146399
2570.723399	-51.640904
2572.929689	-52.068810
2575.139769	-52.337531
2577.353649	-52.573865
2579.571340	-52.903328
2581.792849	-53.303702
2584.018189	-53.638822
2586.247368	-53.853005
2588.480396	-54.076907
2590.717284	-54.428770
2592.958041	-54.847363
2595.202678	-55.191400
2597.451204	-55.417541
2599.703630	-55.669144
2601.959966	-56.039386
2604.220222	-56.395155
2606.484408	-56.578107
2608.752535	-56.582007
2611.024612	-56.626458
2613.300651	-56.797482
2615.580661	-56.955234
2617.864653	-56.905409
2620.152638	-56.563497
2622.444625	-56.243372
2624.740626	-56.088337
2627.040651	-56.061392
2629.344710	-55.899101
2631.652814	-55.541712
2633.964974	-55.174001
2636.281200	-55.020121
2638.601504	-54.914647
2640.925896	-54.711339
2643.254386	-54.422478
2645.586987	-54.230815
2647.923707	-54.174498
2650.264559	-54.096134
2652.609554	-53.899986
2654.958702	-53.687282
2657.312015	-53.644018
2659.669503	-53.756286
2662.031178	-53.925109
2664.397051	-54.096738
2666.767132	-54.244638
2669.141434	-54.417355
2671.519968	-54.724137
2673.902745	-55.243458
2676.289776	-55.908530
2678.681072	-56.505257
2681.076646	-56.954178
2683.476508	-57.428142
2685.880671	-58.170295
2688.289145	-59.081526
2690.701942	-59.769272
2693.119075	-60.167028
2695.540554	-60.704091
2697.966391	-61.509584
2700.396599	-62.214592
2702.831189	-62.611514
2705.270172	-62.871114
2707.713561	-63.173448
2710.161368	-63.468012
2712.613605	-63.639720
2715.070283	-63.837058
2717.531416	-64.216162
2719.997014	-64.672825
2722.467090	-64.866449
2724.941657	-65.042664
2727.420726	-65.582686
2729.904310	-66.641910
2732.392421	-67.931776
2734.885072	-68.608436
2737.382275	-68.688950
2739.884042	-69.184873
2742.390387	-70.779424
2744.901321	-72.216339
2747.416857	-71.564871
2749.937008	-70.830279
2752.461787	-71.363691
2754.991206	-72.251895
2757.525279	-70.982794
2760.064017	-69.123443
2762.607434	-68.393541
2765.155544	-67.996556
2767.708358	-67.030693
2770.265890	-65.843205
2772.828153	-65.065798
2775.395160	-64.778165
2777.966924	-64.545446
2780.543459	-64.087535
2783.124778	-63.494295
2785.710894	-63.058057
2788.301821	-62.983911
2790.897572	-63.107880
2793.498160	-63.184057
2796.103599	-63.167727
2798.713903	-63.230179
2801.329085	-63.450511
2803.949159	-63.621318
2806.574139	-63.828666
2809.204038	-64.426272
2811.838871	-65.107873
2814.478650	-65.095436
2817.123391	-64.844649
2819.773107	-65.432088
2822.427812	-67.145972
2825.087521	-68.653668
2827.752247	-68.440396
2830.422005	-68.281617
2833.096808	-69.517273
2835.776672	-71.176952
2838.461611	-70.769586
2841.151638	-69.702111
2843.846769	-70.102147
2846.547019	-71.616245
2849.252401	-72.159381
2851.962930	-71.674458
2854.678621	-72.295511
2857.399489	-74.100272
2860.125549	-75.111864
2862.856815	-75.273290
2865.593302	-76.059485
2868.335026	-76.520258
2871.082002	-76.554564
2873.834244	-77.106110
2876.591767	-76.042802
2879.354588	-73.759615
2882.122721	-73.069202
2884.896181	-74.783409
2887.674984	-77.714737
2890.459146	-76.509674
2893.248681	-74.330572
2896.043606	-74.292907
2898.843937	-76.340085
2901.649687	-80.346785
2904.460875	-84.295783
2907.277515	-81.143150
2910.099623	-77.381470
2912.927215	-75.526124
2915.760308	-74.676237
2918.598916	-73.307224
2921.443057	-71.933435
2924.292747	-71.976035
2927.148002	-73.030825
2930.008837	-72.388120
2932.875270	-70.643475
2935.747318	-70.071990
2938.624995	-70.829192
2941.508320	-72.328254
2944.397308	-73.655441
2947.291977	-73.525262
2950.192343	-72.461693
2953.098423	-72.432675
2956.010234	-74.486926
2958.927792	-78.438736
2961.851116	-78.356921
2964.780221	-76.909443
2967.715126	-78.955710
2970.655847	-83.419228
2973.602402	-81.433542
2976.554808	-79.706067
2979.513083	-81.815877
2982.477243	-83.875915
2985.447308	-80.472790
2988.423293	-80.109547
2991.405218	-83.408114
2994.393099	-83.145671
2997.386955	-80.495605
