# 2022-03-22_00.39.33
# shape = sech2
# FWHM_ps = 0.1
# carrier_nm = 1542
# frep_MHz = 12126
# pow_mW = 8000
# GDD = 0.0
# propa_len = 0.13933333333333334
# untap_len = 0.01
# taper_len = 0.07933333333333334
# waist_len = 0.02
# uptap_len = 0.02
# untap_scale = 1.0
# waist_scale = 0.33684210526315794
# workingDir = NL_20110305_12 (Spirou)
# axis = slow
# window_ps = 10.0
# steps = 200
# points = 21700
# 
# wavelength [nm]	 power spectral density [dB]
600.043425	-116.624184
600.163550	-116.254667
600.283723	-115.904391
600.403943	-115.572145
600.524212	-115.258812
600.644529	-114.965326
600.764895	-114.692411
600.885308	-114.440464
601.005770	-114.209539
601.126280	-113.999424
601.246839	-113.809841
601.367446	-113.640796
601.488101	-113.492868
601.608804	-113.367524
601.729557	-113.267262
601.850357	-113.195559
601.971206	-113.156729
602.092104	-113.155603
602.213050	-113.197175
602.334045	-113.286283
602.455089	-113.427320
602.576181	-113.624095
602.697322	-113.879834
602.818511	-114.197327
602.939749	-114.579206
603.061036	-115.028218
603.182372	-115.547473
603.303757	-116.140661
603.425191	-116.812201
603.546673	-117.567126
603.668204	-118.410476
603.789785	-119.345911
603.911414	-120.372782
604.033092	-121.480147
604.154820	-122.635161
604.276596	-123.763896
604.398422	-124.731325
604.520297	-125.353029
604.642220	-125.483265
604.764193	-125.130182
604.886216	-124.448481
605.008287	-123.621109
605.130408	-122.778790
605.252578	-121.993525
605.374798	-121.299213
605.497066	-120.709684
605.619385	-120.229155
605.741752	-119.857162
605.864169	-119.590914
605.986636	-119.426143
606.109152	-119.357431
606.231718	-119.378381
606.354333	-119.481802
606.476998	-119.660013
606.599712	-119.905196
606.722476	-120.209512
606.845290	-120.565308
606.968154	-120.964946
607.091067	-121.400233
607.214030	-121.861643
607.337043	-122.337312
607.460106	-122.812126
607.583219	-123.267462
607.706381	-123.681733
607.829594	-124.032116
607.952856	-124.297636
608.076169	-124.462626
608.199531	-124.519497
608.322944	-124.470238
608.446407	-124.326045
608.569920	-124.104872
608.693483	-123.827879
608.817096	-123.515574
608.940759	-123.184537
609.064473	-122.844985
609.188237	-122.499870
609.312051	-122.145858
609.435916	-121.776001
609.559831	-121.383765
609.683796	-120.967134
609.807812	-120.531283
609.931878	-120.088754
610.055995	-119.657072
610.180162	-119.255377
610.304380	-118.900897
610.428648	-118.606702
610.552967	-118.380710
610.677337	-118.225460
610.801757	-118.138722
610.926228	-118.114550
611.050750	-118.144557
611.175323	-118.219637
611.299946	-118.331559
611.424620	-118.474071
611.549345	-118.643368
611.674121	-118.837462
611.798948	-119.054796
611.923826	-119.292539
612.048755	-119.545072
612.173734	-119.803364
612.298765	-120.056057
612.423847	-120.291493
612.548980	-120.499995
612.674165	-120.675397
612.799400	-120.814389
612.924687	-120.913347
613.050025	-120.965092
613.175414	-120.957683
613.300854	-120.877065
613.426346	-120.713135
613.551889	-120.466678
613.677484	-120.152031
613.803130	-119.793481
613.928827	-119.417775
614.054576	-119.046492
614.180377	-118.691594
614.306229	-118.354756
614.432132	-118.029871
614.558087	-117.707595
614.684094	-117.380633
614.810153	-117.048011
614.936263	-116.716535
615.062425	-116.399202
615.188639	-116.111778
615.314904	-115.868832
615.441222	-115.680498
615.567591	-115.551008
615.694012	-115.478348
615.820486	-115.455004
615.947011	-115.469583
616.073588	-115.509172
616.200217	-115.561879
616.326898	-115.618929
616.453632	-115.675674
616.580417	-115.731119
616.707255	-115.786021
616.834144	-115.840787
616.961086	-115.894123
617.088081	-115.942747
617.215127	-115.982721
617.342226	-116.011607
617.469378	-116.030608
617.596581	-116.045861
617.723837	-116.067884
617.851146	-116.109642
617.978507	-116.184093
618.105920	-116.302046
618.233386	-116.470821
618.360905	-116.693681
618.488476	-116.970537
618.616100	-117.299352
618.743777	-117.677937
618.871506	-118.106382
618.999288	-118.589282
619.127123	-119.137463
619.255011	-119.768790
619.382951	-120.508368
619.510945	-121.389047
619.638991	-122.452594
619.767090	-123.752930
619.895243	-125.364235
620.023448	-127.396633
620.151706	-130.025349
620.280017	-133.517590
620.408382	-137.818898
620.536799	-139.074086
620.665270	-135.653090
620.793794	-132.566946
620.922371	-130.396903
621.051002	-128.863239
621.179686	-127.765279
621.308423	-126.984345
621.437213	-126.451529
621.566057	-126.127918
621.694954	-125.991885
621.823905	-126.028997
621.952909	-126.221515
622.081967	-126.535493
622.211079	-126.902350
622.340244	-127.204985
622.469462	-127.291709
622.598735	-127.044938
622.728061	-126.465971
622.857441	-125.672061
622.986874	-124.809191
623.116361	-123.984475
623.245903	-123.253755
623.375498	-122.634567
623.505147	-122.122177
623.634850	-121.701005
623.764606	-121.352731
623.894417	-121.061929
624.024282	-120.819315
624.154201	-120.623008
624.284174	-120.477051
624.414202	-120.388071
624.544283	-120.361367
624.674419	-120.397524
624.804609	-120.489381
624.934853	-120.619715
625.065151	-120.760943
625.195504	-120.877580
625.325911	-120.932805
625.456373	-120.898403
625.586889	-120.764004
625.717460	-120.540649
625.848085	-120.255226
625.978764	-119.940081
626.109498	-119.623912
626.240287	-119.326701
626.371131	-119.059026
626.502029	-118.823714
626.632982	-118.618796
626.763989	-118.441523
626.895052	-118.291782
627.026169	-118.174305
627.157341	-118.099294
627.288568	-118.081232
627.419850	-118.136635
627.551187	-118.280830
627.682579	-118.524580
627.814026	-118.870203
627.945528	-119.307513
628.077085	-119.810032
628.208697	-120.332938
628.340364	-120.817669
628.472087	-121.207515
628.603865	-121.471057
628.735698	-121.617411
628.867586	-121.689058
628.999530	-121.737695
629.131529	-121.800946
629.263584	-121.891534
629.395694	-121.998931
629.527859	-122.100094
629.660080	-122.177008
629.792357	-122.233403
629.924689	-122.301532
630.057077	-122.436272
630.189520	-122.702887
630.322019	-123.166174
630.454574	-123.885016
630.587184	-124.906165
630.719851	-126.239979
630.852573	-127.767586
630.985351	-129.002607
631.118185	-129.045933
631.251075	-127.688018
631.384021	-125.748915
631.517023	-123.839452
631.650081	-122.135116
631.783195	-120.643239
631.916365	-119.335290
632.049592	-118.185167
632.182874	-117.176251
632.316213	-116.298850
632.449608	-115.546638
632.583059	-114.913600
632.716567	-114.392173
632.850131	-113.972665
632.983751	-113.643707
633.117428	-113.393854
633.251161	-113.213427
633.384951	-113.096198
633.518797	-113.040563
633.652700	-113.049512
633.786660	-113.129304
633.920676	-113.287015
634.054749	-113.527927
634.188879	-113.853185
634.323065	-114.258313
634.457308	-114.733111
634.591608	-115.264099
634.725965	-115.839980
634.860379	-116.459142
634.994850	-117.136998
635.129377	-117.909896
635.263962	-118.835004
635.398604	-119.987919
635.533303	-121.462575
635.668058	-123.372182
635.802872	-125.823684
635.937742	-128.683604
636.072669	-130.528053
636.207654	-129.320023
636.342696	-126.827836
636.477796	-124.641898
636.612953	-122.939494
636.748167	-121.613877
636.883439	-120.560369
637.018768	-119.710526
637.154155	-119.026819
637.289599	-118.490852
637.425101	-118.090923
637.560660	-117.812385
637.696277	-117.631845
637.831952	-117.515955
637.967685	-117.426865
638.103475	-117.333416
638.239324	-117.223972
638.375230	-117.112068
638.511194	-117.029689
638.647215	-117.013363
638.783295	-117.090283
638.919433	-117.269322
639.055629	-117.537210
639.191883	-117.860640
639.328195	-118.196018
639.464565	-118.505352
639.600994	-118.769632
639.737481	-118.988696
639.874025	-119.161906
640.010629	-119.259501
640.147290	-119.209551
640.284010	-118.926054
640.420789	-118.375618
640.557625	-117.619010
640.694521	-116.777458
640.831474	-115.967375
640.968487	-115.263963
641.105558	-114.698262
641.242687	-114.266824
641.379876	-113.941239
641.517123	-113.677121
641.654429	-113.424715
641.791793	-113.141650
641.929216	-112.804353
642.066699	-112.412433
642.204240	-111.983139
642.341840	-111.540686
642.479499	-111.107462
642.617217	-110.700402
642.754994	-110.331800
642.892830	-110.011878
643.030726	-109.750687
643.168680	-109.558770
643.306694	-109.446664
643.444767	-109.423352
643.582899	-109.494808
643.721091	-109.663089
643.859342	-109.925882
643.997652	-110.276713
644.136022	-110.705151
644.274451	-111.196721
644.412940	-111.732059
644.551488	-112.284456
644.690096	-112.816908
644.828763	-113.282212
644.967490	-113.631207
645.106277	-113.831851
645.245124	-113.890114
645.384030	-113.855631
645.522997	-113.806421
645.662023	-113.826182
645.801109	-113.989769
645.940255	-114.360430
646.079460	-114.994842
646.218726	-115.952438
646.358052	-117.309087
646.497438	-119.181102
646.636884	-121.778883
646.776391	-125.560631
646.915957	-131.819774
647.055584	-139.601898
647.195271	-131.287010
647.335019	-126.812795
647.474826	-124.309262
647.614695	-122.712204
647.754623	-121.562391
647.894612	-120.581658
648.034662	-119.581939
648.174772	-118.464339
648.314943	-117.223989
648.455174	-115.921372
648.595466	-114.635796
648.735819	-113.433831
648.876233	-112.360602
649.016707	-111.443073
649.157242	-110.695753
649.297838	-110.125370
649.438495	-109.733976
649.579213	-109.520718
649.719992	-109.482853
649.860832	-109.616598
650.001733	-109.917774
650.142695	-110.382763
650.283718	-111.009911
650.424803	-111.801505
650.565949	-112.766673
650.707156	-113.924717
650.848424	-115.309210
650.989754	-116.973633
651.131145	-119.000383
651.272597	-121.519289
651.414111	-124.749561
651.555687	-129.084681
651.697324	-134.762807
651.839022	-135.746063
651.980782	-131.185420
652.122604	-127.516283
652.264488	-124.527558
652.406433	-121.880466
652.548441	-119.499818
652.690510	-117.391535
652.832640	-115.560541
652.974833	-113.995062
653.117088	-112.671854
653.259405	-111.562889
653.401784	-110.639614
653.544224	-109.875773
653.686727	-109.249368
653.829293	-108.743678
653.971920	-108.347234
654.114609	-108.052963
654.257361	-107.856552
654.400175	-107.754164
654.543052	-107.740568
654.685991	-107.807835
654.828992	-107.945390
654.972056	-108.141575
655.115183	-108.386469
655.258372	-108.675460
655.401623	-109.011747
655.544937	-109.406382
655.688314	-109.875889
655.831754	-110.438191
655.975256	-111.107981
656.118822	-111.892013
656.262450	-112.784355
656.406141	-113.759262
656.549894	-114.758687
656.693711	-115.674976
656.837591	-116.341781
656.981534	-116.577655
657.125540	-116.303755
657.269610	-115.620081
657.413742	-114.727837
657.557938	-113.806401
657.702196	-112.965349
657.846519	-112.253714
657.990904	-111.680645
658.135353	-111.230210
658.279866	-110.871046
658.424441	-110.564933
658.569081	-110.276241
658.713784	-109.981142
658.858550	-109.673056
659.003381	-109.362361
659.148274	-109.070548
659.293232	-108.823534
659.438253	-108.647765
659.583339	-108.568700
659.728488	-108.611589
659.873701	-108.802666
660.018978	-109.169082
660.164318	-109.735930
660.309723	-110.516401
660.455192	-111.484028
660.600725	-112.505126
660.746323	-113.234059
660.891984	-113.178016
661.037710	-112.196717
661.183500	-110.698231
661.329354	-109.126098
661.475272	-107.697614
661.621255	-106.479342
661.767303	-105.477290
661.913415	-104.678216
662.059591	-104.064039
662.205833	-103.615920
662.352138	-103.314972
662.498509	-103.142182
662.644944	-103.078803
662.791443	-103.107667
662.938008	-103.215122
663.084638	-103.392851
663.231332	-103.638546
663.378091	-103.954929
663.524915	-104.346717
663.671804	-104.816189
663.818759	-105.358459
663.965778	-105.957296
664.112863	-106.582491
664.260012	-107.191548
664.407227	-107.738124
664.554507	-108.186363
664.701853	-108.525823
664.849264	-108.777182
664.996740	-108.984447
665.144282	-109.200809
665.291889	-109.476279
665.439561	-109.851543
665.587300	-110.357102
665.735103	-111.014611
665.882973	-111.839307
666.030908	-112.842218
666.178909	-114.030922
666.326976	-115.404169
666.475109	-116.924391
666.623307	-118.439779
666.771571	-119.557246
666.919902	-119.737187
667.068298	-118.912756
667.216761	-117.606689
667.365289	-116.287491
667.513884	-115.152752
667.662545	-114.244796
667.811272	-113.544624
667.960065	-113.010511
668.108925	-112.591606
668.257851	-112.233939
668.406843	-111.884858
668.555902	-111.498536
668.705027	-111.042404
668.854219	-110.501743
669.003478	-109.881538
669.152803	-109.204166
669.302195	-108.503506
669.451653	-107.817956
669.601179	-107.184576
669.750771	-106.635364
669.900430	-106.195263
670.050156	-105.881351
670.199949	-105.702802
670.349808	-105.660916
670.499735	-105.748444
670.649729	-105.948616
670.799790	-106.233640
670.949918	-106.563067
671.100114	-106.883997
671.250377	-107.136601
671.400707	-107.268272
671.551104	-107.253698
671.701569	-107.108931
671.852101	-106.888759
672.002700	-106.668638
672.153368	-106.525347
672.304102	-106.526299
672.454905	-106.727514
672.605775	-107.175931
672.756713	-107.910565
672.907718	-108.955145
673.058791	-110.278960
673.209933	-111.666164
673.361142	-112.483794
673.512419	-111.972985
673.663764	-110.360588
673.815177	-108.464562
673.966658	-106.729128
674.118207	-105.270321
674.269825	-104.089870
674.421510	-103.161662
674.573264	-102.455626
674.725086	-101.942667
674.876977	-101.595007
675.028936	-101.386053
675.180963	-101.290901
675.333059	-101.287524
675.485224	-101.357997
675.637457	-101.489005
675.789758	-101.671327
675.942129	-101.898072
676.094568	-102.162472
676.247075	-102.456159
676.399652	-102.768228
676.552298	-103.085499
676.705012	-103.394222
676.857795	-103.683041
677.010648	-103.946707
677.163569	-104.189316
677.316560	-104.425825
677.469619	-104.680132
677.622748	-104.980061
677.775946	-105.350984
677.929214	-105.809253
678.082551	-106.356472
678.235957	-106.974706
678.389432	-107.622957
678.542977	-108.237862
678.696592	-108.742967
678.850276	-109.070260
679.004030	-109.186945
679.157853	-109.108369
679.311746	-108.886521
679.465709	-108.583367
679.619742	-108.247592
679.773844	-107.903388
679.928017	-107.550343
680.082259	-107.171988
680.236571	-106.748835
680.390954	-106.272114
680.545406	-105.750645
680.699929	-105.207135
680.854522	-104.669532
681.009185	-104.163394
681.163918	-103.709310
681.318722	-103.324533
681.473596	-103.026026
681.628540	-102.832362
681.783555	-102.763491
681.938641	-102.839396
682.093797	-103.078393
682.249023	-103.495409
682.404321	-104.100479
682.559689	-104.897092
682.715128	-105.878728
682.870637	-107.020432
683.026218	-108.260778
683.181869	-109.470394
683.337591	-110.429176
683.493385	-110.890737
683.649249	-110.769213
683.805185	-110.226851
683.961191	-109.515657
684.117269	-108.819288
684.273418	-108.230305
684.429639	-107.783032
684.585930	-107.482497
684.742294	-107.318990
684.898728	-107.271253
685.055234	-107.303046
685.211812	-107.357800
685.368461	-107.359264
685.525182	-107.228706
685.681975	-106.918750
685.838839	-106.439306
685.995775	-105.849888
686.152783	-105.226493
686.309863	-104.633131
686.467014	-104.112563
686.624238	-103.690313
686.781534	-103.382040
686.938902	-103.199388
687.096342	-103.152722
687.253854	-103.250499
687.411438	-103.495127
687.569095	-103.874452
687.726824	-104.347028
687.884626	-104.821115
688.042499	-105.143288
688.200446	-105.139639
688.358465	-104.729963
688.516556	-104.004546
688.674720	-103.152592
688.832957	-102.345227
688.991266	-101.689918
689.149649	-101.239648
689.308104	-101.011935
689.466632	-101.001517
689.625233	-101.186293
689.783906	-101.530949
689.942653	-101.992959
690.101473	-102.533865
690.260367	-103.134280
690.419333	-103.802822
690.578372	-104.567949
690.737485	-105.447309
690.896672	-106.391192
691.055931	-107.207349
691.215264	-107.556999
691.374671	-107.204863
691.534151	-106.303473
691.693704	-105.206070
691.853332	-104.160183
692.013033	-103.262932
692.172807	-102.527622
692.332656	-101.936585
692.492578	-101.468138
692.652575	-101.108273
692.812645	-100.853594
692.972789	-100.709349
693.133007	-100.685704
693.293300	-100.794339
693.453666	-101.046560
693.614107	-101.453059
693.774622	-102.025107
693.935211	-102.777293
694.095875	-103.733041
694.256613	-104.934457
694.417426	-106.460405
694.578313	-108.463334
694.739274	-111.256812
694.900311	-115.561558
695.061421	-122.133942
695.222607	-118.430311
695.383868	-112.563257
695.545203	-108.866199
695.706613	-106.277019
695.868098	-104.324325
696.029658	-102.777752
696.191293	-101.507315
696.353003	-100.433921
696.514789	-99.508246
696.676649	-98.699130
696.838585	-97.985519
697.000596	-97.351087
697.162682	-96.782125
697.324844	-96.268701
697.487081	-95.807249
697.649394	-95.402319
697.811782	-95.065395
697.974246	-94.810542
698.136786	-94.648494
698.299401	-94.580526
698.462092	-94.593540
698.624859	-94.658123
698.787702	-94.732145
698.950621	-94.771652
699.113616	-94.747408
699.276686	-94.657910
699.439833	-94.528526
699.603056	-94.397389
699.766355	-94.298699
699.929731	-94.252684
700.093183	-94.264391
700.256711	-94.329034
700.420315	-94.440932
700.583996	-94.601988
700.747754	-94.826296
700.911588	-95.139182
701.075499	-95.571690
701.239486	-96.152626
701.403550	-96.898677
701.567691	-97.799740
701.731909	-98.791445
701.896203	-99.713516
702.060575	-100.296413
702.225024	-100.289710
702.389549	-99.694184
702.554152	-98.754433
702.718832	-97.726259
702.883589	-96.758654
703.048424	-95.912702
703.213335	-95.203860
703.378324	-94.628354
703.543391	-94.175659
703.708535	-93.833461
703.873757	-93.589060
704.039056	-93.428722
704.204433	-93.336052
704.369887	-93.290085
704.535420	-93.264149
704.701030	-93.226965
704.866718	-93.147393
705.032484	-93.002271
705.198328	-92.783882
705.364250	-92.502719
705.530250	-92.183260
705.696328	-91.855603
705.862485	-91.547878
706.028720	-91.282161
706.195033	-91.073625
706.361424	-90.931400
706.527894	-90.859913
706.694442	-90.859716
706.861069	-90.927800
707.027775	-91.057870
707.194559	-91.240718
707.361422	-91.465164
707.528363	-91.719033
707.695384	-91.989683
707.862483	-92.263169
708.029661	-92.522239
708.196918	-92.744954
708.364254	-92.906874
708.531670	-92.988975
708.699164	-92.988719
708.866738	-92.927118
709.034391	-92.845590
709.202123	-92.794055
709.369935	-92.816992
709.537826	-92.943096
709.705796	-93.179361
709.873847	-93.507820
710.041976	-93.885583
710.210186	-94.251229
710.378475	-94.539978
710.546844	-94.702258
710.715292	-94.711488
710.883821	-94.554429
711.052429	-94.218648
711.221118	-93.697815
711.389887	-93.012815
711.558735	-92.222373
711.727664	-91.407495
711.896673	-90.644995
712.065763	-89.990357
712.234932	-89.474377
712.404183	-89.107369
712.573513	-88.885331
712.742924	-88.795303
712.912416	-88.818856
713.081988	-88.933263
713.251641	-89.109843
713.421375	-89.310441
713.591190	-89.485668
713.761085	-89.581123
713.931061	-89.555150
714.101119	-89.400321
714.271257	-89.150394
714.441476	-88.864840
714.611777	-88.603975
714.782159	-88.411720
714.952622	-88.310766
715.123166	-88.306721
715.293792	-88.396483
715.464499	-88.577138
715.635288	-88.852929
715.806158	-89.237453
715.977110	-89.749787
716.148143	-90.404763
716.319259	-91.197417
716.490456	-92.081743
716.661735	-92.948528
716.833096	-93.630010
717.004538	-93.975907
717.176063	-93.969718
717.347670	-93.741669
717.519359	-93.459646
717.691130	-93.242220
717.862984	-93.147228
718.034920	-93.193691
718.206938	-93.382371
718.379039	-93.704863
718.551222	-94.138222
718.723488	-94.623344
718.895836	-95.033027
719.068267	-95.167595
719.240781	-94.847566
719.413377	-94.068255
719.586057	-93.007641
719.758819	-91.874284
719.931664	-90.804882
720.104593	-89.861780
720.277604	-89.062832
720.450699	-88.405384
720.623876	-87.879584
720.797137	-87.474158
720.970482	-87.177461
721.143910	-86.975664
721.317421	-86.850059
721.491016	-86.774943
721.664694	-86.718175
721.838456	-86.646429
722.012302	-86.534326
722.186231	-86.373433
722.360244	-86.175104
722.534342	-85.964563
722.708523	-85.770424
722.882788	-85.615684
723.057137	-85.513416
723.231570	-85.467433
723.406088	-85.476191
723.580689	-85.537799
723.755375	-85.654467
723.930146	-85.834769
724.105000	-86.093316
724.279940	-86.448651
724.454963	-86.920517
724.630072	-87.527767
724.805265	-88.287306
724.980543	-89.213255
725.155905	-90.314877
725.331353	-91.590944
725.506885	-93.015504
725.682503	-94.506673
725.858205	-95.875857
726.033993	-96.805448
726.209865	-96.996580
726.385823	-96.445845
726.561866	-95.429568
726.737995	-94.234943
726.914209	-93.038698
727.090508	-91.931476
727.266893	-90.956599
727.443364	-90.130450
727.619920	-89.451697
727.796562	-88.905890
727.973290	-88.469091
728.150103	-88.111565
728.327003	-87.801966
728.503988	-87.511835
728.681060	-87.219022
728.858218	-86.909372
729.035461	-86.576309
729.212791	-86.218976
729.390208	-85.840338
729.567710	-85.445616
729.745299	-85.041012
729.922975	-84.632284
730.100737	-84.223287
730.278586	-83.814998
730.456521	-83.405746
730.634543	-82.993336
730.812652	-82.578642
730.990848	-82.168553
731.169130	-81.776483
731.347500	-81.419753
731.525957	-81.114731
731.704500	-80.871535
731.883131	-80.690407
732.061850	-80.561003
732.240655	-80.465101
732.419548	-80.382544
732.598528	-80.298601
732.777596	-80.209035
732.956751	-80.119938
733.135994	-80.042949
733.315325	-79.988985
733.494744	-79.964288
733.674250	-79.970222
733.853844	-80.005545
734.033526	-80.068837
734.213296	-80.159280
734.393154	-80.275097
734.573101	-80.411013
734.753135	-80.557397
734.933258	-80.702037
735.113469	-80.833673
735.293769	-80.944763
735.474157	-81.031011
735.654633	-81.088156
735.835198	-81.109642
736.015852	-81.089046
736.196594	-81.027143
736.377426	-80.938348
736.558346	-80.850497
736.739355	-80.796823
736.920453	-80.804494
737.101640	-80.885168
737.282916	-81.030321
737.464282	-81.212188
737.645736	-81.390750
737.827280	-81.526191
738.008914	-81.592356
738.190637	-81.583786
738.372449	-81.512030
738.554351	-81.395083
738.736342	-81.248146
738.918424	-81.080061
739.100595	-80.894358
739.282855	-80.692199
739.465206	-80.474758
739.647647	-80.244103
739.830178	-80.002919
740.012799	-79.754064
740.195510	-79.501270
740.378311	-79.250796
740.561203	-79.012848
740.744185	-78.801454
740.927258	-78.631911
741.110421	-78.516206
741.293674	-78.457777
741.477018	-78.447561
741.660453	-78.463513
741.843979	-78.475501
742.027596	-78.455727
742.211303	-78.390595
742.395102	-78.286707
742.578991	-78.166665
742.762972	-78.058017
742.947044	-77.982766
743.131207	-77.952337
743.315461	-77.968041
743.499807	-78.024785
743.684244	-78.115392
743.868773	-78.233574
744.053394	-78.374748
744.238106	-78.535651
744.422910	-78.713651
744.607805	-78.905978
744.792793	-79.108775
744.977872	-79.315286
745.163044	-79.513690
745.348307	-79.687062
745.533663	-79.817666
745.719111	-79.895203
745.904651	-79.924518
746.090283	-79.926623
746.276008	-79.931189
746.461826	-79.965241
746.647735	-80.043771
746.833738	-80.164977
747.019833	-80.310167
747.206021	-80.447516
747.392302	-80.539281
747.578676	-80.551886
747.765143	-80.465444
747.951703	-80.278279
748.138356	-80.004330
748.325102	-79.665607
748.511941	-79.284809
748.698874	-78.881848
748.885900	-78.473988
749.073019	-78.077066
749.260232	-77.705520
749.447539	-77.370721
749.634939	-77.078632
749.822433	-76.828925
750.010021	-76.616993
750.197703	-76.438182
750.385479	-76.292177
750.573348	-76.184539
750.761312	-76.123931
750.949370	-76.116240
751.137523	-76.158598
751.325769	-76.236733
751.514110	-76.328131
751.702545	-76.411139
751.891075	-76.475559
752.079700	-76.527870
752.268419	-76.587518
752.457233	-76.676686
752.646142	-76.809925
752.835145	-76.989074
753.024244	-77.204182
753.213437	-77.438429
753.402726	-77.673989
753.592110	-77.895758
753.781589	-78.091757
753.971163	-78.251211
754.160833	-78.363100
754.350598	-78.417653
754.540459	-78.410005
754.730415	-78.343018
754.920467	-78.226600
755.110615	-78.073257
755.300858	-77.892533
755.491198	-77.687276
755.681633	-77.453943
755.872164	-77.187286
756.062792	-76.886954
756.253515	-76.561912
756.444335	-76.229203
756.635252	-75.907777
756.826264	-75.611273
757.017373	-75.343730
757.208579	-75.100288
757.399881	-74.872016
757.591280	-74.651975
757.782776	-74.438702
757.974368	-74.235282
758.166058	-74.045355
758.357844	-73.869586
758.549728	-73.705736
758.741708	-73.552175
758.933786	-73.412141
759.125961	-73.294981
759.318233	-73.212891
759.510603	-73.174913
759.703071	-73.181662
759.895635	-73.224080
760.088298	-73.287161
760.281058	-73.357280
760.473916	-73.429089
760.666872	-73.507505
760.859926	-73.603249
761.053078	-73.724840
761.246328	-73.871888
761.439676	-74.033524
761.633122	-74.192687
761.826667	-74.333858
762.020310	-74.450238
762.214052	-74.545985
762.407892	-74.632264
762.601831	-74.720704
762.795868	-74.818420
762.990004	-74.926898
763.184239	-75.044092
763.378573	-75.167197
763.573006	-75.293685
763.767538	-75.419913
763.962169	-75.538749
764.156900	-75.638702
764.351729	-75.706953
764.546658	-75.735983
764.741687	-75.729467
764.936815	-75.702653
765.132042	-75.676687
765.327370	-75.670124
765.522797	-75.692542
765.718324	-75.743387
765.913950	-75.815557
766.109677	-75.901610
766.305504	-75.999167
766.501431	-76.113107
766.697458	-76.254469
766.893586	-76.438026
767.089814	-76.680565
767.286142	-77.000399
767.482571	-77.416190
767.679100	-77.943721
767.875730	-78.589992
768.072461	-79.344918
768.269293	-80.173288
768.466225	-81.011138
768.663259	-81.772501
768.860393	-82.367450
769.057629	-82.720627
769.254966	-82.781263
769.452404	-82.534398
769.649944	-82.017968
769.847585	-81.320119
770.045328	-80.543018
770.243172	-79.763065
770.441118	-79.015910
770.639166	-78.305267
770.837315	-77.621939
771.035567	-76.960537
771.233920	-76.326659
771.432376	-75.734275
771.630934	-75.198444
771.829594	-74.729662
772.028356	-74.332510
772.227220	-74.007317
772.426188	-73.752050
772.625257	-73.562689
772.824430	-73.432044
773.023705	-73.348458
773.223083	-73.296621
773.422563	-73.261335
773.622147	-73.233174
773.821834	-73.212872
774.021624	-73.210953
774.221517	-73.242594
774.421513	-73.320809
774.621613	-73.451024
774.821816	-73.629119
775.022122	-73.842816
775.222532	-74.074500
775.423046	-74.303988
775.623664	-74.510978
775.824385	-74.678122
776.025211	-74.796064
776.226140	-74.869173
776.427173	-74.917809
776.628311	-74.973533
776.829553	-75.068379
777.030899	-75.222984
777.232350	-75.437709
777.433905	-75.689665
777.635564	-75.938408
777.837328	-76.142274
778.039197	-76.280483
778.241171	-76.366523
778.443250	-76.441611
778.645433	-76.553523
778.847722	-76.735361
779.050116	-76.993394
779.252615	-77.304190
779.455219	-77.620912
779.657929	-77.890132
779.860744	-78.076119
780.063665	-78.179435
780.266691	-78.235254
780.469823	-78.293422
780.673061	-78.396595
780.876405	-78.567706
781.079855	-78.807403
781.283410	-79.097653
781.487072	-79.409046
781.690840	-79.710640
781.894715	-79.979877
782.098695	-80.208898
782.302783	-80.404019
782.506976	-80.579081
782.711277	-80.746520
782.915684	-80.910056
783.120198	-81.061748
783.324818	-81.183917
783.529546	-81.256417
783.734381	-81.267179
783.939322	-81.220795
784.144372	-81.139967
784.349528	-81.058507
784.554792	-81.009710
784.760163	-81.014155
784.965642	-81.069885
785.171228	-81.147291
785.376922	-81.193118
785.582724	-81.149733
785.788634	-80.987638
785.994651	-80.728443
786.200777	-80.436193
786.407011	-80.184766
786.613353	-80.027015
786.819804	-79.978795
787.026363	-80.014169
787.233030	-80.069697
787.439806	-80.064670
787.646691	-79.939749
787.853684	-79.693188
788.060786	-79.381897
788.267997	-79.086467
788.475317	-78.872735
788.682746	-78.771096
788.890285	-78.771021
789.097932	-78.824342
789.305689	-78.859381
789.513555	-78.811580
789.721531	-78.661300
789.929617	-78.448597
790.137812	-78.249875
790.346117	-78.139014
790.554531	-78.159235
790.763056	-78.310461
790.971691	-78.545666
791.180436	-78.778196
791.389291	-78.912565
791.598256	-78.897134
791.807332	-78.759663
792.016518	-78.587390
792.225815	-78.474133
792.435222	-78.482064
792.644740	-78.629860
792.854369	-78.894277
793.064109	-79.217566
793.273960	-79.523764
793.483922	-79.747523
793.693995	-79.865096
793.904180	-79.903600
794.114475	-79.920482
794.324882	-79.972803
794.535401	-80.097050
794.746031	-80.302195
794.956774	-80.569702
795.167627	-80.855421
795.378593	-81.094921
795.589671	-81.218844
795.800861	-81.179689
796.012162	-80.976841
796.223577	-80.659258
796.435103	-80.302871
796.646742	-79.981315
796.858493	-79.747381
797.070357	-79.625748
797.282334	-79.610689
797.494423	-79.665995
797.706626	-79.731242
797.918941	-79.742065
798.131369	-79.662762
798.343911	-79.511751
798.556566	-79.355738
798.769334	-79.276962
798.982215	-79.340418
799.195210	-79.573718
799.408319	-79.954571
799.621541	-80.403318
799.834877	-80.794972
800.048327	-81.016718
800.261890	-81.052154
800.475568	-81.004269
800.689360	-81.028187
800.903266	-81.257536
801.117287	-81.776098
801.331422	-82.612361
801.545671	-83.720024
801.760036	-84.922220
801.974514	-85.867768
802.189108	-86.208803
802.403816	-85.982369
802.618640	-85.564209
802.833578	-85.285117
803.048632	-85.304753
803.263800	-85.671505
803.479085	-86.378833
803.694484	-87.382060
803.909999	-88.581076
804.125630	-89.774837
804.341376	-90.632084
804.557239	-90.832519
804.773217	-90.372464
804.989311	-89.564863
805.205521	-88.731387
805.421847	-88.054902
805.638290	-87.602892
805.854849	-87.366975
806.071524	-87.275677
806.288316	-87.197061
806.505225	-86.971251
806.722250	-86.499320
806.939393	-85.820728
807.156652	-85.080199
807.374028	-84.429172
807.591521	-83.966144
807.809132	-83.725502
808.026859	-83.675842
808.244705	-83.711174
808.462667	-83.655898
808.680748	-83.339175
808.898946	-82.727799
809.117261	-81.961833
809.335695	-81.242717
809.554246	-80.726526
809.772916	-80.500633
809.991704	-80.597129
810.210610	-80.998067
810.429634	-81.618338
810.648777	-82.274005
810.868039	-82.697169
811.087419	-82.697753
811.306918	-82.349960
811.526535	-81.910003
811.746272	-81.603810
811.966127	-81.550313
812.186102	-81.783395
812.406196	-82.279238
812.626409	-82.964886
812.846742	-83.714952
813.067194	-84.363153
813.287766	-84.761292
813.508457	-84.864088
813.729269	-84.749188
813.950200	-84.548863
814.171251	-84.380756
814.392422	-84.327722
814.613714	-84.444190
814.835126	-84.762920
815.056658	-85.290983
815.278311	-85.986868
815.500084	-86.715710
815.721978	-87.223115
815.943993	-87.253892
816.166128	-86.811069
816.388385	-86.177716
816.610762	-85.665183
816.833261	-85.471027
817.055881	-85.695192
817.278623	-86.376710
817.501486	-87.483811
817.724471	-88.819206
817.947577	-89.854922
818.170805	-89.952911
818.394155	-89.216957
818.617627	-88.327076
818.841221	-87.732317
819.064937	-87.580406
819.288775	-87.881428
819.512736	-88.573545
819.736819	-89.500298
819.961025	-90.343836
820.185354	-90.669957
820.409805	-90.281983
820.634379	-89.441641
820.859076	-88.537020
821.083897	-87.810558
821.308840	-87.377708
821.533907	-87.301279
821.759097	-87.631346
821.984411	-88.408163
822.209848	-89.598836
822.435409	-90.852232
822.661093	-91.145479
822.886902	-89.801754
823.112834	-87.765413
823.338891	-85.959493
823.565072	-84.667269
823.791377	-83.924475
824.017807	-83.710048
824.244361	-83.973605
824.471039	-84.583375
824.697843	-85.200372
824.924771	-85.242238
825.151824	-84.387202
825.379002	-83.018564
825.606306	-81.668970
825.833734	-80.605795
826.061288	-79.905420
826.288967	-79.568601
826.516772	-79.568297
826.744703	-79.855671
826.972759	-80.342389
827.200941	-80.874291
827.429249	-81.240650
827.657683	-81.281298
827.886243	-81.029616
828.114930	-80.689928
828.343743	-80.484423
828.572682	-80.567131
828.801748	-81.025336
829.030941	-81.899860
829.260260	-83.184526
829.489706	-84.779393
829.719280	-86.389148
829.948980	-87.518154
830.178808	-87.901983
830.408763	-87.857726
830.638845	-87.809379
830.869055	-87.875684
831.099393	-87.890754
831.329858	-87.616642
831.560451	-87.038577
831.791173	-86.416410
832.022022	-86.060706
832.252999	-86.196678
832.484105	-86.961721
832.715339	-88.321201
832.946702	-89.497065
833.178193	-88.600553
833.409813	-85.955675
833.641561	-83.390133
833.873439	-81.483055
834.105445	-80.265581
834.337581	-79.699069
834.569846	-79.769549
834.802241	-80.500094
835.034764	-81.934793
835.267418	-84.015771
835.500201	-85.976731
835.733114	-85.817070
835.966157	-83.776309
836.199329	-81.790117
836.432632	-80.463086
836.666065	-79.822851
836.899629	-79.834407
837.133323	-80.497960
837.367147	-81.858736
837.601102	-83.959608
837.835188	-86.502375
838.069405	-87.753515
838.303752	-86.327325
838.538231	-84.328110
838.772841	-83.014364
839.007582	-82.555193
839.242455	-82.964681
839.477459	-84.338481
839.712595	-86.974205
839.947863	-91.612125
840.183263	-97.204100
840.418794	-92.341735
840.654458	-88.049478
840.890254	-85.786440
841.126182	-84.758732
841.362242	-84.575030
841.598435	-84.910123
841.834761	-85.234834
842.071220	-84.842431
842.307811	-83.594417
842.544536	-82.083730
842.781393	-80.821144
843.018384	-80.002105
843.255508	-79.658213
843.492765	-79.748269
843.730156	-80.167814
843.967681	-80.720467
844.205339	-81.126702
844.443132	-81.181164
844.681058	-80.955585
844.919118	-80.731106
845.157313	-80.783841
845.395642	-81.311183
845.634105	-82.472079
845.872703	-84.439915
846.111436	-87.341979
846.350303	-90.295530
846.589306	-89.789631
846.828443	-87.153905
847.067716	-85.258341
847.307124	-84.409570
847.546667	-84.415985
847.786345	-84.838499
848.026160	-84.675455
848.266110	-83.105564
848.506195	-80.830532
848.746417	-78.754699
848.986775	-77.176983
849.227269	-76.117765
849.467899	-75.527475
849.708666	-75.339420
849.949569	-75.470853
850.190609	-75.808201
850.431785	-76.198155
850.673099	-76.476047
850.914549	-76.547042
851.156137	-76.450598
851.397861	-76.323812
851.639723	-76.313497
851.881723	-76.527200
852.123860	-77.032749
852.366135	-77.875569
852.608547	-79.097178
852.851098	-80.754679
853.093786	-82.952627
853.336613	-85.917200
853.579578	-90.214961
853.822681	-97.184072
854.065923	-96.929518
854.309304	-90.265539
854.552823	-86.218664
854.796481	-83.460240
855.040278	-81.442811
855.284215	-79.934692
855.528290	-78.805809
855.772505	-77.950542
856.016859	-77.260038
856.261353	-76.627543
856.505987	-75.979842
856.750760	-75.309097
856.995673	-74.671051
857.240727	-74.148291
857.485920	-73.813102
857.731254	-73.710010
857.976729	-73.853503
858.222343	-74.231623
858.468099	-74.810591
858.713995	-75.540395
858.960032	-76.364742
859.206211	-77.232318
859.452530	-78.102832
859.698991	-78.943697
859.945593	-79.724441
860.192336	-80.422175
860.439222	-81.041527
860.686248	-81.620356
860.933417	-82.195466
861.180728	-82.729007
861.428181	-83.020894
861.675776	-82.736086
861.923514	-81.723225
862.171394	-80.251498
862.419417	-78.725147
862.667582	-77.404977
862.915890	-76.406718
863.164342	-75.770292
863.412936	-75.501080
863.661674	-75.582595
863.910555	-75.967938
864.159579	-76.548253
864.408747	-77.110415
864.658059	-77.360902
864.907515	-77.130003
865.157114	-76.563273
865.406858	-75.978755
865.656746	-75.637895
865.906778	-75.692743
866.156955	-76.217015
866.407277	-77.205443
866.657743	-78.464319
866.908354	-79.371262
867.159110	-79.126985
867.410011	-77.934382
867.661057	-76.653223
867.912249	-75.760053
868.163586	-75.385757
868.415069	-75.541011
868.666697	-76.198847
868.918472	-77.292818
869.170392	-78.653837
869.422458	-79.910227
869.674671	-80.577047
869.927030	-80.569034
870.179536	-80.355905
870.432188	-80.461789
870.684987	-81.274346
870.937933	-83.252934
871.191026	-87.552696
871.444266	-100.871899
871.697653	-88.768839
871.951188	-81.803120
872.204870	-77.956609
872.458700	-75.457037
872.712677	-73.775163
872.966803	-72.677052
873.221076	-72.026281
873.475498	-71.711475
873.730068	-71.605265
873.984787	-71.545746
874.239654	-71.364736
874.494669	-70.971367
874.749834	-70.411603
875.005147	-69.819771
875.260610	-69.324768
875.516222	-69.004711
875.771983	-68.890152
876.027894	-68.983677
876.283954	-69.279777
876.540164	-69.780254
876.796524	-70.503890
877.053033	-71.489764
877.309693	-72.794087
877.566503	-74.481824
877.823464	-76.609938
878.080575	-79.175653
878.337837	-81.932728
878.595249	-83.944556
878.852813	-83.864315
879.110528	-81.966846
879.368393	-79.433970
879.626410	-76.905611
879.884579	-74.645495
880.142899	-72.752809
880.401371	-71.244638
880.659994	-70.098458
880.918770	-69.275247
881.177698	-68.730921
881.436778	-68.423962
881.696010	-68.320956
881.955395	-68.399547
882.214933	-68.647832
882.474623	-69.059010
882.734467	-69.622803
882.994463	-70.315920
883.254613	-71.094466
883.514916	-71.894822
883.775372	-72.649922
884.035982	-73.315178
884.296746	-73.875578
884.557664	-74.305396
884.818735	-74.507085
885.079961	-74.330756
885.341341	-73.731061
885.602876	-72.868365
885.864565	-71.980764
886.126409	-71.225558
886.388407	-70.644184
886.650561	-70.193196
886.912870	-69.786345
887.175334	-69.338651
887.437953	-68.803971
887.700728	-68.189420
887.963658	-67.544397
888.226745	-66.940249
888.489987	-66.451167
888.753385	-66.140340
889.016940	-66.050900
889.280651	-66.200930
889.544518	-66.582967
889.808543	-67.169224
890.072723	-67.925145
890.337061	-68.830563
890.601556	-69.898510
890.866208	-71.175987
891.131017	-72.720020
891.395984	-74.551264
891.661109	-76.577544
891.926391	-78.478410
892.191831	-79.656043
892.457429	-79.568396
892.723186	-78.270866
892.989100	-76.319259
893.255173	-74.267117
893.521405	-72.442317
893.787796	-70.989076
894.054345	-69.956374
894.321053	-69.352589
894.587921	-69.168771
894.854948	-69.382216
895.122134	-69.946940
895.389480	-70.775067
895.656986	-71.723122
895.924651	-72.623543
896.192477	-73.390101
896.460463	-74.106661
896.728609	-74.975000
896.996915	-76.194973
897.265382	-77.896956
897.534010	-80.113264
897.802799	-82.727130
898.071749	-85.404609
898.340860	-87.517351
898.610132	-87.697803
898.879566	-85.180123
899.149162	-81.869948
899.418919	-79.047132
899.688838	-76.918087
899.958919	-75.410503
900.229162	-74.402629
900.499568	-73.754771
900.770136	-73.307479
901.040867	-72.902007
901.311761	-72.441081
901.582817	-71.948554
901.854037	-71.557864
902.125420	-71.447119
902.396966	-71.801267
902.668676	-72.833240
902.940550	-74.883052
903.212587	-78.758858
903.484788	-88.122042
903.757153	-87.463559
904.029683	-78.601307
904.302377	-74.911702
904.575236	-73.072840
904.848259	-72.370799
905.121447	-72.573875
905.394800	-73.644902
905.668319	-75.707922
905.942002	-79.169468
906.215852	-85.246803
906.489866	-91.570971
906.764047	-84.069998
907.038393	-79.961740
907.312906	-77.764127
907.587584	-76.528125
907.862429	-75.857259
908.137441	-75.547372
908.412619	-75.466638
908.687964	-75.470056
908.963476	-75.327257
909.239155	-74.768203
909.515002	-73.718744
909.791015	-72.411896
910.067197	-71.169788
910.343546	-70.216870
910.620063	-69.676119
910.896748	-69.624947
911.173601	-70.143038
911.450623	-71.356893
911.727813	-73.519556
912.005171	-77.261594
912.282699	-85.063265
912.560395	-91.489636
912.838261	-79.976667
913.116296	-75.873171
913.394500	-73.817534
913.672874	-72.860808
913.951418	-72.647618
914.230131	-72.982373
914.509015	-73.702920
914.788068	-74.613534
915.067292	-75.442169
915.346687	-75.861233
915.626252	-75.621424
915.905988	-74.721819
916.185895	-73.405704
916.465973	-71.983857
916.746223	-70.699101
917.026644	-69.704811
917.307236	-69.094802
917.588000	-68.937773
917.868937	-69.306374
918.150045	-70.308543
918.431325	-72.144336
918.712778	-75.263003
918.994404	-81.037957
919.276202	-92.782755
919.558173	-81.072956
919.840317	-75.992635
920.122634	-73.413229
920.405125	-72.046945
920.687789	-71.446943
920.970627	-71.390539
921.253639	-71.727966
921.536824	-72.324795
921.820184	-73.030416
922.103718	-73.659346
922.387427	-74.002074
922.671310	-73.900594
922.955368	-73.364310
923.239601	-72.582786
923.524009	-71.805089
923.808592	-71.237391
924.093351	-71.025314
924.378285	-71.280235
924.663396	-72.109667
924.948682	-73.631404
925.234144	-75.896826
925.519782	-78.258826
925.805597	-78.239252
926.091589	-75.880285
926.377757	-73.670603
926.664102	-72.270546
926.950624	-71.675015
927.237323	-71.847687
927.524200	-72.822510
927.811255	-74.736275
928.098487	-77.837311
928.385897	-81.787905
928.673485	-81.838328
928.961251	-78.387465
929.249196	-75.898135
929.537319	-74.587257
929.825621	-74.204643
930.114102	-74.588164
930.402762	-75.580935
930.691601	-76.788334
930.980620	-77.237783
931.269818	-76.146393
931.559196	-74.211324
931.848753	-72.297831
932.138491	-70.677308
932.428409	-69.355539
932.718508	-68.288185
933.008787	-67.446482
933.299246	-66.830844
933.589887	-66.467435
933.880709	-66.402441
934.171712	-66.701371
934.462896	-67.458741
934.754262	-68.828926
935.045810	-71.111467
935.337539	-75.046306
935.629451	-83.260036
935.921545	-81.971591
936.213822	-74.108875
936.506281	-70.082027
936.798922	-67.573439
937.091747	-65.902122
937.384755	-64.777387
937.677946	-64.039543
937.971321	-63.581681
938.264879	-63.319977
938.558621	-63.182027
938.852547	-63.106076
939.146657	-63.046984
939.440952	-62.984617
939.735431	-62.928011
940.030095	-62.911393
940.324943	-62.984378
940.619977	-63.201689
940.915196	-63.616245
941.210600	-64.273049
941.506189	-65.195157
941.801965	-66.336943
942.097926	-67.458648
942.394074	-67.978030
942.690407	-67.346116
942.986927	-65.841651
943.283634	-64.136519
943.580527	-62.605578
943.877608	-61.360767
944.174875	-60.413298
944.472330	-59.747247
944.769972	-59.343711
945.067802	-59.187863
945.365820	-59.270442
945.664026	-59.587407
945.962420	-60.137583
946.261002	-60.916470
946.559773	-61.901317
946.858733	-63.016955
947.157881	-64.076753
947.457219	-64.757153
947.756746	-64.779632
948.056462	-64.216590
948.356368	-63.412335
948.656464	-62.664146
948.956749	-62.119056
949.257225	-61.818144
949.557891	-61.738986
949.858748	-61.809218
950.159796	-61.907406
950.461034	-61.880648
950.762463	-61.607858
951.064084	-61.077290
951.365896	-60.391607
951.667900	-59.694569
951.970095	-59.106931
952.272483	-58.710245
952.575063	-58.557299
952.877835	-58.687610
953.180799	-59.140741
953.483956	-59.969514
953.787307	-61.259289
954.090850	-63.165845
954.394586	-66.005395
954.698516	-70.465146
955.002640	-76.047461
955.306957	-71.715284
955.611469	-66.718846
955.916174	-63.562060
956.221074	-61.461917
956.526169	-60.047707
956.831458	-59.143844
957.136942	-58.661206
957.442622	-58.555204
957.748496	-58.809112
958.054567	-59.428184
958.360833	-60.440031
958.667294	-61.898154
958.973952	-63.881396
959.280806	-66.443819
959.587857	-69.255934
959.895104	-70.546782
960.202548	-69.102862
960.510189	-67.001733
960.818027	-65.381415
961.126062	-64.336233
961.434295	-63.771237
961.742726	-63.579175
962.051355	-63.648098
962.360182	-63.842148
962.669207	-63.989906
962.978431	-63.914433
963.287854	-63.516097
963.597475	-62.834187
963.907296	-62.006130
964.217315	-61.176996
964.527535	-60.451394
964.837954	-59.892646
965.148573	-59.537862
965.459392	-59.410544
965.770411	-59.528387
966.081630	-59.906683
966.393051	-60.556409
966.704672	-61.472695
967.016494	-62.598819
967.328517	-63.739723
967.640742	-64.461504
967.953169	-64.286928
968.265797	-63.267096
968.578627	-61.905255
968.891660	-60.594196
969.204895	-59.496713
969.518332	-58.655914
969.831972	-58.073242
970.145816	-57.740288
970.459862	-57.649680
970.774112	-57.798429
971.088565	-58.187960
971.403223	-58.821051
971.718084	-59.693144
972.033149	-60.768357
972.348419	-61.920722
972.663893	-62.839701
972.979572	-63.060861
973.295456	-62.385498
973.611546	-61.144815
973.927840	-59.779062
974.244340	-58.530911
974.561046	-57.485382
974.877958	-56.657632
975.195076	-56.038133
975.512401	-55.609779
975.829932	-55.353140
976.147670	-55.247677
976.465615	-55.271778
976.783767	-55.402431
977.102126	-55.615473
977.420693	-55.886590
977.739468	-56.192915
978.058451	-56.515410
978.377642	-56.841818
978.697041	-57.168988
979.016649	-57.504267
979.336466	-57.865498
979.656492	-58.279596
979.976727	-58.779726
980.297171	-59.401838
980.617825	-60.179606
980.938689	-61.133039
981.259763	-62.238530
981.581048	-63.356710
981.902542	-64.122996
982.224248	-64.034201
982.546164	-62.987118
982.868291	-61.428558
983.190630	-59.803135
983.513180	-58.318121
983.835942	-57.034044
984.158916	-55.954666
984.482101	-55.066243
984.805500	-54.351299
985.129110	-53.792815
985.452934	-53.375203
985.776970	-53.084305
986.101220	-52.907435
986.425683	-52.833322
986.750359	-52.852004
987.075250	-52.954535
987.400354	-53.132413
987.725673	-53.376869
988.051206	-53.678126
988.376954	-54.024669
988.702916	-54.402713
989.029094	-54.796810
989.355487	-55.191082
989.682095	-55.571102
990.008919	-55.926505
990.335959	-56.253199
990.663216	-56.554371
990.990688	-56.839799
991.318377	-57.123757
991.646283	-57.422456
991.974406	-57.751442
992.302746	-58.122956
992.631304	-58.543593
992.960079	-59.012008
993.289072	-59.515416
993.618283	-60.025270
993.947713	-60.491789
994.277361	-60.843278
994.607227	-60.997848
994.937313	-60.890713
995.267618	-60.506468
995.598142	-59.887972
995.928886	-59.110745
996.259849	-58.249514
996.591033	-57.360028
996.922437	-56.476670
997.254061	-55.618030
997.585906	-54.792652
997.917972	-54.003882
998.250260	-53.253546
998.582768	-52.543412
998.915498	-51.875507
999.248450	-51.252266
999.581624	-50.676594
999.915020	-50.151621
1000.248639	-49.680144
1000.582480	-49.264328
1000.916545	-48.905946
1001.250832	-48.606572
1001.585343	-48.367518
1001.920077	-48.189756
1002.255035	-48.074150
1002.590218	-48.021703
1002.925624	-48.033470
1003.261255	-48.110193
1003.597111	-48.252173
1003.933192	-48.459539
1004.269497	-48.732632
1004.606029	-49.072343
1004.942785	-49.480662
1005.279768	-49.961844
1005.616977	-50.524071
1005.954412	-51.180895
1006.292074	-51.952621
1006.629962	-52.868692
1006.968077	-53.972471
1007.306420	-55.330637
1007.644990	-57.052394
1007.983787	-59.336250
1008.322813	-62.611684
1008.662067	-68.143688
1009.001549	-80.427812
1009.341259	-68.652544
1009.681199	-62.619508
1010.021367	-59.061246
1010.361765	-56.563276
1010.702392	-54.664063
1011.043250	-53.156885
1011.384337	-51.931187
1011.725654	-50.919831
1012.067202	-50.077443
1012.408980	-49.370824
1012.750989	-48.774403
1013.093230	-48.267657
1013.435702	-47.833390
1013.778405	-47.456820
1014.121341	-47.125460
1014.464508	-46.829308
1014.807908	-46.560747
1015.151540	-46.314114
1015.495405	-46.085397
1015.839503	-45.872380
1016.183835	-45.674841
1016.528400	-45.494242
1016.873198	-45.333100
1017.218231	-45.194513
1017.563498	-45.082051
1017.908999	-44.999700
1018.254735	-44.951642
1018.600707	-44.941880
1018.946913	-44.974052
1019.293354	-45.051644
1019.640032	-45.178102
1019.986945	-45.356789
1020.334094	-45.590741
1020.681480	-45.882686
1021.029102	-46.235510
1021.376961	-46.653123
1021.725058	-47.141491
1022.073391	-47.709583
1022.421962	-48.370824
1022.770772	-49.145317
1023.119819	-50.063112
1023.469104	-51.169405
1023.818628	-52.533001
1024.168391	-54.262550
1024.518393	-56.538471
1024.868634	-59.651525
1025.219115	-63.630792
1025.569836	-64.446433
1025.920796	-60.253118
1026.271997	-56.470291
1026.623438	-53.624969
1026.975121	-51.409514
1027.327044	-49.616445
1027.679208	-48.123233
1028.031614	-46.854415
1028.384262	-45.760949
1028.737152	-44.809245
1029.090284	-43.975265
1029.443659	-43.241227
1029.797276	-42.593630
1030.151137	-42.021968
1030.505240	-41.517719
1030.859587	-41.073681
1031.214178	-40.683462
1031.569013	-40.341229
1031.924093	-40.041611
1032.279417	-39.779674
1032.634985	-39.550866
1032.990799	-39.351079
1033.346858	-39.176765
1033.703162	-39.025091
1034.059712	-38.894062
1034.416509	-38.782495
1034.773551	-38.689885
1035.130841	-38.616241
1035.488377	-38.561924
1035.846160	-38.527476
1036.204190	-38.513433
1036.562468	-38.520207
1036.920994	-38.547918
1037.279768	-38.596415
1037.638790	-38.665319
1037.998061	-38.754129
1038.357581	-38.862386
1038.717350	-38.989734
1039.077368	-39.135997
1039.437636	-39.301237
1039.798154	-39.485887
1040.158922	-39.690972
1040.519940	-39.918361
1040.881209	-40.170931
1041.242729	-40.452628
1041.604501	-40.768370
1041.966524	-41.123804
1042.328798	-41.525064
1042.691325	-41.978562
1043.054103	-42.491108
1043.417135	-43.070344
1043.780419	-43.725777
1044.143956	-44.470112
1044.507746	-45.321006
1044.871791	-46.302767
1045.236088	-47.447808
1045.600641	-48.796815
1045.965447	-50.394071
1046.330508	-52.263142
1046.695824	-54.307587
1047.061395	-56.016208
1047.427222	-56.325242
1047.793304	-55.003919
1048.159642	-53.076732
1048.526237	-51.222293
1048.893088	-49.605503
1049.260196	-48.220810
1049.627561	-47.031510
1049.995183	-46.004199
1050.363063	-45.114358
1050.731201	-44.344901
1051.099597	-43.683817
1051.468251	-43.121986
1051.837164	-42.651790
1052.206336	-42.266288
1052.575767	-41.958862
1052.945458	-41.723209
1053.315409	-41.553465
1053.685619	-41.444499
1054.056090	-41.392175
1054.426821	-41.393542
1054.797814	-41.446921
1055.169067	-41.551797
1055.540582	-41.708680
1055.912359	-41.918873
1056.284398	-42.184278
1056.656698	-42.507333
1057.029262	-42.891140
1057.402088	-43.339697
1057.775177	-43.858396
1058.148530	-44.454709
1058.522146	-45.139238
1058.896027	-45.927147
1059.270171	-46.840027
1059.644580	-47.907994
1060.019254	-49.171453
1060.394193	-50.679039
1060.769397	-52.465402
1061.144867	-54.439898
1061.520602	-56.008590
1061.896604	-55.886674
1062.272872	-53.974138
1062.649407	-51.555895
1063.026210	-49.302345
1063.403279	-47.330193
1063.780616	-45.609453
1064.158221	-44.090967
1064.536094	-42.732588
1064.914235	-41.502114
1065.292645	-40.375740
1065.671325	-39.336121
1066.050273	-38.370717
1066.429491	-37.470473
1066.808979	-36.628806
1067.188738	-35.840777
1067.568766	-35.102429
1067.949066	-34.410281
1068.329636	-33.761050
1068.710478	-33.151509
1069.091592	-32.578464
1069.472977	-32.038818
1069.854635	-31.529684
1070.236565	-31.048505
1070.618768	-30.593124
1071.001243	-30.161832
1071.383993	-29.753376
1071.767016	-29.366898
1072.150313	-29.001811
1072.533884	-28.657681
1072.917730	-28.334114
1073.301850	-28.030635
1073.686246	-27.746577
1074.070917	-27.481045
1074.455864	-27.232904
1074.841087	-27.000818
1075.226586	-26.783323
1075.612362	-26.578938
1075.998415	-26.386263
1076.384745	-26.204077
1076.771353	-26.031417
1077.158238	-25.867602
1077.545401	-25.712211
1077.932843	-25.565010
1078.320564	-25.425851
1078.708564	-25.294553
1079.096842	-25.170759
1079.485401	-25.053867
1079.874240	-24.943011
1080.263358	-24.837113
1080.652757	-24.734980
1081.042438	-24.635461
1081.432399	-24.537629
1081.822641	-24.440953
1082.213166	-24.345425
1082.603972	-24.251601
1082.995061	-24.160547
1083.386433	-24.073710
1083.778087	-23.992739
1084.170025	-23.919251
1084.562246	-23.854593
1084.954751	-23.799650
1085.347541	-23.754711
1085.740615	-23.719406
1086.133973	-23.692741
1086.527617	-23.673221
1086.921546	-23.659017
1087.315761	-23.648171
1087.710262	-23.638830
1088.105050	-23.629486
1088.500124	-23.619159
1088.895485	-23.607496
1089.291134	-23.594782
1089.687070	-23.581807
1090.083294	-23.569652
1090.479806	-23.559423
1090.876607	-23.551969
1091.273696	-23.547615
1091.671075	-23.545967
1092.068744	-23.545829
1092.466702	-23.545234
1092.864950	-23.541633
1093.263489	-23.532205
1093.662319	-23.514272
1094.061440	-23.485747
1094.460852	-23.445539
1094.860555	-23.393796
1095.260551	-23.331966
1095.660840	-23.262661
1096.061421	-23.189353
1096.462295	-23.115933
1096.863462	-23.046233
1097.264923	-22.983600
1097.666678	-22.930539
1098.068727	-22.888467
1098.471071	-22.857622
1098.873710	-22.837071
1099.276644	-22.824803
1099.679874	-22.817944
1100.083400	-22.813093
1100.487222	-22.806753
1100.891340	-22.795807
1101.295756	-22.777957
1101.700468	-22.752063
1102.105478	-22.718307
1102.510787	-22.678169
1102.916393	-22.634204
1103.322298	-22.589688
1103.728502	-22.548181
1104.135005	-22.513071
1104.541807	-22.487152
1104.948909	-22.472314
1105.356312	-22.469327
1105.764015	-22.477734
1106.172019	-22.495872
1106.580324	-22.520998
1106.988931	-22.549516
1107.397840	-22.577347
1107.807051	-22.600402
1108.216564	-22.615122
1108.626380	-22.618973
1109.036500	-22.610843
1109.446923	-22.591253
1109.857649	-22.562365
1110.268680	-22.527769
1110.680016	-22.492086
1111.091657	-22.460503
1111.503602	-22.438271
1111.915854	-22.430272
1112.328411	-22.440706
1112.741275	-22.472858
1113.154445	-22.528930
1113.567922	-22.609979
1113.981706	-22.715895
1114.395798	-22.845413
1114.810198	-22.996181
1115.224906	-23.164876
1115.639923	-23.347366
1116.055249	-23.539007
1116.470884	-23.735015
1116.886829	-23.930896
1117.303084	-24.122951
1117.719650	-24.308733
1118.136526	-24.487399
1118.553713	-24.659913
1118.971212	-24.829018
1119.389022	-24.998982
1119.807145	-25.175236
1120.225580	-25.363880
1120.644328	-25.571199
1121.063389	-25.803326
1121.482763	-26.065960
1121.902452	-26.364150
1122.322454	-26.702202
1122.742771	-27.083615
1123.163404	-27.511064
1123.584351	-27.986458
1124.005614	-28.510949
1124.427193	-29.084960
1124.849089	-29.708201
1125.271301	-30.379730
1125.693830	-31.098140
1126.116677	-31.861718
1126.539842	-32.668577
1126.963324	-33.516697
1127.387126	-34.403355
1127.811246	-35.323407
1128.235685	-36.265261
1128.660444	-37.201943
1129.085522	-38.075375
1129.510922	-38.777680
1129.936641	-39.151412
1130.362682	-39.049495
1130.789044	-38.441611
1131.215728	-37.445554
1131.642734	-36.237981
1132.070063	-34.962636
1132.497714	-33.705927
1132.925689	-32.510884
1133.353987	-31.395440
1133.782610	-30.364575
1134.211556	-29.416984
1134.640827	-28.548423
1135.070424	-27.753343
1135.500345	-27.025861
1135.930593	-26.360211
1136.361166	-25.750798
1136.792067	-25.192143
1137.223294	-24.678794
1137.654848	-24.205364
1138.086730	-23.766698
1138.518940	-23.357917
1138.951479	-22.974361
1139.384346	-22.611536
1139.817543	-22.265100
1140.251069	-21.930997
1140.684925	-21.605653
1141.119111	-21.286127
1141.553628	-20.970104
1141.988475	-20.655788
1142.423655	-20.341874
1142.859166	-20.027602
1143.295009	-19.712812
1143.731185	-19.397934
1144.167694	-19.083796
1144.604536	-18.771399
1145.041711	-18.461776
1145.479221	-18.155967
1145.917065	-17.855080
1146.355245	-17.560270
1146.793759	-17.272619
1147.232609	-16.993018
1147.671795	-16.722105
1148.111317	-16.460295
1148.551177	-16.207878
1148.991373	-15.965063
1149.431907	-15.731972
1149.872779	-15.508574
1150.313989	-15.294647
1150.755538	-15.089790
1151.197426	-14.893486
1151.639653	-14.705199
1152.082220	-14.524417
1152.525128	-14.350617
1152.968376	-14.183205
1153.411966	-14.021490
1153.855897	-13.864736
1154.300169	-13.712241
1154.744784	-13.563386
1155.189742	-13.417638
1155.635042	-13.274517
1156.080687	-13.133559
1156.526674	-12.994302
1156.973007	-12.856320
1157.419683	-12.719271
1157.866705	-12.582939
1158.314072	-12.447229
1158.761786	-12.312115
1159.209845	-12.177598
1159.658251	-12.043705
1160.107004	-11.910509
1160.556104	-11.778159
1161.005553	-11.646867
1161.455349	-11.516916
1161.905494	-11.388628
1162.355989	-11.262330
1162.806832	-11.138329
1163.258026	-11.016907
1163.709570	-10.898341
1164.161464	-10.782910
1164.613710	-10.670892
1165.066307	-10.562546
1165.519256	-10.458085
1165.972558	-10.357664
1166.426212	-10.261361
1166.880219	-10.169190
1167.334580	-10.081116
1167.789295	-9.997076
1168.244364	-9.916987
1168.699788	-9.840725
1169.155567	-9.768119
1169.611702	-9.698957
1170.068193	-9.632978
1170.525041	-9.569885
1170.982245	-9.509352
1171.439807	-9.451039
1171.897726	-9.394591
1172.356004	-9.339653
1172.814640	-9.285864
1173.273635	-9.232880
1173.732989	-9.180381
1174.192703	-9.128103
1174.652778	-9.075842
1175.113213	-9.023473
1175.574009	-8.970960
1176.035167	-8.918349
1176.496687	-8.865754
1176.958569	-8.813339
1177.420814	-8.761312
1177.883422	-8.709905
1178.346394	-8.659365
1178.809730	-8.609955
1179.273430	-8.561954
1179.737496	-8.515641
1180.201927	-8.471284
1180.666723	-8.429131
1181.131886	-8.389390
1181.597416	-8.352229
1182.063312	-8.317768
1182.529576	-8.286087
1182.996209	-8.257225
1183.463209	-8.231190
1183.930579	-8.207969
1184.398317	-8.187536
1184.866426	-8.169857
1185.334904	-8.154885
1185.803754	-8.142558
1186.272974	-8.132798
1186.742566	-8.125509
1187.212529	-8.120578
1187.682865	-8.117883
1188.153574	-8.117294
1188.624656	-8.118668
1189.096112	-8.121865
1189.567942	-8.126760
1190.040147	-8.133239
1190.512726	-8.141199
1190.985681	-8.150549
1191.459012	-8.161203
1191.932720	-8.173084
1192.406804	-8.186123
1192.881265	-8.200257
1193.356104	-8.215432
1193.831322	-8.231589
1194.306918	-8.248678
1194.782893	-8.266657
1195.259248	-8.285499
1195.735982	-8.305184
1196.213097	-8.325720
1196.690593	-8.347127
1197.168471	-8.369443
1197.646730	-8.392734
1198.125371	-8.417073
1198.604395	-8.442551
1199.083803	-8.469277
1199.563594	-8.497369
1200.043769	-8.526949
1200.524329	-8.558138
1201.005273	-8.591062
1201.486604	-8.625842
1201.968320	-8.662588
1202.450422	-8.701391
1202.932912	-8.742329
1203.415789	-8.785470
1203.899054	-8.830855
1204.382707	-8.878500
1204.866748	-8.928409
1205.351179	-8.980566
1205.836000	-9.034946
1206.321211	-9.091528
1206.806812	-9.150267
1207.292805	-9.211111
1207.779189	-9.274011
1208.265965	-9.338920
1208.753134	-9.405789
1209.240696	-9.474574
1209.728651	-9.545228
1210.217000	-9.617716
1210.705744	-9.692004
1211.194883	-9.768051
1211.684417	-9.845815
1212.174347	-9.925257
1212.664673	-10.006348
1213.155396	-10.089039
1213.646516	-10.173271
1214.138034	-10.258986
1214.629951	-10.346136
1215.122266	-10.434665
1215.614980	-10.524522
1216.108095	-10.615664
1216.601609	-10.708039
1217.095524	-10.801617
1217.589841	-10.896380
1218.084559	-10.992298
1218.579679	-11.089351
1219.075202	-11.187535
1219.571128	-11.286838
1220.067458	-11.387237
1220.564191	-11.488699
1221.061330	-11.591180
1221.558874	-11.694638
1222.056823	-11.799028
1222.555178	-11.904296
1223.053940	-12.010382
1223.553109	-12.117242
1224.052686	-12.224849
1224.552671	-12.333186
1225.053065	-12.442250
1225.553867	-12.552073
1226.055079	-12.662705
1226.556702	-12.774198
1227.058735	-12.886599
1227.561179	-12.999971
1228.064035	-13.114391
1228.567303	-13.229932
1229.070983	-13.346652
1229.575077	-13.464602
1230.079585	-13.583806
1230.584506	-13.704280
1231.089842	-13.826036
1231.595594	-13.949062
1232.101761	-14.073335
1232.608345	-14.198822
1233.115345	-14.325455
1233.622762	-14.453125
1234.130597	-14.581721
1234.638851	-14.711120
1235.147523	-14.841181
1235.656615	-14.971747
1236.166126	-15.102638
1236.676058	-15.233683
1237.186411	-15.364735
1237.697185	-15.495641
1238.208381	-15.626287
1238.719999	-15.756605
1239.232040	-15.886532
1239.744505	-16.016041
1240.257394	-16.145131
1240.770708	-16.273817
1241.284446	-16.402138
1241.798610	-16.530127
1242.313201	-16.657786
1242.828218	-16.785149
1243.343662	-16.912228
1243.859534	-17.038987
1244.375834	-17.165420
1244.892563	-17.291477
1245.409721	-17.417019
1245.927309	-17.541944
1246.445327	-17.666147
1246.963777	-17.789441
1247.482657	-17.911639
1248.001970	-18.032526
1248.521716	-18.151853
1249.041894	-18.269399
1249.562506	-18.384931
1250.083553	-18.498231
1250.605034	-18.609142
1251.126950	-18.717481
1251.649302	-18.823109
1252.172091	-18.925954
1252.695316	-19.025942
1253.218979	-19.123034
1253.743079	-19.217193
1254.267619	-19.308412
1254.792597	-19.396757
1255.318015	-19.482272
1255.843874	-19.565012
1256.370173	-19.645111
1256.896913	-19.722668
1257.424095	-19.797751
1257.951720	-19.870519
1258.479787	-19.941086
1259.008298	-20.009508
1259.537254	-20.075832
1260.066654	-20.140060
1260.596499	-20.202155
1261.126790	-20.262017
1261.657527	-20.319524
1262.188711	-20.374621
1262.720342	-20.427238
1263.252422	-20.477286
1263.784950	-20.524731
1264.317928	-20.569585
1264.851355	-20.611860
1265.385232	-20.651571
1265.919560	-20.688792
1266.454340	-20.723602
1266.989572	-20.755974
1267.525256	-20.785913
1268.061394	-20.813472
1268.597985	-20.838754
1269.135031	-20.861886
1269.672531	-20.883008
1270.210487	-20.902334
1270.748899	-20.920119
1271.287768	-20.936585
1271.827094	-20.951951
1272.366877	-20.966493
1272.907119	-20.980345
1273.447820	-20.993544
1273.988981	-21.006174
1274.530601	-21.018244
1275.072683	-21.029688
1275.615226	-21.040486
1276.158230	-21.050667
1276.701697	-21.060268
1277.245627	-21.069302
1277.790021	-21.077809
1278.334879	-21.085855
1278.880202	-21.093405
1279.425991	-21.100396
1279.972245	-21.106778
1280.518966	-21.112374
1281.066155	-21.117016
1281.613811	-21.120674
1282.161936	-21.123369
1282.710529	-21.125117
1283.259593	-21.126022
1283.809126	-21.126300
1284.359131	-21.126151
1284.909607	-21.125700
1285.460555	-21.125074
1286.011976	-21.124333
1286.563870	-21.123434
1287.116237	-21.122368
1287.669080	-21.121149
1288.222397	-21.119765
1288.776191	-21.118329
1289.330460	-21.117026
1289.885207	-21.116004
1290.440431	-21.115471
1290.996133	-21.115489
1291.552314	-21.116075
1292.108975	-21.117157
1292.666115	-21.118534
1293.223737	-21.120076
1293.781839	-21.121560
1294.340424	-21.122881
1294.899491	-21.124069
1295.459041	-21.125131
1296.019075	-21.126171
1296.579593	-21.127238
1297.140597	-21.128350
1297.702086	-21.129456
1298.264061	-21.130449
1298.826524	-21.131168
1299.389474	-21.131526
1299.952912	-21.131560
1300.516839	-21.131354
1301.081255	-21.131141
1301.646162	-21.131154
1302.211559	-21.131696
1302.777448	-21.132984
1303.343829	-21.135090
1303.910702	-21.138045
1304.478069	-21.141785
1305.045930	-21.146309
1305.614285	-21.151626
1306.183136	-21.157889
1306.752483	-21.165284
1307.322326	-21.174045
1307.892666	-21.184388
1308.463504	-21.196393
1309.034841	-21.210109
1309.606677	-21.225424
1310.179012	-21.242226
1310.751849	-21.260365
1311.325186	-21.279813
1311.899025	-21.300646
1312.473366	-21.322953
1313.048211	-21.346932
1313.623559	-21.372667
1314.199412	-21.400172
1314.775770	-21.429428
1315.352634	-21.460295
1315.930004	-21.492596
1316.507881	-21.526289
1317.086266	-21.561347
1317.665159	-21.597835
1318.244562	-21.635939
1318.824474	-21.675822
1319.404897	-21.717570
1319.985831	-21.761243
1320.567276	-21.806826
1321.149234	-21.854262
1321.731706	-21.903598
1322.314691	-21.954867
1322.898190	-22.008131
1323.482205	-22.063590
1324.066736	-22.121399
1324.651783	-22.181642
1325.237347	-22.244308
1325.823430	-22.309309
1326.410031	-22.376505
1326.997151	-22.445764
1327.584791	-22.517070
1328.172952	-22.590384
1328.761634	-22.665858
1329.350839	-22.743688
1329.940566	-22.824076
1330.530817	-22.907134
1331.121592	-22.992893
1331.712891	-23.081326
1332.304716	-23.172335
1332.897068	-23.265782
1333.489946	-23.361597
1334.083352	-23.459785
1334.677287	-23.560336
1335.271750	-23.663216
1335.866744	-23.768395
1336.462268	-23.875804
1337.058323	-23.985310
1337.654910	-24.096769
1338.252029	-24.210043
1338.849682	-24.325148
1339.447869	-24.442188
1340.046591	-24.561281
1340.645848	-24.682594
1341.245641	-24.806293
1341.845972	-24.932394
1342.446840	-25.060780
1343.048246	-25.191150
1343.650191	-25.323368
1344.252677	-25.457197
1344.855702	-25.592450
1345.459269	-25.729054
1346.063379	-25.866937
1346.668030	-26.005879
1347.273226	-26.145510
1347.878965	-26.285431
1348.485250	-26.425348
1349.092080	-26.565093
1349.699456	-26.704741
1350.307380	-26.844693
1350.915851	-26.985401
1351.524871	-27.127282
1352.134441	-27.270408
1352.744560	-27.414681
1353.355231	-27.559814
1353.966453	-27.705549
1354.578227	-27.851799
1355.190555	-27.998764
1355.803436	-28.146693
1356.416872	-28.295726
1357.030863	-28.445866
1357.645411	-28.596834
1358.260515	-28.748142
1358.876177	-28.899580
1359.492397	-29.051104
1360.109176	-29.203082
1360.726516	-29.355805
1361.344416	-29.509357
1361.962877	-29.663589
1362.581901	-29.817724
1363.201487	-29.970693
1363.821637	-30.121603
1364.442352	-30.269922
1365.063632	-30.415396
1365.685478	-30.558235
1366.307891	-30.698587
1366.930871	-30.836224
1367.554420	-30.970819
1368.178538	-31.101958
1368.803226	-31.229425
1369.428485	-31.353232
1370.054315	-31.473724
1370.680717	-31.591367
1371.307693	-31.705442
1371.935242	-31.814569
1372.563366	-31.916579
1373.192065	-32.008715
1373.821341	-32.088487
1374.451193	-32.153881
1375.081623	-32.203636
1375.712632	-32.236933
1376.344221	-32.253229
1376.976389	-32.252436
1377.609139	-32.234861
1378.242470	-32.201709
1378.876384	-32.155787
1379.510881	-32.100907
1380.145963	-32.041150
1380.781629	-31.980468
1381.417881	-31.921895
1382.054720	-31.867238
1382.692147	-31.816970
1383.330161	-31.771130
1383.968765	-31.729333
1384.607959	-31.690246
1385.247743	-31.652049
1385.888119	-31.612372
1386.529087	-31.568554
1387.170648	-31.518020
1387.812804	-31.459508
1388.455554	-31.393380
1389.098899	-31.321235
1389.742842	-31.246227
1390.387381	-31.171913
1391.032519	-31.101962
1391.678256	-31.039914
1392.324592	-30.988486
1392.971529	-30.949410
1393.619068	-30.923111
1394.267208	-30.908869
1394.915952	-30.904329
1395.565300	-30.906079
1396.215253	-30.910823
1396.865812	-30.915181
1397.516977	-30.916368
1398.168749	-30.912420
1398.821130	-30.901870
1399.474120	-30.883851
1400.127719	-30.858161
1400.781930	-30.826072
1401.436752	-30.789834
1402.092186	-30.753020
1402.748234	-30.719572
1403.404897	-30.692531
1404.062174	-30.673587
1404.720067	-30.662294
1405.378577	-30.656537
1406.037705	-30.652859
1406.697451	-30.647501
1407.357817	-30.636704
1408.018803	-30.616469
1408.680410	-30.582722
1409.342639	-30.531105
1410.005492	-30.457210
1410.668968	-30.357435
1411.333068	-30.229942
1411.997795	-30.075410
1412.663147	-29.897114
1413.329127	-29.700220
1413.995736	-29.491327
1414.662973	-29.277092
1415.330840	-29.063355
1415.999339	-28.854418
1416.668469	-28.652536
1417.338232	-28.457530
1418.008628	-28.266995
1418.679659	-28.077027
1419.351325	-27.883273
1420.023628	-27.681727
1420.696568	-27.469130
1421.370145	-27.242624
1422.044362	-26.999702
1422.719219	-26.738007
1423.394717	-26.456261
1424.070856	-26.155322
1424.747638	-25.838874
1425.425064	-25.513348
1426.103134	-25.187194
1426.781850	-24.869533
1427.461212	-24.568900
1428.141221	-24.292549
1428.821878	-24.045336
1429.503185	-23.829190
1430.185141	-23.642800
1430.867749	-23.481691
1431.551008	-23.339010
1432.234920	-23.206741
1432.919486	-23.076787
1433.604707	-22.941790
1434.290583	-22.795501
1434.977116	-22.632438
1435.664307	-22.448077
1436.352156	-22.238957
1437.040664	-22.003116
1437.729833	-21.740754
1438.419663	-21.454750
1439.110156	-21.150842
1439.801312	-20.837663
1440.493132	-20.526051
1441.185617	-20.227784
1441.878768	-19.954004
1442.572586	-19.713791
1443.267072	-19.513064
1443.962228	-19.354141
1444.658053	-19.235643
1445.354549	-19.152823
1446.051717	-19.098104
1446.749558	-19.061928
1447.448073	-19.034030
1448.147263	-19.004687
1448.847128	-18.965897
1449.547671	-18.912071
1450.248891	-18.839740
1450.950789	-18.746715
1451.653368	-18.631079
1452.356627	-18.490485
1453.060568	-18.322425
1453.765192	-18.125030
1454.470500	-17.898359
1455.176492	-17.645706
1455.883170	-17.374095
1456.590534	-17.093837
1457.298586	-16.817280
1458.007327	-16.556965
1458.716758	-16.323856
1459.426880	-16.125895
1460.137693	-15.967011
1460.849199	-15.846658
1461.561398	-15.759932
1462.274293	-15.698021
1462.987883	-15.649268
1463.702170	-15.600814
1464.417155	-15.540874
1465.132838	-15.461057
1465.849222	-15.358104
1466.566306	-15.234284
1467.284093	-15.096138
1468.002582	-14.952191
1468.721775	-14.810399
1469.441674	-14.675933
1470.162278	-14.549948
1470.883590	-14.429028
1471.605609	-14.305668
1472.328338	-14.169935
1473.051777	-14.012030
1473.775928	-13.825106
1474.500790	-13.607453
1475.226367	-13.363293
1475.952657	-13.101995
1476.679663	-12.836107
1477.407386	-12.578798
1478.135826	-12.341461
1478.864985	-12.131904
1479.594863	-11.953246
1480.325463	-11.803541
1481.056784	-11.676021
1481.788828	-11.559801
1482.521597	-11.441248
1483.255090	-11.306211
1483.989309	-11.142954
1484.724256	-10.945030
1485.459931	-10.713044
1486.196336	-10.454610
1486.933471	-10.182709
1487.671337	-9.913125
1488.409937	-9.661832
1489.149270	-9.442913
1489.889337	-9.267142
1490.630141	-9.141256
1491.371682	-9.067579
1492.113961	-9.043839
1492.856979	-9.062904
1493.600738	-9.112544
1494.345238	-9.175573
1495.090481	-9.230917
1495.836467	-9.256006
1496.583198	-9.230498
1497.330675	-9.140594
1498.078899	-8.982433
1498.827872	-8.762989
1499.577593	-8.497960
1500.328065	-8.207641
1501.079289	-7.912603
1501.831265	-7.630553
1502.583995	-7.374695
1503.337480	-7.153261
1504.091721	-6.969625
1504.846719	-6.822678
1505.602475	-6.707415
1506.358991	-6.615651
1507.116268	-6.536989
1507.874306	-6.460053
1508.633108	-6.374047
1509.392673	-6.270589
1510.153004	-6.145381
1510.914101	-5.999256
1511.675965	-5.838236
1512.438599	-5.672658
1513.202002	-5.515778
1513.966176	-5.382319
1514.731122	-5.287251
1515.496842	-5.245006
1516.263336	-5.269176
1517.030607	-5.372651
1517.798654	-5.568034
1518.567479	-5.868134
1519.337083	-6.286481
1520.107468	-6.837737
1520.878634	-7.537700
1521.650584	-8.401938
1522.423317	-9.440414
1523.196836	-10.641414
1523.971141	-11.929583
1524.746233	-13.082005
1525.522115	-13.675509
1526.298786	-13.350376
1527.076249	-12.252163
1527.854504	-10.835049
1528.633553	-9.423200
1529.413397	-8.150501
1530.194037	-7.052018
1530.975474	-6.125898
1531.757709	-5.359403
1532.540745	-4.738215
1533.324581	-4.249373
1534.109220	-3.881968
1534.894662	-3.627143
1535.680909	-3.477828
1536.467961	-3.428391
1537.255821	-3.474313
1538.044489	-3.611934
1538.833967	-3.838283
1539.624256	-4.150891
1540.415357	-4.547587
1541.207271	-5.026282
1542.000000	-5.584811
1542.793545	-6.220814
1543.587907	-6.931636
1544.383087	-7.714188
1545.179088	-8.564903
1545.975909	-9.479902
1546.773552	-10.455490
1547.572019	-11.489018
1548.371311	-12.580150
1549.171428	-13.732661
1549.972373	-14.957018
1550.774147	-16.273831
1551.576751	-17.718458
1552.380185	-19.347787
1553.184453	-21.251883
1553.989554	-23.575883
1554.795490	-26.551732
1555.602263	-30.387871
1556.409873	-33.287191
1557.218322	-30.688704
1558.027612	-26.912863
1558.837743	-24.015205
1559.648717	-21.819149
1560.460536	-20.097938
1561.273200	-18.711063
1562.086710	-17.571971
1562.901069	-16.624403
1563.716278	-15.829972
1564.532337	-15.161439
1565.349249	-14.598800
1566.167014	-14.126804
1566.985634	-13.733470
1567.805111	-13.409333
1568.625444	-13.146927
1569.446637	-12.940222
1570.268690	-12.784110
1571.091605	-12.674155
1571.915382	-12.606498
1572.740024	-12.577570
1573.565532	-12.583688
1574.391907	-12.620772
1575.219150	-12.684289
1576.047262	-12.769096
1576.876246	-12.869164
1577.706103	-12.977474
1578.536833	-13.086279
1579.368439	-13.187517
1580.200922	-13.273201
1581.034282	-13.336089
1581.868522	-13.370618
1582.703643	-13.373688
1583.539646	-13.344986
1584.376532	-13.287007
1585.214304	-13.204744
1586.052962	-13.105057
1586.892508	-12.995738
1587.732943	-12.884674
1588.574269	-12.779289
1589.416487	-12.686106
1590.259599	-12.610417
1591.103605	-12.556154
1591.948508	-12.525981
1592.794309	-12.521278
1593.641009	-12.542186
1594.488609	-12.587646
1595.337112	-12.655503
1596.186518	-12.742558
1597.036829	-12.844629
1597.888047	-12.956652
1598.740172	-13.072872
1599.593207	-13.187178
1600.447153	-13.293428
1601.302010	-13.385881
1602.157782	-13.459720
1603.014469	-13.511580
1603.872072	-13.539859
1604.730593	-13.544812
1605.590034	-13.528519
1606.450397	-13.494656
1607.311681	-13.448040
1608.173890	-13.394060
1609.037024	-13.338214
1609.901085	-13.285821
1610.766075	-13.241695
1611.631995	-13.209806
1612.498846	-13.193240
1613.366630	-13.194290
1614.235349	-13.214351
1615.105004	-13.253789
1615.975596	-13.312113
1616.847128	-13.388140
1617.719600	-13.479899
1618.593014	-13.584611
1619.467372	-13.698983
1620.342675	-13.819503
1621.218924	-13.942428
1622.096122	-14.063966
1622.974270	-14.180835
1623.853369	-14.290612
1624.733420	-14.391677
1625.614427	-14.483368
1626.496389	-14.566355
1627.379308	-14.642545
1628.263187	-14.714528
1629.148026	-14.785400
1630.033828	-14.858826
1630.920593	-14.938567
1631.808324	-15.027823
1632.697022	-15.129278
1633.586688	-15.245195
1634.477324	-15.376948
1635.368932	-15.524669
1636.261514	-15.687578
1637.155070	-15.864062
1638.049602	-16.051216
1638.945113	-16.244844
1639.841603	-16.440025
1640.739075	-16.631233
1641.637529	-16.812214
1642.536968	-16.976698
1643.437393	-17.119342
1644.338806	-17.235967
1645.241209	-17.323821
1646.144602	-17.382413
1647.048988	-17.413647
1647.954368	-17.421151
1648.860744	-17.409929
1649.768118	-17.386161
1650.676491	-17.356315
1651.585865	-17.326269
1652.496241	-17.301189
1653.407621	-17.285298
1654.320008	-17.281201
1655.233401	-17.289728
1656.147804	-17.310184
1657.063218	-17.340101
1657.979645	-17.375016
1658.897085	-17.408948
1659.815542	-17.434978
1660.735016	-17.445584
1661.655509	-17.433547
1662.577023	-17.393346
1663.499560	-17.322019
1664.423121	-17.219555
1665.347709	-17.089242
1666.273324	-16.937410
1667.199969	-16.772190
1668.127645	-16.602309
1669.056353	-16.436421
1669.986097	-16.282023
1670.916877	-16.144467
1671.848695	-16.026913
1672.781553	-15.930319
1673.715452	-15.853047
1674.650395	-15.791073
1675.586383	-15.738845
1676.523418	-15.689757
1677.461501	-15.636679
1678.400635	-15.573459
1679.340821	-15.496131
1680.282061	-15.403194
1681.224357	-15.296046
1682.167710	-15.179138
1683.112122	-15.058862
1684.057595	-14.942206
1685.004132	-14.836067
1685.951732	-14.746260
1686.900400	-14.676302
1687.850135	-14.627192
1688.800940	-14.597522
1689.752818	-14.583126
1690.705768	-14.577477
1691.659795	-14.572891
1692.614898	-14.561366
1693.571081	-14.535635
1694.528345	-14.490920
1695.486691	-14.425815
1696.446122	-14.342158
1697.406640	-14.244930
1698.368245	-14.141335
1699.330941	-14.038972
1700.294729	-13.944616
1701.259611	-13.863465
1702.225588	-13.798051
1703.192664	-13.747886
1704.160838	-13.710018
1705.130114	-13.679341
1706.100493	-13.649336
1707.071977	-13.613765
1708.044568	-13.567970
1709.018268	-13.509735
1709.993079	-13.440253
1710.969003	-13.364067
1711.946041	-13.287810
1712.924196	-13.219075
1713.903469	-13.165114
1714.883862	-13.131105
1715.865378	-13.119250
1716.848017	-13.128537
1717.831783	-13.154415
1718.816677	-13.189290
1719.802701	-13.224044
1720.789857	-13.249567
1721.778147	-13.258530
1722.767573	-13.247366
1723.758136	-13.217002
1724.749840	-13.172298
1725.742685	-13.120773
1726.736673	-13.070582
1727.731808	-13.028342
1728.728090	-12.997678
1729.725521	-12.978526
1730.724105	-12.967123
1731.723842	-12.957011
1732.724735	-12.940819
1733.726785	-12.912350
1734.729995	-12.868533
1735.734366	-12.810672
1736.739902	-12.744375
1737.746603	-12.678117
1738.754472	-12.621216
1739.763510	-12.581629
1740.773721	-12.563979
1741.785105	-12.568537
1742.797665	-12.591111
1743.811403	-12.623658
1744.826321	-12.656120
1745.842422	-12.678984
1746.859706	-12.685679
1747.878177	-12.674517
1748.897835	-12.649108
1749.918685	-12.616775
1750.940726	-12.586129
1751.963963	-12.564395
1752.988395	-12.554985
1754.014027	-12.556656
1755.040860	-12.564003
1756.068895	-12.568925
1757.098135	-12.563523
1758.128583	-12.543096
1759.160240	-12.507883
1760.193109	-12.463491
1761.227191	-12.419292
1762.262488	-12.385286
1763.299004	-12.369208
1764.336740	-12.374232
1765.375697	-12.397774
1766.415880	-12.432260
1767.457288	-12.467218
1768.499926	-12.492364
1769.543794	-12.501185
1770.588895	-12.493093
1771.635231	-12.473269
1772.682805	-12.450482
1773.731619	-12.433488
1774.781674	-12.427601
1775.832973	-12.432854
1776.885519	-12.444011
1777.939312	-12.452612
1778.994357	-12.450583
1780.050654	-12.433838
1781.108207	-12.404415
1782.167017	-12.370129
1783.227087	-12.341629
1784.288418	-12.328334
1785.351013	-12.335027
1786.414875	-12.359930
1787.480006	-12.395134
1788.546407	-12.429444
1789.614082	-12.452503
1790.683032	-12.458917
1791.753259	-12.450432
1792.824767	-12.434649
1793.897557	-12.421265
1794.971632	-12.417638
1796.046994	-12.425464
1797.123645	-12.440269
1798.201588	-12.453760
1799.280824	-12.457966
1800.361357	-12.449705
1801.443188	-12.432753
1802.526320	-12.416327
1803.610756	-12.411021
1804.696497	-12.423805
1805.783546	-12.454473
1806.871906	-12.495411
1807.961578	-12.534414
1809.052565	-12.560007
1810.144870	-12.567020
1811.238494	-12.558797
1812.333441	-12.545265
1813.429713	-12.537629
1814.527311	-12.542521
1815.626239	-12.559193
1816.726499	-12.580343
1817.828094	-12.596495
1818.931025	-12.602030
1820.035295	-12.598736
1821.140906	-12.595223
1822.247862	-12.602167
1823.356165	-12.625842
1824.465816	-12.664206
1825.576819	-12.707054
1826.689175	-12.740821
1827.802888	-12.756132
1828.917960	-12.753198
1830.034394	-12.741933
1831.152191	-12.736259
1832.271354	-12.746105
1833.391887	-12.772261
1834.513790	-12.806348
1835.637068	-12.836201
1836.761722	-12.853827
1837.887755	-12.860641
1839.015169	-12.866476
1840.143968	-12.882773
1841.274153	-12.914425
1842.405727	-12.955717
1843.538693	-12.993018
1844.673053	-13.013171
1845.808810	-13.012641
1846.945966	-13.000650
1848.084525	-12.993613
1849.224488	-13.004823
1850.365858	-13.036155
1851.508638	-13.077131
1852.652831	-13.111890
1853.798438	-13.129987
1854.945463	-13.133708
1856.093909	-13.135762
1857.243777	-13.149246
1858.395071	-13.177513
1859.547794	-13.211106
1860.701947	-13.234633
1861.857533	-13.238899
1863.014556	-13.229240
1864.173018	-13.222751
1865.332922	-13.235943
1866.494270	-13.272539
1867.657065	-13.319951
1868.821309	-13.357523
1869.987006	-13.371694
1871.154158	-13.366359
1872.322768	-13.359576
1873.492839	-13.368966
1874.664373	-13.398086
1875.837373	-13.434344
1877.011841	-13.459817
1878.187782	-13.467063
1879.365197	-13.466136
1880.544089	-13.475895
1881.724460	-13.507243
1882.906315	-13.552551
1884.089655	-13.590591
1885.274483	-13.604151
1886.460803	-13.595904
1887.648616	-13.587260
1888.837927	-13.600334
1890.028736	-13.639447
1891.221049	-13.687481
1892.414866	-13.720475
1893.610192	-13.729053
1894.807028	-13.726749
1896.005379	-13.736688
1897.205246	-13.769610
1898.406633	-13.813885
1899.609542	-13.846582
1900.813977	-13.856184
1902.019940	-13.854951
1903.227434	-13.867232
1904.436462	-13.905330
1905.647028	-13.956599
1906.859133	-13.994361
1908.072781	-14.003962
1909.287976	-13.998135
1910.504719	-14.004400
1911.723013	-14.037597
1912.942863	-14.085357
1914.164270	-14.120725
1915.387238	-14.130254
1916.611770	-14.128406
1917.837868	-14.141601
1919.065536	-14.179567
1920.294777	-14.224814
1921.525594	-14.251236
1922.757989	-14.253309
1923.991967	-14.252774
1925.227529	-14.274220
1926.464679	-14.317450
1927.703420	-14.356959
1928.943755	-14.370134
1930.185688	-14.363388
1931.429221	-14.364916
1932.674356	-14.392214
1933.921099	-14.432463
1935.169451	-14.457683
1936.419415	-14.457951
1937.670996	-14.453188
1938.924195	-14.468395
1940.179017	-14.503506
1941.435463	-14.533883
1942.693538	-14.540967
1943.953245	-14.535586
1945.214586	-14.543466
1946.477566	-14.571984
1947.742186	-14.600618
1949.008451	-14.607392
1950.276363	-14.597995
1951.545926	-14.598452
1952.817143	-14.620903
1954.090017	-14.647907
1955.364551	-14.655811
1956.640749	-14.646741
1957.918615	-14.645182
1959.198150	-14.663754
1960.479359	-14.685987
1961.762244	-14.689736
1963.046810	-14.679010
1964.333059	-14.677956
1965.620995	-14.695066
1966.910621	-14.709813
1968.201940	-14.702312
1969.494956	-14.684233
1970.789672	-14.683283
1972.086091	-14.702579
1973.384217	-14.714674
1974.684053	-14.701240
1975.985602	-14.681172
1977.288869	-14.682673
1978.593855	-14.700711
1979.900566	-14.704133
1981.209003	-14.683589
1982.519171	-14.666571
1983.831073	-14.674009
1985.144712	-14.686517
1986.460093	-14.674608
1987.777217	-14.647609
1989.096089	-14.640563
1990.416713	-14.657450
1991.739092	-14.662423
1993.063228	-14.637075
1994.389127	-14.612419
1995.716791	-14.618681
1997.046223	-14.634218
1998.377428	-14.619439
1999.710409	-14.583892
2001.045169	-14.571364
2002.381713	-14.585113
2003.720043	-14.580909
2005.060163	-14.543732
2006.402077	-14.516471
2007.745788	-14.525063
2009.091301	-14.530511
2010.438618	-14.495732
2011.787743	-14.453875
2013.138680	-14.450209
2014.491433	-14.459310
2015.846005	-14.428774
2017.202399	-14.376826
2018.560621	-14.361222
2019.920673	-14.372541
2021.282558	-14.350239
2022.646281	-14.297550
2024.011846	-14.277181
2025.379256	-14.290312
2026.748515	-14.271050
2028.119626	-14.214256
2029.492594	-14.188886
2030.867422	-14.202954
2032.244114	-14.185314
2033.622673	-14.127763
2035.003104	-14.105484
2036.385411	-14.125730
2037.769597	-14.109156
2039.155665	-14.050334
2040.543621	-14.030878
2041.933467	-14.049660
2043.325208	-14.022444
2044.718847	-13.960435
2046.114389	-13.950322
2047.511837	-13.969451
2048.911195	-13.930960
2050.312467	-13.872811
2051.715657	-13.876730
2053.120769	-13.886247
2054.527807	-13.826552
2055.936775	-13.774418
2057.347677	-13.790560
2058.760516	-13.782760
2060.175297	-13.712746
2061.592025	-13.687207
2063.010701	-13.713550
2064.431332	-13.677863
2065.853921	-13.608357
2067.278472	-13.612763
2068.704988	-13.625461
2070.133475	-13.560510
2071.563936	-13.521401
2072.996375	-13.556098
2074.430796	-13.536801
2075.867204	-13.465895
2077.305603	-13.473480
2078.745996	-13.497945
2080.188389	-13.433216
2081.632784	-13.396273
2083.079187	-13.439693
2084.527601	-13.416725
2085.978030	-13.348921
2087.430480	-13.373626
2088.884954	-13.390294
2090.341455	-13.313313
2091.799990	-13.298373
2093.260561	-13.341557
2094.723173	-13.285880
2096.187831	-13.234976
2097.654538	-13.282195
2099.123300	-13.257358
2100.594119	-13.177085
2102.067001	-13.205508
2103.541950	-13.213031
2105.018971	-13.125735
2106.498067	-13.132339
2107.979243	-13.167863
2109.462503	-13.085995
2110.947853	-13.065556
2112.435295	-13.115249
2113.924836	-13.046837
2115.416478	-13.008627
2116.910227	-13.072121
2118.406087	-13.024082
2119.904063	-12.971855
2121.404158	-13.038086
2122.906378	-13.003782
2124.410727	-12.942308
2125.917210	-13.013024
2127.425831	-12.993939
2128.936594	-12.929465
2130.449505	-12.999996
2131.964567	-12.981943
2133.481786	-12.912723
2135.001166	-12.985875
2136.522711	-12.968638
2138.046427	-12.902792
2139.572317	-12.979139
2141.100388	-12.949405
2142.630642	-12.884234
2144.163085	-12.962709
2145.697722	-12.920723
2147.234558	-12.870803
2148.773596	-12.951998
2150.314842	-12.889345
2151.858301	-12.858262
2153.403977	-12.935163
2154.951875	-12.855847
2156.502000	-12.858760
2158.054357	-12.922273
2159.608950	-12.829626
2161.165785	-12.869488
2162.724866	-12.905791
2164.286198	-12.821792
2165.849786	-12.901299
2167.415635	-12.894828
2168.983749	-12.837784
2170.554134	-12.935173
2172.126795	-12.883219
2173.701737	-12.882161
2175.278964	-12.965565
2176.858481	-12.883160
2178.440294	-12.942053
2180.024408	-12.970589
2181.610827	-12.904141
2183.199557	-13.004065
2184.790602	-12.961203
2186.383968	-12.955216
2187.979660	-13.035783
2189.577683	-12.954925
2191.178041	-13.027124
2192.780741	-13.032928
2194.385787	-12.985666
2195.993185	-13.082095
2197.602939	-13.013723
2199.215054	-13.057165
2200.829537	-13.093210
2202.446392	-13.031767
2204.065624	-13.129945
2205.687239	-13.075916
2207.311242	-13.109660
2208.937638	-13.158833
2210.566433	-13.102593
2212.197631	-13.204811
2213.831239	-13.158858
2215.467261	-13.206009
2217.105703	-13.252283
2218.746570	-13.215180
2220.389867	-13.321362
2222.035601	-13.273029
2223.683776	-13.347623
2225.334398	-13.368760
2226.987472	-13.362860
2228.643004	-13.455503
2230.300999	-13.406054
2231.961463	-13.505744
2233.624402	-13.485659
2235.289820	-13.529370
2236.957723	-13.576826
2238.628118	-13.557010
2240.301009	-13.652305
2241.976402	-13.608660
2243.654303	-13.701260
2245.334717	-13.683490
2247.017650	-13.732815
2248.703108	-13.768717
2250.391096	-13.766691
2252.081620	-13.848301
2253.774686	-13.816813
2255.470300	-13.918403
2257.168467	-13.890767
2258.869193	-13.980942
2260.572484	-13.984619
2262.278345	-14.045403
2263.986783	-14.094535
2265.697804	-14.118652
2267.411412	-14.208233
2269.127615	-14.205129
2270.846417	-14.322176
2272.567826	-14.306265
2274.291846	-14.427003
2276.018484	-14.415667
2277.747745	-14.528071
2279.479637	-14.532809
2281.214164	-14.621757
2282.951333	-14.648275
2284.691149	-14.714787
2286.433619	-14.763154
2288.178750	-14.806927
2289.926546	-14.876960
2291.677014	-14.900050
2293.430161	-14.985221
2295.185992	-14.993617
2296.944513	-15.096349
2298.705732	-15.095497
2300.469653	-15.208610
2302.236283	-15.199367
2304.005629	-15.328210
2305.777696	-15.325722
2307.552492	-15.457628
2309.330022	-15.460898
2311.110292	-15.602715
2312.893310	-15.610428
2314.679080	-15.761558
2316.467611	-15.769434
2318.258907	-15.921725
2320.052976	-15.936953
2321.849824	-16.086192
2323.649457	-16.105752
2325.451883	-16.245545
2327.257106	-16.276653
2329.065135	-16.404060
2330.875975	-16.450408
2332.689633	-16.553124
2334.506116	-16.626098
2336.325430	-16.701851
2338.147581	-16.802445
2339.972578	-16.844979
2341.800425	-16.980713
2343.631130	-16.990083
2345.464700	-17.153988
2347.301141	-17.142921
2349.140461	-17.321413
2350.982665	-17.313520
2352.827760	-17.483221
2354.675754	-17.510514
2356.526653	-17.646151
2358.380464	-17.739752
2360.237195	-17.820259
2362.096851	-17.989543
2363.959440	-18.018902
2365.824968	-18.240004
2367.693444	-18.251479
2369.564873	-18.463893
2371.439263	-18.521455
2373.316620	-18.659490
2375.196953	-18.807475
2377.080267	-18.849951
2378.966570	-19.073332
2380.855869	-19.069941
2382.748171	-19.285541
2384.643484	-19.338886
2386.541815	-19.449601
2388.443170	-19.622951
2390.347557	-19.623045
2392.254984	-19.858950
2394.165457	-19.865061
2396.078984	-20.021554
2397.995572	-20.161819
2399.915229	-20.179446
2401.837961	-20.424944
2403.763777	-20.431866
2405.692684	-20.606210
2407.624689	-20.771081
2409.559800	-20.799918
2411.498023	-21.076877
2413.439368	-21.126280
2415.383840	-21.293232
2417.331449	-21.525757
2419.282201	-21.549511
2421.236104	-21.828077
2423.193165	-21.951931
2425.153393	-22.039280
2427.116795	-22.329778
2429.083378	-22.361900
2431.053151	-22.533892
2433.026121	-22.774691
2435.002297	-22.771428
2436.981685	-23.004571
2438.964293	-23.166183
2440.950131	-23.169247
2442.939204	-23.451389
2444.931522	-23.535768
2446.927092	-23.592583
2448.925923	-23.865573
2450.928022	-23.930039
2452.933397	-24.012013
2454.942056	-24.293988
2456.954008	-24.346903
2458.969260	-24.463022
2460.987821	-24.760690
2463.009699	-24.836334
2465.034902	-24.980723
2467.063437	-25.299495
2469.095315	-25.410981
2471.130542	-25.549429
2473.169127	-25.882520
2475.211078	-26.029845
2477.256404	-26.131794
2479.305112	-26.451846
2481.357212	-26.631809
2483.412713	-26.673005
2485.471621	-26.938548
2487.533946	-27.164883
2489.599696	-27.179175
2491.668880	-27.357697
2493.741507	-27.634094
2495.817585	-27.691395
2497.897122	-27.772991
2499.980127	-28.049136
2502.066609	-28.209910
2504.156578	-28.225729
2506.250040	-28.409818
2508.347006	-28.683308
2510.447483	-28.755940
2512.551482	-28.839998
2514.659010	-29.146025
2516.770076	-29.419351
2518.884690	-29.507618
2521.002861	-29.706167
2523.124597	-30.083039
2525.249907	-30.347111
2527.378801	-30.448853
2529.511287	-30.676971
2531.647375	-31.034916
2533.787074	-31.268575
2535.930393	-31.343175
2538.077340	-31.493784
2540.227927	-31.799828
2542.382160	-32.017345
2544.540051	-32.052977
2546.701608	-32.130901
2548.866840	-32.375235
2551.035757	-32.621536
2553.208369	-32.707669
2555.384684	-32.744496
2557.564713	-32.874575
2559.748465	-33.108029
2561.935948	-33.293642
2564.127174	-33.398806
2566.322152	-33.448665
2568.520890	-33.626650
2570.723399	-34.034632
2572.929689	-34.329382
2575.139769	-34.497945
2577.353649	-34.735015
2579.571340	-35.041827
2581.792849	-35.422408
2584.018189	-35.830521
2586.247368	-36.085082
2588.480396	-36.239076
2590.717284	-36.401404
2592.958041	-36.606295
2595.202678	-36.911425
2597.451204	-37.143645
2599.703630	-37.293829
2601.959966	-37.374268
2604.220222	-37.402808
2606.484408	-37.494097
2608.752535	-37.631270
2611.024612	-37.799959
2613.300651	-37.905503
2615.580661	-37.982967
2617.864653	-38.041378
2620.152638	-38.029692
2622.444625	-38.129822
2624.740626	-38.354623
2627.040651	-38.632495
2629.344710	-38.999243
2631.652814	-39.359923
2633.964974	-39.804672
2636.281200	-40.161900
2638.601504	-40.522135
2640.925896	-40.910010
2643.254386	-41.245768
2645.586987	-41.577414
2647.923707	-41.912477
2650.264559	-42.251907
2652.609554	-42.544850
2654.958702	-42.824491
2657.312015	-42.997096
2659.669503	-43.153884
2662.031178	-43.249654
2664.397051	-43.182216
2666.767132	-43.258703
2669.141434	-43.149959
2671.519968	-42.973612
2673.902745	-42.892423
2676.289776	-42.651208
2678.681072	-42.595849
2681.076646	-42.653634
2683.476508	-42.601729
2685.880671	-42.909695
2688.289145	-43.147772
2690.701942	-43.581649
2693.119075	-43.971258
2695.540554	-44.517788
2697.966391	-45.066724
2700.396599	-45.679937
2702.831189	-46.205382
2705.270172	-46.880214
2707.713561	-47.606129
2710.161368	-48.212269
2712.613605	-49.005762
2715.070283	-49.477881
2717.531416	-50.021926
2719.997014	-50.294030
2722.467090	-50.357212
2724.941657	-50.346218
2727.420726	-49.987703
2729.904310	-49.500340
2732.392421	-49.043895
2734.885072	-48.435600
2737.382275	-48.098774
2739.884042	-47.764585
2742.390387	-47.550316
2744.901321	-47.579110
2747.416857	-47.604899
2749.937008	-47.718376
2752.461787	-47.911845
2754.991206	-48.107390
2757.525279	-48.270603
2760.064017	-48.673053
2762.607434	-48.900672
2765.155544	-49.459299
2767.708358	-50.098565
2770.265890	-50.783806
2772.828153	-51.861300
2775.395160	-52.711083
2777.966924	-54.286012
2780.543459	-55.779578
2783.124778	-57.054289
2785.710894	-58.290449
2788.301821	-58.224862
2790.897572	-58.564922
2793.498160	-57.696281
2796.103599	-56.096767
2798.713903	-55.057742
2801.329085	-54.172993
2803.949159	-54.006859
2806.574139	-53.638954
2809.204038	-52.990969
2811.838871	-52.968076
2814.478650	-52.586364
2817.123391	-52.491123
2819.773107	-52.517893
2822.427812	-52.726594
2825.087521	-52.994607
2827.752247	-52.901753
2830.422005	-53.064194
2833.096808	-53.227062
2835.776672	-53.629230
2838.461611	-54.290687
2841.151638	-55.171610
2843.846769	-56.273042
2846.547019	-57.324771
2849.252401	-58.465934
2851.962930	-59.970488
2854.678621	-63.281810
2857.399489	-67.214980
2860.125549	-67.226399
2862.856815	-64.731091
2865.593302	-63.104683
2868.335026	-64.348078
2871.082002	-64.140073
2873.834244	-63.017738
2876.591767	-61.212215
2879.354588	-60.472086
2882.122721	-61.562932
2884.896181	-60.481185
2887.674984	-59.150629
2890.459146	-58.274438
2893.248681	-58.078242
2896.043606	-58.095078
2898.843937	-57.509398
2901.649687	-57.043584
2904.460875	-56.994504
2907.277515	-57.529484
2910.099623	-58.109151
2912.927215	-58.180465
2915.760308	-58.984031
2918.598916	-60.870202
2921.443057	-62.837808
2924.292747	-63.624425
2927.148002	-64.156731
2930.008837	-65.581658
2932.875270	-65.264689
2935.747318	-65.260151
2938.624995	-66.286331
2941.508320	-67.282484
2944.397308	-68.325149
2947.291977	-69.489467
2950.192343	-72.268619
2953.098423	-72.123408
2956.010234	-74.859422
2958.927792	-71.676761
2961.851116	-67.675533
2964.780221	-67.151630
2967.715126	-64.810474
2970.655847	-63.052774
2973.602402	-62.852911
2976.554808	-62.251748
2979.513083	-61.384227
2982.477243	-62.405921
2985.447308	-63.467328
2988.423293	-63.574132
2991.405218	-65.479837
2994.393099	-67.226699
2997.386955	-66.217944
