# 2022-03-22_10.55.40
# shape = sech2
# FWHM_ps = 0.11
# carrier_nm = 1542
# frep_MHz = 12126
# pow_mW = 8000
# GDD = 0.0
# propa_len = 0.13244444444444445
# untap_len = 0.01
# taper_len = 0.07244444444444445
# waist_len = 0.02
# uptap_len = 0.02
# untap_scale = 1.0
# waist_scale = 0.17894736842105266
# workingDir = NL_20110305_12 (Spirou)
# axis = slow
# window_ps = 10.0
# steps = 200
# points = 21700
# 
# wavelength [nm]	 power spectral density [dB]
600.043425	-83.237418
600.163550	-85.838413
600.283723	-87.366418
600.403943	-84.007712
600.524212	-81.262024
600.644529	-80.297097
600.764895	-80.957619
600.885308	-83.360881
601.005770	-88.304407
601.126280	-99.649162
601.246839	-104.142873
601.367446	-102.797568
601.488101	-96.455804
601.608804	-87.129361
601.729557	-82.057425
601.850357	-79.409061
601.971206	-78.420484
602.092104	-78.799188
602.213050	-80.103257
602.334045	-80.631942
602.455089	-79.453716
602.576181	-77.849154
602.697322	-76.981546
602.818511	-77.393767
602.939749	-79.061360
603.061036	-81.921274
603.182372	-86.298243
603.303757	-91.462765
603.425191	-90.856146
603.546673	-86.644512
603.668204	-82.854444
603.789785	-80.156933
603.911414	-78.615133
604.033092	-78.137744
604.154820	-78.689006
604.276596	-79.930083
604.398422	-80.242384
604.520297	-79.026118
604.642220	-77.833998
604.764193	-77.452755
604.886216	-78.384670
605.008287	-81.094731
605.130408	-86.585085
605.252578	-96.191503
605.374798	-92.287899
605.497066	-90.444422
605.619385	-91.929374
605.741752	-90.060986
605.864169	-85.991073
605.986636	-83.835002
606.109152	-83.750949
606.231718	-86.100083
606.354333	-88.350279
606.476998	-84.561648
606.599712	-80.709355
606.722476	-78.812660
606.845290	-78.791592
606.968154	-80.209030
607.091067	-81.730577
607.214030	-81.183618
607.337043	-79.413977
607.460106	-78.540750
607.583219	-78.999779
607.706381	-80.832998
607.829594	-84.507060
607.952856	-90.378578
608.076169	-96.981726
608.199531	-101.557919
608.322944	-92.249550
608.446407	-84.763817
608.569920	-80.748739
608.693483	-78.887285
608.817096	-78.739321
608.940759	-80.134039
609.064473	-81.984152
609.188237	-81.115143
609.312051	-78.784322
609.435916	-77.691297
609.559831	-78.140468
609.683796	-80.376932
609.807812	-84.595923
609.931878	-87.709328
610.055995	-85.988290
610.180162	-84.907763
610.304380	-86.855327
610.428648	-89.365315
610.552967	-85.290130
610.677337	-81.813746
610.801757	-80.806942
610.926228	-82.009284
611.050750	-84.047974
611.175323	-82.874894
611.299946	-80.161306
611.424620	-79.183876
611.549345	-80.267550
611.674121	-84.046254
611.798948	-95.708276
611.923826	-90.982367
612.048755	-85.877341
612.173734	-86.225160
612.298765	-90.672393
612.423847	-88.942764
612.548980	-82.717738
612.674165	-80.509074
612.799400	-80.326570
612.924687	-82.020540
613.050025	-85.202085
613.175414	-85.932271
613.300854	-83.348354
613.426346	-81.780409
613.551889	-82.482884
613.677484	-85.731868
613.803130	-88.331887
613.928827	-83.942278
614.054576	-81.476986
614.180377	-81.785325
614.306229	-86.241289
614.432132	-103.435886
614.558087	-88.256192
614.684094	-84.705657
614.810153	-86.126463
614.936263	-88.599805
615.062425	-84.284806
615.188639	-80.104523
615.314904	-78.093984
615.441222	-77.731602
615.567591	-78.420831
615.694012	-79.871108
615.820486	-81.120543
615.947011	-81.089878
616.073588	-81.097465
616.200217	-82.726829
616.326898	-85.621228
616.453632	-85.666474
616.580417	-83.634677
616.707255	-83.226628
616.834144	-83.245122
616.961086	-81.235473
617.088081	-78.277970
617.215127	-76.626477
617.342226	-76.391905
617.469378	-77.156351
617.596581	-78.598857
617.723837	-79.615196
617.851146	-79.635878
617.978507	-79.827598
618.105920	-81.233220
618.233386	-85.411217
618.360905	-93.861657
618.488476	-89.541995
618.616100	-87.091917
618.743777	-86.431741
618.871506	-82.270431
618.999288	-78.680131
619.127123	-76.870690
619.255011	-76.678663
619.382951	-77.759026
619.510945	-79.408352
619.638991	-81.230518
619.767090	-82.815147
619.895243	-84.606437
620.023448	-89.829763
620.151706	-94.432988
620.280017	-84.900866
620.408382	-80.695187
620.536799	-79.776254
620.665270	-81.209213
620.793794	-82.920226
620.922371	-82.241403
621.051002	-81.356620
621.179686	-82.887514
621.308423	-87.701866
621.437213	-88.935563
621.566057	-84.718714
621.694954	-82.834535
621.823905	-83.004437
621.952909	-83.354631
622.081967	-81.915066
622.211079	-79.711908
622.340244	-78.895062
622.469462	-79.534113
622.598735	-80.997473
622.728061	-82.175027
622.857441	-82.405109
622.986874	-83.377216
623.116361	-86.915777
623.245903	-95.081623
623.375498	-86.717154
623.505147	-82.352082
623.634850	-81.154962
623.764606	-81.145757
623.894417	-81.545552
624.024282	-81.240969
624.154201	-81.504544
624.284174	-84.018563
624.414202	-91.221298
624.544283	-90.874261
624.674419	-83.062871
624.804609	-79.883523
624.934853	-78.546421
625.065151	-78.254937
625.195504	-77.976872
625.325911	-77.567913
625.456373	-78.116164
625.586889	-80.416662
625.717460	-84.955212
625.848085	-85.132118
625.978764	-82.448380
626.109498	-81.690496
626.240287	-81.895945
626.371131	-82.166773
626.502029	-81.927978
626.632982	-82.308055
626.763989	-84.999184
626.895052	-94.896288
627.026169	-90.375689
627.157341	-83.443047
627.288568	-80.431653
627.419850	-79.185964
627.551187	-78.250592
627.682579	-77.318508
627.814026	-77.084425
627.945528	-78.057874
628.077085	-80.953959
628.208697	-85.880021
628.340364	-87.322505
628.472087	-83.688364
628.603865	-82.566029
628.735698	-82.721311
628.867586	-82.767928
628.999530	-82.964823
629.131529	-83.766751
629.263584	-88.573476
629.395694	-96.510447
629.527859	-85.576788
629.660080	-81.252986
629.792357	-79.318481
629.924689	-78.125745
630.057077	-77.235982
630.189520	-76.060549
630.322019	-75.109622
630.454574	-75.779830
630.587184	-78.055119
630.719851	-81.243985
630.852573	-84.765125
630.985351	-88.582952
631.118185	-100.939048
631.251075	-88.165877
631.384021	-82.549289
631.517023	-80.690788
631.650081	-80.146806
631.783195	-79.402585
631.916365	-78.375310
632.049592	-77.597663
632.182874	-77.760893
632.316213	-79.282531
632.449608	-82.152414
632.583059	-84.833389
632.716567	-84.133440
632.850131	-83.366777
632.983751	-84.584575
633.117428	-86.135590
633.251161	-84.442931
633.384951	-83.803674
633.518797	-84.824642
633.652700	-84.820363
633.786660	-81.930708
633.920676	-79.898713
634.054749	-79.825832
634.188879	-81.835453
634.323065	-82.520240
634.457308	-79.972308
634.591608	-78.798089
634.725965	-79.049790
634.860379	-80.396510
634.994850	-82.213218
635.129377	-85.037537
635.263962	-89.141752
635.398604	-106.299372
635.533303	-84.782605
635.668058	-79.463001
635.802872	-77.972644
635.937742	-78.359744
636.072669	-78.868986
636.207654	-78.095260
636.342696	-78.026788
636.477796	-78.906094
636.612953	-81.079216
636.748167	-87.247703
636.883439	-106.170033
637.018768	-89.165765
637.154155	-87.917484
637.289599	-84.538306
637.425101	-80.046978
637.560660	-78.305857
637.696277	-78.143090
637.831952	-78.071160
637.967685	-77.311543
638.103475	-76.170464
638.239324	-75.648712
638.375230	-76.619190
638.511194	-79.913431
638.647215	-86.926582
638.783295	-92.607503
638.919433	-93.716521
639.055629	-91.104588
639.191883	-85.207040
639.328195	-82.465483
639.464565	-81.625128
639.600994	-81.601943
639.737481	-81.225702
639.874025	-79.148855
640.010629	-77.544193
640.147290	-78.413761
640.284010	-82.460320
640.420789	-87.007737
640.557625	-83.104324
640.694521	-81.949098
640.831474	-84.435243
640.968487	-86.666044
641.105558	-84.088157
641.242687	-81.983461
641.379876	-82.050397
641.517123	-83.270277
641.654429	-83.010661
641.791793	-82.446949
641.929216	-84.564524
642.066699	-101.714493
642.204240	-83.255333
642.341840	-77.382962
642.479499	-75.244451
642.617217	-75.016893
642.754994	-75.415607
642.892830	-75.072415
643.030726	-75.405163
643.168680	-77.428275
643.306694	-82.188847
643.444767	-96.672732
643.582899	-88.598512
643.721091	-84.766860
643.859342	-83.620804
643.997652	-80.723252
644.136022	-77.932614
644.274451	-77.731957
644.412940	-80.332228
644.551488	-86.752845
644.690096	-86.240844
644.828763	-81.785589
644.967490	-82.283048
645.106277	-85.943282
645.245124	-85.703262
645.384030	-81.971011
645.522997	-81.326266
645.662023	-82.342897
645.801109	-81.531431
645.940255	-79.856508
646.079460	-80.472433
646.218726	-86.301411
646.358052	-91.843736
646.497438	-80.772104
646.636884	-77.683869
646.776391	-77.418660
646.915957	-78.274888
647.055584	-77.588782
647.195271	-77.304593
647.335019	-79.159914
647.474826	-84.679995
647.614695	-85.493986
647.754623	-81.286035
647.894612	-81.860625
648.034662	-85.409605
648.174772	-81.249781
648.314943	-77.199230
648.455174	-76.189870
648.595466	-77.101448
648.735819	-79.960730
648.876233	-83.854318
649.016707	-86.907505
649.157242	-89.808106
649.297838	-87.127963
649.438495	-82.937044
649.579213	-82.196442
649.719992	-85.641190
649.860832	-85.452994
650.001733	-79.010653
650.142695	-75.666300
650.283718	-74.944630
650.424803	-75.206140
650.565949	-75.579613
650.707156	-76.067908
650.848424	-77.560534
650.989754	-82.860814
651.131145	-87.020682
651.272597	-78.912807
651.414111	-75.871969
651.555687	-75.289309
651.697324	-75.243649
651.839022	-75.617492
651.980782	-76.306115
652.122604	-79.390542
652.264488	-88.929878
652.406433	-84.261192
652.548441	-79.572495
652.690510	-79.055732
652.832640	-80.253599
652.974833	-80.070747
653.117088	-80.537450
653.259405	-84.121116
653.401784	-82.070478
653.544224	-76.753673
653.686727	-74.913193
653.829293	-76.093347
653.971920	-80.209191
654.114609	-86.042701
654.257361	-81.446894
654.400175	-80.372029
654.543052	-82.445357
654.685991	-85.243024
654.828992	-81.928139
654.972056	-79.382435
655.115183	-77.214270
655.258372	-75.859949
655.401623	-76.448846
655.544937	-81.106516
655.688314	-85.032342
655.831754	-76.300897
655.975256	-72.847251
656.118822	-72.011839
656.262450	-73.190982
656.406141	-76.266697
656.549894	-80.457246
656.693711	-86.239486
656.837591	-94.934640
656.981534	-86.093369
657.125540	-80.713851
657.269610	-78.830810
657.413742	-77.377657
657.557938	-75.887542
657.702196	-75.114899
657.846519	-76.248411
657.990904	-77.520605
658.135353	-76.519004
658.279866	-75.090504
658.424441	-76.100741
658.569081	-81.164261
658.713784	-93.518938
658.858550	-80.561470
659.003381	-76.248920
659.148274	-74.417730
659.293232	-74.203657
659.438253	-75.516612
659.583339	-79.052000
659.728488	-82.048747
659.873701	-78.476804
660.018978	-75.952208
660.164318	-75.705786
660.309723	-76.941304
660.455192	-78.326279
660.600725	-79.138301
660.746323	-80.733745
660.891984	-82.009966
661.037710	-80.912325
661.183500	-80.206736
661.329354	-81.147824
661.475272	-80.713778
661.621255	-77.333263
661.767303	-74.771558
661.913415	-73.946873
662.059591	-74.557649
662.205833	-76.174259
662.352138	-79.117626
662.498509	-86.692762
662.644944	-85.448050
662.791443	-77.477685
662.938008	-74.871663
663.084638	-74.128549
663.231332	-73.483445
663.378091	-72.611795
663.524915	-72.763620
663.671804	-74.481294
663.818759	-77.791092
663.965778	-80.144791
664.112863	-81.626578
664.260012	-84.035951
664.407227	-82.538192
664.554507	-79.326317
664.701853	-78.484966
664.849264	-79.472056
664.996740	-79.716760
665.144282	-78.163816
665.291889	-77.510166
665.439561	-77.923315
665.587300	-77.882674
665.735103	-76.956340
665.882973	-78.678968
666.030908	-88.659482
666.178909	-81.857674
666.326976	-75.722912
666.475109	-73.952457
666.623307	-73.425124
666.771571	-73.021586
666.919902	-73.621499
667.068298	-77.155809
667.216761	-88.152974
667.365289	-86.229812
667.513884	-80.373871
667.662545	-78.834280
667.811272	-76.957094
667.960065	-75.109573
668.108925	-74.691918
668.257851	-75.876140
668.406843	-77.324636
668.555902	-77.731213
668.705027	-79.437126
668.854219	-87.124909
669.003478	-80.389882
669.152803	-74.568438
669.302195	-72.698955
669.451653	-72.066120
669.601179	-71.538198
669.750771	-71.553245
669.900430	-73.451216
670.050156	-78.006562
670.199949	-82.432931
670.349808	-81.484095
670.499735	-79.233041
670.649729	-76.562865
670.799790	-75.036171
670.949918	-74.922218
671.100114	-75.772708
671.250377	-75.695644
671.400707	-74.915053
671.551104	-74.908754
671.701569	-77.175544
671.852101	-83.799768
672.002700	-110.738865
672.153368	-92.456639
672.304102	-83.981588
672.454905	-77.852680
672.605775	-75.968294
672.756713	-77.566034
672.907718	-81.042821
673.058791	-78.494514
673.209933	-77.161131
673.361142	-80.099208
673.512419	-89.608306
673.663764	-92.705051
673.815177	-87.359662
673.966658	-80.382549
674.118207	-76.213053
674.269825	-75.102206
674.421510	-76.031869
674.573264	-77.986211
674.725086	-81.018594
674.876977	-84.571989
675.028936	-87.926246
675.180963	-84.787950
675.333059	-79.064938
675.485224	-76.471144
675.637457	-76.236382
675.789758	-75.908647
675.942129	-73.520091
676.094568	-72.235404
676.247075	-73.176977
676.399652	-76.203117
676.552298	-79.113031
676.705012	-77.891328
676.857795	-75.043442
677.010648	-73.413319
677.163569	-73.787122
677.316560	-75.230822
677.469619	-74.471933
677.622748	-72.539875
677.775946	-72.078991
677.929214	-73.192723
678.082551	-74.858827
678.235957	-75.657661
678.389432	-75.949451
678.542977	-75.928551
678.696592	-75.375888
678.850276	-74.932933
679.004030	-74.925161
679.157853	-75.190940
679.311746	-74.641699
679.465709	-73.804897
679.619742	-74.182958
679.773844	-76.871255
679.928017	-81.012741
680.082259	-81.171202
680.236571	-78.866657
680.390954	-76.204137
680.545406	-74.802090
680.699929	-75.058803
680.854522	-74.903009
681.009185	-72.746291
681.163918	-72.044206
681.318722	-74.201498
681.473596	-80.328083
681.628540	-87.553916
681.783555	-89.036066
681.938641	-89.634265
682.093797	-80.258297
682.249023	-77.936498
682.404321	-78.605343
682.559689	-77.856299
682.715128	-75.971037
682.870637	-76.019481
683.026218	-79.015369
683.181869	-85.633699
683.337591	-93.788165
683.493385	-86.593211
683.649249	-79.704018
683.805185	-75.047796
683.961191	-72.679776
684.117269	-72.438756
684.273418	-73.790366
684.429639	-75.279637
684.585930	-76.074647
684.742294	-78.689335
684.898728	-81.146528
685.055234	-77.637925
685.211812	-74.925493
685.368461	-71.608424
685.525182	-68.629880
685.681975	-67.676845
685.838839	-68.854492
685.995775	-71.180574
686.152783	-72.966171
686.309863	-76.170167
686.467014	-82.632387
686.624238	-77.980520
686.781534	-75.730097
686.938902	-75.400891
687.096342	-72.857340
687.253854	-70.852057
687.411438	-70.925753
687.569095	-71.131981
687.726824	-70.424618
687.884626	-70.727627
688.042499	-73.913061
688.200446	-81.973729
688.358465	-83.595228
688.516556	-76.599637
688.674720	-72.242366
688.832957	-69.351711
688.991266	-68.223074
689.149649	-68.533062
689.308104	-68.910073
689.466632	-68.844961
689.625233	-70.264567
689.783906	-75.604813
689.942653	-87.962112
690.101473	-78.034875
690.260367	-74.787866
690.419333	-71.278403
690.578372	-68.943434
690.737485	-69.513862
690.896672	-72.242894
691.055931	-73.206984
691.215264	-74.205214
691.374671	-82.297343
691.534151	-77.554904
691.693704	-72.443579
691.853332	-72.041955
692.013033	-70.681891
692.172807	-68.605272
692.332656	-69.211140
692.492578	-72.914919
692.652575	-72.153225
692.812645	-70.110947
692.972789	-71.114880
693.133007	-71.079131
693.293300	-69.972351
693.453666	-72.592179
693.614107	-76.258675
693.774622	-70.450285
693.935211	-68.769586
694.095875	-70.046509
694.256613	-70.963602
694.417426	-72.057660
694.578313	-79.088714
694.739274	-76.136457
694.900311	-70.377940
695.061421	-69.878042
695.222607	-69.743857
695.383868	-67.690957
695.545203	-67.406796
695.706613	-69.431613
695.868098	-70.830859
696.029658	-71.312644
696.191293	-74.798345
696.353003	-72.487110
696.514789	-68.188002
696.676649	-67.771838
696.838585	-69.480420
697.000596	-70.006442
697.162682	-70.749330
697.324844	-72.490023
697.487081	-69.462171
697.649394	-67.441683
697.811782	-68.916474
697.974246	-72.967802
698.136786	-72.730886
698.299401	-72.617982
698.462092	-72.403590
698.624859	-69.329337
698.787702	-69.061742
698.950621	-71.066478
699.113616	-67.889808
699.276686	-65.239896
699.439833	-65.665499
699.603056	-67.427016
699.766355	-68.308581
699.929731	-71.650304
700.093183	-79.399392
700.256711	-70.027909
700.420315	-68.333035
700.583996	-69.816442
700.747754	-67.978882
700.911588	-66.971923
701.075499	-69.715030
701.239486	-71.076464
701.403550	-69.410170
701.567691	-72.329819
701.731909	-71.487379
701.896203	-67.006633
702.060575	-67.242110
702.225024	-69.548911
702.389549	-68.107854
702.554152	-68.111851
702.718832	-70.321098
702.883589	-68.001466
703.048424	-67.135063
703.213335	-71.505487
703.378324	-72.331828
703.543391	-67.690793
703.708535	-67.268603
703.873757	-66.423174
704.039056	-65.066074
704.204433	-67.024147
704.369887	-76.599566
704.535420	-76.357324
704.701030	-72.403984
704.866718	-69.393900
705.032484	-65.002271
705.198328	-63.913424
705.364250	-65.310731
705.530250	-65.633315
705.696328	-65.870302
705.862485	-71.054931
706.028720	-81.417442
706.195033	-69.891100
706.361424	-68.654319
706.527894	-66.635971
706.694442	-64.567229
706.861069	-65.749951
707.027775	-68.709412
707.194559	-66.954720
707.361422	-67.245742
707.528363	-73.528891
707.695384	-75.313564
707.862483	-73.094175
708.029661	-71.552121
708.196918	-66.187460
708.364254	-65.214633
708.531670	-68.436074
708.699164	-69.027635
708.866738	-67.087864
709.034391	-69.045987
709.202123	-69.228837
709.369935	-67.979002
709.537826	-71.896678
709.705796	-70.866540
709.873847	-66.082251
710.041976	-66.317288
710.210186	-68.733035
710.378475	-68.815610
710.546844	-71.968971
710.715292	-75.487058
710.883821	-68.565844
711.052429	-68.869161
711.221118	-72.403584
711.389887	-68.280796
711.558735	-67.288631
711.727664	-68.502245
711.896673	-66.909305
712.065763	-67.499609
712.234932	-73.446749
712.404183	-70.257174
712.573513	-67.860491
712.742924	-69.896165
712.912416	-68.702153
713.081988	-67.912863
713.251641	-71.222681
713.421375	-68.382405
713.591190	-66.311548
713.761085	-69.465057
713.931061	-72.679707
714.101119	-72.041552
714.271257	-79.039458
714.441476	-69.517070
714.611777	-66.476880
714.782159	-67.130155
714.952622	-65.486736
715.123166	-64.510504
715.293792	-67.666349
715.464499	-71.968991
715.635288	-70.290766
715.806158	-72.493521
715.977110	-68.625741
716.148143	-66.359877
716.319259	-69.930168
716.490456	-71.554235
716.661735	-68.441842
716.833096	-70.309846
717.004538	-68.915767
717.176063	-67.804274
717.347670	-72.023196
717.519359	-68.642452
717.691130	-65.993838
717.862984	-68.336318
718.034920	-69.110136
718.206938	-68.040566
718.379039	-69.840866
718.551222	-66.253302
718.723488	-64.452236
718.895836	-67.351148
719.068267	-69.460692
719.240781	-67.948997
719.413377	-70.134420
719.586057	-68.273565
719.758819	-67.559358
719.931664	-73.378621
720.104593	-69.293031
720.277604	-66.097732
720.450699	-66.523492
720.623876	-64.581475
720.797137	-63.966602
720.970482	-66.990649
721.143910	-67.173547
721.317421	-66.384987
721.491016	-69.527452
721.664694	-65.899928
721.838456	-63.636788
722.012302	-64.991622
722.186231	-65.194156
722.360244	-66.387097
722.534342	-77.473111
722.708523	-67.551154
722.882788	-64.121542
723.057137	-63.956502
723.231570	-62.335457
723.406088	-62.694599
723.580689	-66.771734
723.755375	-66.028664
723.930146	-65.530779
724.105000	-68.207170
724.279940	-64.217992
724.454963	-63.393515
724.630072	-64.685179
724.805265	-62.654324
724.980543	-63.255089
725.155905	-66.661103
725.331353	-64.221096
725.506885	-64.737054
725.682503	-67.651757
725.858205	-64.165437
726.033993	-64.286522
726.209865	-63.474224
726.385823	-60.751660
726.561866	-61.950553
726.737995	-64.492441
726.914209	-63.120088
727.090508	-64.924420
727.266893	-64.632911
727.443364	-61.461497
727.619920	-62.193775
727.796562	-61.422871
727.973290	-60.073082
728.150103	-62.932360
728.327003	-66.313033
728.503988	-65.394253
728.681060	-65.158037
728.858218	-60.424797
729.035461	-58.925675
729.212791	-60.414726
729.390208	-60.579219
729.567710	-61.155048
729.745299	-64.175519
729.922975	-62.236809
730.100737	-61.789910
730.278586	-62.671693
730.456521	-60.346859
730.634543	-60.745665
730.812652	-61.821042
730.990848	-60.166261
731.169130	-60.833252
731.347500	-60.766165
731.525957	-59.595577
731.704500	-61.712099
731.883131	-62.803917
732.061850	-61.135327
732.240655	-61.100905
732.419548	-59.201480
732.598528	-58.668495
732.777596	-60.279895
732.956751	-59.724335
733.135994	-59.853156
733.315325	-60.894387
733.494744	-59.559603
733.674250	-59.917917
733.853844	-59.950097
734.033526	-58.864740
734.213296	-59.991531
734.393154	-60.210493
734.573101	-59.057498
734.753135	-59.263865
734.933258	-58.603058
735.113469	-58.971892
735.293769	-61.120716
735.474157	-59.876276
735.654633	-58.701627
735.835198	-57.800388
736.015852	-56.715541
736.196594	-57.614619
736.377426	-59.270506
736.558346	-59.716334
736.739355	-60.842698
736.920453	-59.231941
737.101640	-57.764790
737.282916	-57.997766
737.464282	-57.603648
737.645736	-57.935886
737.827280	-58.736788
738.008914	-57.528742
738.190637	-57.631739
738.372449	-58.603614
738.554351	-58.431780
738.736342	-59.156212
738.918424	-57.984453
739.100595	-56.515936
739.282855	-57.082123
739.465206	-57.185945
739.647647	-57.475315
739.830178	-59.074359
740.012799	-58.190547
740.195510	-58.139879
740.378311	-58.124382
740.561203	-56.205575
740.744185	-56.495174
740.927258	-57.015895
741.110421	-56.942438
741.293674	-58.822680
741.477018	-57.563622
741.660453	-56.533684
741.843979	-57.437023
742.027596	-56.369551
742.211303	-56.705000
742.395102	-57.044098
742.578991	-55.848213
742.762972	-57.620485
742.947044	-58.627020
743.131207	-57.890461
743.315461	-58.097757
743.499807	-55.805928
743.684244	-55.486312
743.868773	-56.170229
744.053394	-55.521106
744.238106	-56.750513
744.422910	-57.799291
744.607805	-57.367269
744.792793	-57.936061
744.977872	-56.158300
745.163044	-55.310706
745.348307	-55.857778
745.533663	-55.829079
745.719111	-57.296265
745.904651	-58.781516
746.090283	-57.447041
746.276008	-56.557226
746.461826	-55.211698
746.647735	-54.775937
746.833738	-56.036276
747.019833	-56.738681
747.206021	-56.852451
747.392302	-56.992187
747.578676	-56.238023
747.765143	-56.897968
747.951703	-57.128034
748.138356	-56.037201
748.325102	-56.171422
748.511941	-55.943930
748.698874	-56.231126
748.885900	-57.036551
749.073019	-56.012674
749.260232	-56.104765
749.447539	-56.331360
749.634939	-56.031475
749.822433	-56.739820
750.010021	-56.171862
750.197703	-56.467011
750.385479	-57.324582
750.573348	-56.363309
750.761312	-56.151999
750.949370	-55.444414
751.137523	-55.677939
751.325769	-57.398879
751.514110	-57.485743
751.702545	-57.600246
751.891075	-56.298720
752.079700	-55.406718
752.268419	-55.780728
752.457233	-55.723396
752.646142	-57.061745
752.835145	-57.897773
753.024244	-57.144887
753.213437	-56.625523
753.402726	-55.394932
753.592110	-56.090147
753.781589	-57.333732
753.971163	-57.496984
754.160833	-57.697808
754.350598	-56.175879
754.540459	-56.291829
754.730415	-56.764851
754.920467	-56.849839
755.110615	-57.663878
755.300858	-56.653417
755.491198	-56.281267
755.681633	-56.612901
755.872164	-57.138086
756.062792	-59.078579
756.253515	-58.527833
756.444335	-56.855050
756.635252	-56.156291
756.826264	-56.417869
757.017373	-58.147392
757.208579	-59.005359
757.399881	-57.426493
757.591280	-56.720353
757.782776	-57.037369
757.974368	-57.999347
758.166058	-59.397734
758.357844	-58.267976
758.549728	-57.688678
758.741708	-57.515085
758.933786	-57.066294
759.125961	-58.667028
759.318233	-59.664481
759.510603	-60.656382
759.703071	-59.318529
759.895635	-56.440496
760.088298	-56.521986
760.281058	-56.956348
760.473916	-59.083943
760.666872	-63.250809
760.859926	-60.764902
761.053078	-60.311181
761.246328	-58.050883
761.439676	-58.112063
761.633122	-59.204788
761.826667	-59.082657
762.020310	-61.182801
762.214052	-60.388377
762.407892	-60.345301
762.601831	-61.153707
762.795868	-60.802785
762.990004	-61.776689
763.184239	-59.783410
763.378573	-59.754559
763.573006	-60.913874
763.767538	-62.513351
763.962169	-64.599018
764.156900	-62.544939
764.351729	-61.309093
764.546658	-60.579238
764.741687	-60.707077
764.936815	-62.200435
765.132042	-64.775598
765.327370	-66.657577
765.522797	-64.101357
765.718324	-62.193020
765.913950	-62.287452
766.109677	-65.359408
766.305504	-67.548522
766.501431	-65.587111
766.697458	-63.377163
766.893586	-63.807330
767.089814	-66.884817
767.286142	-68.357780
767.482571	-69.328303
767.679100	-67.828892
767.875730	-68.340697
768.072461	-67.047414
768.269293	-67.000285
768.466225	-70.953726
768.663259	-76.516437
768.860393	-75.941779
769.057629	-69.354766
769.254966	-71.507017
769.452404	-72.503658
769.649944	-73.619511
769.847585	-71.822853
770.045328	-70.742803
770.243172	-74.871608
770.441118	-76.056779
770.639166	-72.358832
770.837315	-70.538469
771.035567	-76.176114
771.233920	-72.804669
771.432376	-74.647534
771.630934	-85.152395
771.829594	-81.101650
772.028356	-71.856589
772.227220	-69.018220
772.426188	-72.549652
772.625257	-69.180972
772.824430	-68.289278
773.023705	-66.222451
773.223083	-65.674888
773.422563	-66.847066
773.622147	-65.974120
773.821834	-67.468510
774.021624	-66.641720
774.221517	-64.677154
774.421513	-64.632147
774.621613	-65.354587
774.821816	-67.216903
775.022122	-62.026122
775.222532	-59.079934
775.423046	-58.798273
775.623664	-59.604534
775.824385	-62.960509
776.025211	-62.226245
776.226140	-61.093259
776.427173	-61.392835
776.628311	-61.616404
776.829553	-62.384135
777.030899	-59.125665
777.232350	-58.071165
777.433905	-56.454780
777.635564	-56.494973
777.837328	-58.109094
778.039197	-59.073454
778.241171	-59.439557
778.443250	-56.963941
778.645433	-57.155824
778.847722	-58.053088
779.050116	-58.428455
779.252615	-56.714898
779.455219	-55.313236
779.657929	-55.785688
779.860744	-55.979236
780.063665	-55.464052
780.266691	-54.634150
780.469823	-54.821960
780.673061	-55.688553
780.876405	-55.610071
781.079855	-55.359259
781.283410	-55.860587
781.487072	-55.951006
781.690840	-54.329713
781.894715	-52.328473
782.098695	-51.915453
782.302783	-52.690321
782.506976	-53.898911
782.711277	-54.350091
782.915684	-53.631785
783.120198	-53.563688
783.324818	-53.457097
783.529546	-53.724152
783.734381	-52.854606
783.939322	-51.777666
784.144372	-51.012871
784.349528	-51.204491
784.554792	-52.264053
784.760163	-52.182574
784.965642	-51.417273
785.171228	-50.838090
785.376922	-51.995354
785.582724	-52.935521
785.788634	-52.338739
785.994651	-50.581022
786.200777	-49.831452
786.407011	-49.824162
786.613353	-50.039662
786.819804	-50.721372
787.026363	-50.756522
787.233030	-50.585755
787.439806	-49.700721
787.646691	-49.956018
787.853684	-50.565656
788.060786	-50.753522
788.267997	-49.877129
788.475317	-48.973737
788.682746	-48.947935
788.890285	-48.526942
789.097932	-48.630239
789.305689	-48.781450
789.513555	-49.695177
789.721531	-49.844581
789.929617	-49.292686
790.137812	-49.185359
790.346117	-48.778173
790.554531	-48.270654
790.763056	-47.168730
790.971691	-47.509910
791.180436	-48.270172
791.389291	-48.836569
791.598256	-48.141400
791.807332	-47.573340
792.016518	-48.152220
792.225815	-48.426696
792.435222	-48.531739
792.644740	-47.230712
792.854369	-46.674428
793.064109	-46.278597
793.273960	-47.024054
793.483922	-48.018571
793.693995	-47.813517
793.904180	-46.846221
794.114475	-46.178084
794.324882	-47.085409
794.535401	-47.688317
794.746031	-47.589241
794.956774	-46.217990
795.167627	-45.701520
795.378593	-45.676435
795.589671	-46.240873
795.800861	-46.985087
796.012162	-46.800112
796.223577	-46.318442
796.435103	-45.828121
796.646742	-46.461499
796.858493	-46.511484
797.070357	-45.967238
797.282334	-45.024468
797.494423	-45.096557
797.706626	-45.646896
797.918941	-45.985051
798.131369	-45.874656
798.343911	-45.466333
798.556566	-45.444981
798.769334	-45.469321
798.982215	-46.054687
799.195210	-45.651105
799.408319	-44.629324
799.621541	-43.717169
799.834877	-44.312441
800.048327	-45.850682
800.261890	-46.390102
800.475568	-45.009513
800.689360	-44.113339
800.903266	-44.510734
801.117287	-45.131088
801.331422	-45.204943
801.545671	-44.243518
801.760036	-43.811394
801.974514	-43.748106
802.189108	-44.738367
802.403816	-45.413975
802.618640	-45.050064
802.833578	-43.819518
803.048632	-43.603960
803.263800	-44.241342
803.479085	-44.611053
803.694484	-44.010518
803.909999	-43.270379
804.125630	-43.623470
804.341376	-44.225329
804.557239	-44.879795
804.773217	-44.109354
804.989311	-43.511326
805.205521	-43.062188
805.421847	-43.767025
805.638290	-44.184449
805.854849	-43.831236
806.071524	-42.878554
806.288316	-42.943184
806.505225	-43.936570
806.722250	-44.514870
806.939393	-43.846047
807.156652	-42.802545
807.374028	-42.734282
807.591521	-43.036505
807.809132	-43.876359
808.026859	-43.546014
808.244705	-43.009122
808.462667	-42.509796
808.680748	-43.349239
808.898946	-43.891392
809.117261	-43.337482
809.335695	-42.212260
809.554246	-42.355912
809.772916	-43.334711
809.991704	-43.741134
810.210610	-42.938561
810.429634	-42.169702
810.648777	-42.354720
810.868039	-43.024991
811.087419	-43.815116
811.306918	-43.004639
811.526535	-42.006495
811.746272	-41.670155
811.966127	-42.919184
812.186102	-43.778246
812.406196	-43.098603
812.626409	-41.850002
812.846742	-42.012294
813.067194	-42.690252
813.287766	-43.154509
813.508457	-42.575786
813.729269	-42.172070
813.950200	-42.118802
814.171251	-42.643693
814.392422	-42.938090
814.613714	-42.499162
814.835126	-41.848779
815.056658	-42.003190
815.278311	-42.651615
815.500084	-42.698861
815.721978	-42.057939
815.943993	-41.920532
816.166128	-42.416149
816.388385	-42.807579
816.610762	-42.399944
816.833261	-41.676597
817.055881	-41.369333
817.278623	-41.949354
817.501486	-43.113795
817.724471	-43.036575
817.947577	-41.684543
818.170805	-41.126553
818.394155	-41.967623
818.617627	-42.954861
818.841221	-42.471218
819.064937	-41.440853
819.288775	-41.337180
819.512736	-41.961692
819.736819	-42.858604
819.961025	-42.728261
820.185354	-41.876568
820.409805	-41.238062
820.634379	-41.661615
820.859076	-42.212812
821.083897	-42.254207
821.308840	-41.780016
821.533907	-42.118502
821.759097	-42.256125
821.984411	-42.163566
822.209848	-41.731470
822.435409	-41.941166
822.661093	-41.726386
822.886902	-41.853248
823.112834	-41.948737
823.338891	-42.380692
823.565072	-41.915397
823.791377	-42.026395
824.017807	-42.169834
824.244361	-42.350543
824.471039	-41.444713
824.697843	-41.257741
824.924771	-41.496935
825.151824	-42.672313
825.379002	-42.847178
825.606306	-42.251045
825.833734	-41.099759
826.061288	-41.345506
826.288967	-42.090046
826.516772	-42.685075
826.744703	-41.710751
826.972759	-41.513694
827.200941	-41.799668
827.429249	-42.508533
827.657683	-42.373542
827.886243	-42.246796
828.114930	-41.527758
828.343743	-41.402991
828.572682	-41.866211
828.801748	-42.832085
829.030941	-42.252073
829.260260	-41.685845
829.489706	-41.977218
829.719280	-42.837883
829.948980	-42.360243
830.178808	-41.567948
830.408763	-41.371669
830.638845	-42.152190
830.869055	-42.997628
831.099393	-42.810311
831.329858	-41.716340
831.560451	-41.494937
831.791173	-42.517739
832.022022	-43.047267
832.252999	-42.005585
832.484105	-41.370286
832.715339	-42.056841
832.946702	-42.814438
833.178193	-42.812933
833.409813	-42.351687
833.641561	-42.148551
833.873439	-41.973062
834.105445	-42.391219
834.337581	-42.394595
834.569846	-42.142705
834.802241	-42.212119
835.034764	-43.226453
835.267418	-43.156159
835.500201	-42.178786
835.733114	-41.736468
835.966157	-42.239492
836.199329	-42.897017
836.432632	-43.294675
836.666065	-42.895327
836.899629	-42.153611
837.133323	-42.410513
837.367147	-43.384236
837.601102	-43.337194
837.835188	-42.073462
838.069405	-42.080024
838.303752	-42.933015
838.538231	-43.745306
838.772841	-43.349901
839.007582	-42.965082
839.242455	-42.361028
839.477459	-42.566707
839.712595	-42.983310
839.947863	-43.323370
840.183263	-42.976825
840.418794	-43.313678
840.654458	-43.464973
840.890254	-43.162192
841.126182	-42.740119
841.362242	-42.690919
841.598435	-42.945916
841.834761	-43.640572
842.071220	-44.140706
842.307811	-43.117439
842.544536	-42.656450
842.781393	-43.352876
843.018384	-44.216089
843.255508	-43.125231
843.492765	-42.726983
843.730156	-43.392031
843.967681	-44.491881
844.205339	-44.184077
844.443132	-43.204696
844.681058	-42.647551
844.919118	-43.425909
845.157313	-44.865968
845.395642	-44.091845
845.634105	-42.875649
845.872703	-43.312964
846.111436	-44.811890
846.350303	-44.369350
846.589306	-43.379564
846.828443	-43.085871
847.067716	-43.595513
847.307124	-44.619803
847.546667	-45.094085
847.786345	-43.671811
848.026160	-42.899547
848.266110	-44.072974
848.506195	-45.018301
848.746417	-43.989894
848.986775	-43.349359
849.227269	-44.176360
849.467899	-44.679677
849.708666	-44.365712
849.949569	-43.849032
850.190609	-43.777765
850.431785	-44.318692
850.673099	-44.560838
850.914549	-44.114957
851.156137	-43.862397
851.397861	-44.515760
851.639723	-44.388876
851.881723	-44.197351
852.123860	-44.251039
852.366135	-44.053159
852.608547	-43.792464
852.851098	-44.483060
853.093786	-44.965990
853.336613	-44.066265
853.579578	-43.855544
853.822681	-44.011716
854.065923	-44.196736
854.309304	-44.220946
854.552823	-44.332271
854.796481	-44.044265
855.040278	-44.472846
855.284215	-44.689671
855.528290	-43.319321
855.772505	-43.083445
856.016859	-44.616593
856.261353	-45.218320
856.505987	-43.678740
856.750760	-43.488662
856.995673	-43.790403
857.240727	-43.788400
857.485920	-44.214115
857.731254	-44.116723
857.976729	-43.285797
858.222343	-43.588710
858.468099	-44.608058
858.713995	-43.715430
858.960032	-42.879528
859.206211	-43.236361
859.452530	-43.914555
859.698991	-44.092621
859.945593	-43.611561
860.192336	-42.845103
860.439222	-42.941102
860.686248	-43.779234
860.933417	-43.504501
861.180728	-42.838951
861.428181	-43.007503
861.675776	-43.281309
861.923514	-43.338341
862.171394	-43.163364
862.419417	-42.437929
862.667582	-42.347928
862.915890	-43.185594
863.164342	-43.302303
863.412936	-42.495822
863.661674	-42.283358
863.910555	-42.315777
864.159579	-42.554639
864.408747	-42.898494
864.658059	-41.910889
864.907515	-41.495910
865.157114	-42.789060
865.406858	-42.935284
865.656746	-41.134493
865.906778	-41.091752
866.156955	-42.423241
866.407277	-42.112127
866.657743	-41.464840
866.908354	-41.453910
867.159110	-41.380982
867.410011	-41.421371
867.661057	-41.494950
867.912249	-40.990967
868.163586	-40.869759
868.415069	-41.464839
868.666697	-41.285823
868.918472	-40.768484
869.170392	-40.494980
869.422458	-40.477637
869.674671	-41.004439
869.927030	-41.102735
870.179536	-40.280122
870.432188	-40.143623
870.684987	-40.679864
870.937933	-40.182138
871.191026	-39.936118
871.444266	-40.494460
871.697653	-40.182908
871.951188	-39.818024
872.204870	-40.111578
872.458700	-39.800802
872.712677	-39.308539
872.966803	-39.743024
873.221076	-40.077875
873.475498	-39.623166
873.730068	-39.167116
873.984787	-38.995090
874.239654	-39.417692
874.494669	-39.516896
874.749834	-38.800175
875.005147	-38.877393
875.260610	-39.435733
875.516222	-38.694940
875.771983	-38.239344
876.027894	-38.866000
876.283954	-38.794829
876.540164	-38.465449
876.796524	-38.629832
877.053033	-38.203153
877.309693	-37.944935
877.566503	-38.376801
877.823464	-38.250715
878.080575	-37.911304
878.337837	-38.099386
878.595249	-37.869021
878.852813	-37.617220
879.110528	-37.810484
879.368393	-37.616664
879.626410	-37.519434
879.884579	-37.668715
880.142899	-37.466367
880.401371	-37.286129
880.659994	-37.153574
880.918770	-37.030364
881.177698	-37.316499
881.436778	-37.369548
881.696010	-36.764138
881.955395	-36.740829
882.214933	-36.989183
882.474623	-36.660285
882.734467	-36.758524
882.994463	-36.838126
883.254613	-36.423985
883.514916	-36.544909
883.775372	-36.499393
884.035982	-36.073771
884.296746	-36.347665
884.557664	-36.559101
884.818735	-36.043614
885.079961	-36.001239
885.341341	-36.091038
885.602876	-35.747436
885.864565	-35.951328
886.126409	-36.105536
886.388407	-35.642699
886.650561	-35.646837
886.912870	-35.673008
887.175334	-35.440711
887.437953	-35.510577
887.700728	-35.485136
887.963658	-35.460194
888.226745	-35.454868
888.489987	-35.018149
888.753385	-34.905153
889.016940	-35.317003
889.280651	-35.279715
889.544518	-34.982840
889.808543	-34.856609
890.072723	-34.683574
890.337061	-34.837958
890.601556	-34.943637
890.866208	-34.577067
891.131017	-34.720522
891.395984	-34.791056
891.661109	-34.224534
891.926391	-34.370315
892.191831	-34.722256
892.457429	-34.384655
892.723186	-34.360550
892.989100	-34.345965
893.255173	-34.024802
893.521405	-34.156619
893.787796	-34.317043
894.054345	-34.198738
894.321053	-34.084566
894.587921	-33.776229
894.854948	-33.841343
895.122134	-34.179245
895.389480	-33.818121
895.656986	-33.694413
895.924651	-33.943245
896.192477	-33.570570
896.460463	-33.503900
896.728609	-33.791312
896.996915	-33.564666
897.265382	-33.551833
897.534010	-33.540710
897.802799	-33.202968
898.071749	-33.341337
898.340860	-33.496333
898.610132	-33.336468
898.879566	-33.281648
899.149162	-33.055052
899.418919	-33.038180
899.688838	-33.235936
899.958919	-33.059495
900.229162	-33.069179
900.499568	-33.032745
900.770136	-32.669686
901.040867	-32.865796
901.311761	-33.012840
901.582817	-32.667885
901.854037	-32.776668
902.125420	-32.729741
902.396966	-32.407642
902.668676	-32.612386
902.940550	-32.659500
903.212587	-32.480615
903.484788	-32.471857
903.757153	-32.233614
904.029683	-32.311816
904.302377	-32.487069
904.575236	-32.135597
904.848259	-32.246800
905.121447	-32.333683
905.394800	-31.835334
905.668319	-32.027567
905.942002	-32.315586
906.215852	-31.908265
906.489866	-31.883709
906.764047	-31.955013
907.038393	-31.754605
907.312906	-31.777184
907.587584	-31.853771
907.862429	-31.810026
908.137441	-31.545011
908.412619	-31.437508
908.687964	-31.729538
908.963476	-31.546390
909.239155	-31.348516
909.515002	-31.577405
909.791015	-31.242949
910.067197	-31.148055
910.343546	-31.547183
910.620063	-31.233605
910.896748	-31.082111
911.173601	-31.241217
911.450623	-30.995956
911.727813	-31.085995
912.005171	-31.184230
912.282699	-30.974407
912.560395	-30.988258
912.838261	-30.845566
913.116296	-30.896922
913.394500	-31.059723
913.672874	-30.745523
913.951418	-30.835064
914.230131	-30.846253
914.509015	-30.492100
914.788068	-30.880733
915.067292	-30.898445
915.346687	-30.367322
915.626252	-30.624467
915.905988	-30.695568
916.185895	-30.426179
916.465973	-30.624463
916.746223	-30.584309
917.026644	-30.319188
917.307236	-30.325463
917.588000	-30.525155
917.868937	-30.524755
918.150045	-30.192100
918.431325	-30.281055
918.712778	-30.415253
918.994404	-30.151886
919.276202	-30.346404
919.558173	-30.346777
919.840317	-29.986370
920.122634	-30.169630
920.405125	-30.207293
920.687789	-30.092997
920.970627	-30.105927
921.253639	-29.907998
921.536824	-30.004218
921.820184	-29.968136
922.103718	-29.833657
922.387427	-30.066994
922.671310	-29.706782
922.955368	-29.571249
923.239601	-29.974316
923.524009	-29.647995
923.808592	-29.580945
924.093351	-29.743186
924.378285	-29.408960
924.663396	-29.553116
924.948682	-29.663918
925.234144	-29.422569
925.519782	-29.439524
925.805597	-29.366964
926.091589	-29.416878
926.377757	-29.434698
926.664102	-29.297427
926.950624	-29.374015
927.237323	-29.196284
927.524200	-29.208464
927.811255	-29.438765
928.098487	-29.164662
928.385897	-29.101357
928.673485	-29.159992
928.961251	-29.095786
929.249196	-29.189251
929.537319	-29.037012
929.825621	-28.937352
930.114102	-28.924323
930.402762	-28.951253
930.691601	-29.077754
930.980620	-28.706121
931.269818	-28.693256
931.559196	-28.940944
931.848753	-28.601833
932.138491	-28.734834
932.428409	-28.721123
932.718508	-28.352855
933.008787	-28.653004
933.299246	-28.605809
933.589887	-28.398569
933.880709	-28.476266
934.171712	-28.315198
934.462896	-28.423908
934.754262	-28.360501
935.045810	-28.238910
935.337539	-28.357463
935.629451	-28.068678
935.921545	-28.212224
936.213822	-28.385986
936.506281	-27.967552
936.798922	-28.079079
937.091747	-28.162411
937.384755	-27.967446
937.677946	-28.064871
937.971321	-28.019356
938.264879	-27.852648
938.558621	-27.861542
938.852547	-28.043049
939.146657	-27.892300
939.440952	-27.685882
939.735431	-27.904742
940.030095	-27.780494
940.324943	-27.731008
940.619977	-27.853508
940.915196	-27.584818
941.210600	-27.692198
941.506189	-27.753330
941.801965	-27.646565
942.097926	-27.688125
942.394074	-27.491244
942.690407	-27.657264
942.986927	-27.650344
943.283634	-27.452349
943.580527	-27.628468
943.877608	-27.397076
944.174875	-27.494142
944.472330	-27.620709
944.769972	-27.298588
945.067802	-27.481126
945.365820	-27.350918
945.664026	-27.311702
945.962420	-27.507196
946.261002	-27.131822
946.559773	-27.252507
946.858733	-27.320747
947.157881	-27.131880
947.457219	-27.310055
947.756746	-27.074448
948.056462	-27.013108
948.356368	-27.245043
948.656464	-27.082280
948.956749	-26.956831
949.257225	-27.017702
949.557891	-27.024662
949.858748	-26.985330
950.159796	-27.062449
950.461034	-26.880021
950.762463	-26.827876
951.064084	-27.125554
951.365896	-26.870633
951.667900	-26.827776
951.970095	-26.951637
952.272483	-26.789652
952.575063	-27.008683
952.877835	-26.872011
953.180799	-26.736188
953.483956	-26.898050
953.787307	-26.823798
954.090850	-26.887197
954.394586	-26.700486
954.698516	-26.721086
955.002640	-26.867658
955.306957	-26.663541
955.611469	-26.780651
955.916174	-26.622834
956.221074	-26.581714
956.526169	-26.786230
956.831458	-26.518759
957.136942	-26.503201
957.442622	-26.557588
957.748496	-26.531426
958.054567	-26.470409
958.360833	-26.403064
958.667294	-26.454074
958.973952	-26.288997
959.280806	-26.438822
959.587857	-26.357767
959.895104	-26.089445
960.202548	-26.418187
960.510189	-26.275245
960.818027	-26.110364
961.126062	-26.303574
961.434295	-26.120575
961.742726	-26.128988
962.051355	-26.274616
962.360182	-26.047627
962.669207	-26.008550
962.978431	-26.270722
963.287854	-26.047222
963.597475	-26.005046
963.907296	-26.177318
964.217315	-25.911698
964.527535	-26.139716
964.837954	-26.054049
965.148573	-25.828038
965.459392	-26.157878
965.770411	-25.920360
966.081630	-25.975880
966.393051	-25.994946
966.704672	-25.785879
967.016494	-26.077210
967.328517	-25.853510
967.640742	-25.788425
967.953169	-25.936275
968.265797	-25.800252
968.578627	-25.868280
968.891660	-25.793436
969.204895	-25.729313
969.518332	-25.792010
969.831972	-25.789439
970.145816	-25.675619
970.459862	-25.676131
970.774112	-25.752414
971.088565	-25.668917
971.403223	-25.662439
971.718084	-25.609326
972.033149	-25.659091
972.348419	-25.627550
972.663893	-25.567879
972.979572	-25.611827
973.295456	-25.511324
973.611546	-25.668258
973.927840	-25.524496
974.244340	-25.448843
974.561046	-25.631071
974.877958	-25.451209
975.195076	-25.517520
975.512401	-25.475064
975.829932	-25.443019
976.147670	-25.505681
976.465615	-25.439331
976.783767	-25.412931
977.102126	-25.354200
977.420693	-25.510171
977.739468	-25.318994
978.058451	-25.302159
978.377642	-25.451836
978.697041	-25.262123
979.016649	-25.364800
979.336466	-25.261812
979.656492	-25.244487
979.976727	-25.329555
980.297171	-25.207429
980.617825	-25.191971
980.938689	-25.219949
981.259763	-25.246942
981.581048	-25.102183
981.902542	-25.158853
982.224248	-25.151635
982.546164	-25.091005
982.868291	-25.118772
983.190630	-25.031723
983.513180	-25.091497
983.835942	-25.037458
984.158916	-25.020527
984.482101	-24.964951
984.805500	-24.980840
985.129110	-24.999681
985.452934	-24.883786
985.776970	-24.925481
986.101220	-24.896867
986.425683	-24.900054
986.750359	-24.801302
987.075250	-24.847647
987.400354	-24.787135
987.725673	-24.777773
988.051206	-24.825276
988.376954	-24.582315
988.702916	-24.865754
989.029094	-24.670919
989.355487	-24.551652
989.682095	-24.801895
990.008919	-24.529564
990.335959	-24.653283
990.663216	-24.631100
990.990688	-24.496820
991.318377	-24.661230
991.646283	-24.563368
991.974406	-24.438586
992.302746	-24.638902
992.631304	-24.523880
992.960079	-24.444425
993.289072	-24.608808
993.618283	-24.438172
993.947713	-24.549778
994.277361	-24.485729
994.607227	-24.452080
994.937313	-24.537997
995.267618	-24.480611
995.598142	-24.465278
995.928886	-24.449086
996.259849	-24.558346
996.591033	-24.369619
996.922437	-24.510437
997.254061	-24.436957
997.585906	-24.427379
997.917972	-24.512324
998.250260	-24.302315
998.582768	-24.537977
998.915498	-24.353591
999.248450	-24.389028
999.581624	-24.408185
999.915020	-24.345862
1000.248639	-24.429168
1000.582480	-24.271648
1000.916545	-24.377990
1001.250832	-24.338341
1001.585343	-24.287978
1001.920077	-24.276680
1002.255035	-24.319200
1002.590218	-24.271042
1002.925624	-24.223499
1003.261255	-24.257239
1003.597111	-24.221302
1003.933192	-24.210850
1004.269497	-24.182534
1004.606029	-24.156302
1004.942785	-24.212469
1005.279768	-24.123259
1005.616977	-24.049301
1005.954412	-24.247440
1006.292074	-23.964251
1006.629962	-24.115766
1006.968077	-24.082912
1007.306420	-23.953352
1007.644990	-24.137257
1007.983787	-23.858080
1008.322813	-24.061514
1008.662067	-23.951800
1009.001549	-23.884110
1009.341259	-23.944062
1009.681199	-23.925592
1010.021367	-23.823383
1010.361765	-23.861610
1010.702392	-23.872366
1011.043250	-23.723499
1011.384337	-23.908901
1011.725654	-23.641787
1012.067202	-23.850217
1012.408980	-23.719684
1012.750989	-23.614108
1013.093230	-23.824538
1013.435702	-23.577295
1013.778405	-23.680939
1014.121341	-23.664536
1014.464508	-23.572589
1014.807908	-23.654521
1015.151540	-23.544581
1015.495405	-23.555227
1015.839503	-23.631129
1016.183835	-23.429881
1016.528400	-23.617415
1016.873198	-23.464232
1017.218231	-23.501686
1017.563498	-23.475452
1017.908999	-23.452076
1018.254735	-23.498219
1018.600707	-23.356193
1018.946913	-23.522890
1019.293354	-23.323421
1019.640032	-23.465524
1019.986945	-23.326454
1020.334094	-23.404800
1020.681480	-23.376405
1021.029102	-23.299584
1021.376961	-23.390130
1021.725058	-23.311504
1022.073391	-23.298040
1022.421962	-23.315138
1022.770772	-23.327436
1023.119819	-23.231735
1023.469104	-23.345247
1023.818628	-23.203172
1024.168391	-23.314493
1024.518393	-23.202256
1024.868634	-23.242925
1025.219115	-23.262968
1025.569836	-23.168082
1025.920796	-23.221765
1026.271997	-23.201922
1026.623438	-23.134235
1026.975121	-23.198689
1027.327044	-23.115841
1027.679208	-23.159392
1028.031614	-23.099222
1028.384262	-23.072475
1028.737152	-23.142749
1029.090284	-22.957963
1029.443659	-23.145469
1029.797276	-22.941027
1030.151137	-23.063552
1030.505240	-22.916732
1030.859587	-23.007925
1031.214178	-22.889451
1031.569013	-22.933904
1031.924093	-22.863462
1032.279417	-22.882352
1032.634985	-22.818856
1032.990799	-22.766001
1033.346858	-22.859956
1033.703162	-22.629179
1034.059712	-22.846109
1034.416509	-22.572440
1034.773551	-22.772378
1035.130841	-22.520011
1035.488377	-22.677437
1035.846160	-22.541662
1036.204190	-22.514610
1036.562468	-22.573793
1036.920994	-22.411579
1037.279768	-22.511400
1037.638790	-22.377009
1037.998061	-22.424367
1038.357581	-22.376486
1038.717350	-22.306852
1039.077368	-22.371926
1039.437636	-22.244667
1039.798154	-22.289491
1040.158922	-22.247903
1040.519940	-22.219761
1040.881209	-22.207817
1041.242729	-22.177509
1041.604501	-22.174609
1041.966524	-22.122584
1042.328798	-22.159219
1042.691325	-22.074701
1043.054103	-22.158837
1043.417135	-21.984015
1043.780419	-22.197343
1044.143956	-21.909210
1044.507746	-22.170235
1044.871791	-21.945343
1045.236088	-22.048976
1045.600641	-22.010033
1045.965447	-21.947163
1046.330508	-22.051698
1046.695824	-21.887114
1047.061395	-22.034652
1047.427222	-21.906597
1047.793304	-21.922749
1048.159642	-21.975956
1048.526237	-21.831961
1048.893088	-21.988659
1049.260196	-21.796992
1049.627561	-21.943204
1049.995183	-21.802199
1050.363063	-21.840532
1050.731201	-21.869156
1051.099597	-21.705677
1051.468251	-21.914035
1051.837164	-21.606502
1052.206336	-21.901708
1052.575767	-21.553851
1052.945458	-21.850744
1053.315409	-21.537686
1053.685619	-21.717494
1054.056090	-21.581360
1054.426821	-21.556613
1054.797814	-21.610798
1055.169067	-21.446184
1055.540582	-21.572627
1055.912359	-21.368138
1056.284398	-21.494415
1056.656698	-21.338082
1057.029262	-21.370298
1057.402088	-21.342771
1057.775177	-21.224589
1058.148530	-21.319744
1058.522146	-21.119462
1058.896027	-21.289198
1059.270171	-21.016461
1059.644580	-21.246510
1060.019254	-20.930953
1060.394193	-21.162991
1060.769397	-20.897899
1061.144867	-21.072623
1061.520602	-20.860955
1061.896604	-20.978982
1062.272872	-20.827454
1062.649407	-20.888041
1063.026210	-20.816416
1063.403279	-20.813536
1063.780616	-20.771948
1064.158221	-20.755926
1064.536094	-20.729135
1064.914235	-20.707518
1065.292645	-20.709485
1065.671325	-20.649334
1066.050273	-20.674423
1066.429491	-20.597757
1066.808979	-20.657033
1067.188738	-20.556990
1067.568766	-20.638940
1067.949066	-20.515448
1068.329636	-20.592615
1068.710478	-20.509230
1069.091592	-20.552632
1069.472977	-20.508921
1069.854635	-20.501099
1070.236565	-20.498965
1070.618768	-20.448592
1071.001243	-20.511657
1071.383993	-20.408097
1071.767016	-20.497693
1072.150313	-20.365929
1072.533884	-20.468085
1072.917730	-20.339031
1073.301850	-20.453526
1073.686246	-20.294180
1074.070917	-20.415043
1074.455864	-20.248831
1074.841087	-20.375450
1075.226586	-20.219894
1075.612362	-20.330539
1075.998415	-20.162800
1076.384745	-20.274270
1076.771353	-20.122240
1077.158238	-20.222545
1077.545401	-20.086113
1077.932843	-20.152286
1078.320564	-20.028838
1078.708564	-20.100294
1079.096842	-19.988083
1079.485401	-20.042595
1079.874240	-19.935067
1080.263358	-19.972504
1080.652757	-19.879518
1081.042438	-19.936480
1081.432399	-19.815959
1081.822641	-19.881617
1082.213166	-19.742762
1082.603972	-19.831099
1082.995061	-19.690984
1083.386433	-19.789615
1083.778087	-19.615947
1084.170025	-19.734270
1084.562246	-19.560971
1084.954751	-19.694267
1085.347541	-19.524235
1085.740615	-19.631346
1086.133973	-19.476861
1086.527617	-19.589431
1086.921546	-19.457363
1087.315761	-19.555156
1087.710262	-19.423750
1088.105050	-19.505520
1088.500124	-19.409182
1088.895485	-19.491981
1089.291134	-19.389270
1089.687070	-19.459836
1090.083294	-19.353318
1090.479806	-19.442290
1090.876607	-19.345492
1091.273696	-19.419295
1091.671075	-19.302615
1092.068744	-19.381730
1092.466702	-19.275575
1092.864950	-19.364044
1093.263489	-19.241138
1093.662319	-19.307161
1094.061440	-19.193330
1094.460852	-19.274868
1094.860555	-19.162859
1095.260551	-19.231086
1095.660840	-19.096721
1096.061421	-19.181676
1096.462295	-19.060510
1096.863462	-19.148501
1097.264923	-19.004009
1097.666678	-19.088111
1098.068727	-18.945385
1098.471071	-19.059395
1098.873710	-18.895483
1099.276644	-18.997015
1099.679874	-18.823125
1100.083400	-18.938399
1100.487222	-18.777082
1100.891340	-18.871278
1101.295756	-18.696953
1101.700468	-18.779534
1102.105478	-18.638750
1102.510787	-18.698047
1102.916393	-18.568924
1103.322298	-18.580061
1103.728502	-18.497301
1104.135005	-18.491407
1104.541807	-18.435830
1104.948909	-18.384384
1105.356312	-18.356485
1105.764015	-18.299495
1106.172019	-18.311905
1106.580324	-18.224480
1106.988931	-18.243621
1107.397840	-18.162422
1107.807051	-18.207390
1108.216564	-18.138857
1108.626380	-18.159883
1109.036500	-18.106956
1109.446923	-18.131847
1109.857649	-18.119815
1110.268680	-18.110356
1110.680016	-18.115459
1111.091657	-18.079170
1111.503602	-18.142466
1111.915854	-18.072740
1112.328411	-18.145123
1112.741275	-18.041152
1113.154445	-18.143144
1113.567922	-18.042756
1113.981706	-18.127468
1114.395798	-18.009591
1114.810198	-18.080798
1115.224906	-17.997397
1115.639923	-18.041831
1116.055249	-17.960764
1116.470884	-17.959321
1116.886829	-17.926323
1117.303084	-17.904668
1117.719650	-17.883765
1118.136526	-17.823972
1118.553713	-17.818297
1118.971212	-17.781006
1119.389022	-17.765918
1119.807145	-17.728916
1120.225580	-17.688837
1120.644328	-17.699090
1121.063389	-17.645678
1121.482763	-17.669774
1121.902452	-17.584383
1122.322454	-17.640526
1122.742771	-17.563596
1123.163404	-17.614635
1123.584351	-17.534246
1124.005614	-17.564168
1124.427193	-17.536099
1124.849089	-17.522233
1125.271301	-17.523363
1125.693830	-17.453375
1126.116677	-17.509580
1126.539842	-17.408961
1126.963324	-17.466208
1127.387126	-17.344876
1127.811246	-17.396934
1128.235685	-17.306224
1128.660444	-17.306399
1129.085522	-17.245682
1129.510922	-17.191045
1129.936641	-17.198733
1130.362682	-17.081982
1130.789044	-17.122158
1131.215728	-16.967490
1131.642734	-17.043509
1132.070063	-16.886698
1132.497714	-16.936963
1132.925689	-16.814017
1133.353987	-16.831400
1133.782610	-16.775650
1134.211556	-16.726048
1134.640827	-16.732871
1135.070424	-16.645116
1135.500345	-16.706895
1135.930593	-16.592273
1136.361166	-16.661834
1136.792067	-16.575156
1137.223294	-16.623357
1137.654848	-16.587375
1138.086730	-16.573125
1138.518940	-16.614593
1138.951479	-16.547445
1139.384346	-16.636852
1139.817543	-16.539793
1140.251069	-16.633290
1140.684925	-16.572436
1141.119111	-16.603403
1141.553628	-16.613002
1141.988475	-16.563787
1142.423655	-16.645300
1142.859166	-16.537183
1143.295009	-16.630273
1143.731185	-16.536330
1144.167694	-16.577458
1144.604536	-16.544754
1145.041711	-16.495751
1145.479221	-16.541736
1145.917065	-16.425651
1146.355245	-16.494959
1146.793759	-16.369075
1147.232609	-16.414360
1147.671795	-16.334132
1148.111317	-16.304871
1148.551177	-16.291384
1148.991373	-16.205482
1149.431907	-16.238233
1149.872779	-16.115989
1150.313989	-16.158667
1150.755538	-16.060190
1151.197426	-16.066875
1151.639653	-16.012821
1152.082220	-15.968990
1152.525128	-15.983180
1152.968376	-15.889369
1153.411966	-15.931325
1153.855897	-15.839775
1154.300169	-15.875551
1154.744784	-15.821565
1155.189742	-15.797421
1155.635042	-15.821031
1156.080687	-15.748983
1156.526674	-15.806085
1156.973007	-15.719479
1157.419683	-15.773724
1157.866705	-15.739741
1158.314072	-15.719439
1158.761786	-15.754507
1159.209845	-15.691761
1159.658251	-15.764299
1160.107004	-15.683836
1160.556104	-15.729737
1161.005553	-15.720468
1161.455349	-15.694136
1161.905494	-15.735538
1162.355989	-15.666376
1162.806832	-15.740939
1163.258026	-15.676391
1163.709570	-15.689539
1164.161464	-15.699720
1164.613710	-15.656390
1165.066307	-15.703036
1165.519256	-15.621669
1165.972558	-15.673394
1166.426212	-15.636703
1166.880219	-15.608862
1167.334580	-15.627373
1167.789295	-15.567684
1168.244364	-15.607632
1168.699788	-15.532454
1169.155567	-15.541257
1169.611702	-15.530929
1170.068193	-15.478920
1170.525041	-15.491905
1170.982245	-15.426270
1171.439807	-15.453255
1171.897726	-15.390101
1172.356004	-15.370139
1172.814640	-15.368545
1173.273635	-15.309904
1173.732989	-15.318832
1174.192703	-15.248526
1174.652778	-15.264803
1175.113213	-15.219887
1175.574009	-15.175089
1176.035167	-15.182694
1176.496687	-15.122735
1176.958569	-15.125996
1177.420814	-15.064579
1177.883422	-15.059995
1178.346394	-15.039215
1178.809730	-14.977621
1179.273430	-14.989016
1179.737496	-14.930570
1180.201927	-14.929157
1180.666723	-14.881023
1181.131886	-14.852307
1181.597416	-14.858763
1182.063312	-14.781633
1182.529576	-14.792202
1182.996209	-14.750734
1183.463209	-14.723877
1183.930579	-14.706909
1184.398317	-14.655149
1184.866426	-14.668848
1185.334904	-14.609104
1185.803754	-14.592502
1186.272974	-14.580845
1186.742566	-14.537618
1187.212529	-14.531936
1187.682865	-14.483005
1188.153574	-14.490477
1188.624656	-14.451441
1189.096112	-14.415606
1189.567942	-14.431983
1190.040147	-14.372035
1190.512726	-14.377135
1190.985681	-14.349029
1191.459012	-14.318993
1191.932720	-14.335696
1192.406804	-14.267722
1192.881265	-14.285646
1193.356104	-14.276532
1193.831322	-14.211764
1194.306918	-14.251260
1194.782893	-14.208781
1195.259248	-14.181407
1195.735982	-14.205343
1196.213097	-14.146375
1196.690593	-14.161246
1197.168471	-14.152029
1197.646730	-14.094887
1198.125371	-14.138294
1198.604395	-14.098313
1199.083803	-14.051331
1199.563594	-14.111673
1200.043769	-14.039069
1200.524329	-14.023220
1201.005273	-14.072819
1201.486604	-13.976148
1201.968320	-14.013763
1202.450422	-14.009828
1202.932912	-13.926653
1203.415789	-14.005016
1203.899054	-13.928992
1204.382707	-13.901177
1204.866748	-13.972095
1205.351179	-13.853531
1205.836000	-13.889757
1206.321211	-13.907084
1206.806812	-13.802904
1207.292805	-13.869701
1207.779189	-13.824870
1208.265965	-13.777637
1208.753134	-13.824734
1209.240696	-13.748074
1209.728651	-13.761339
1210.217000	-13.754685
1210.705744	-13.692944
1211.194883	-13.730148
1211.684417	-13.677455
1212.174347	-13.656594
1212.664673	-13.672891
1213.155396	-13.611679
1213.646516	-13.622857
1214.138034	-13.596304
1214.629951	-13.564438
1215.122266	-13.575253
1215.614980	-13.519285
1216.108095	-13.526721
1216.601609	-13.510452
1217.095524	-13.456468
1217.589841	-13.483549
1218.084559	-13.440334
1218.579679	-13.407502
1219.075202	-13.429211
1219.571128	-13.376736
1220.067458	-13.364483
1220.564191	-13.368781
1221.061330	-13.323256
1221.558874	-13.321565
1222.056823	-13.310495
1222.555178	-13.277524
1223.053940	-13.279101
1223.553109	-13.259758
1224.052686	-13.236128
1224.552671	-13.240988
1225.053065	-13.216999
1225.553867	-13.198518
1226.055079	-13.210243
1226.556702	-13.179205
1227.058735	-13.168320
1227.561179	-13.185414
1228.064035	-13.146112
1228.567303	-13.148377
1229.070983	-13.162876
1229.575077	-13.120288
1230.079585	-13.137588
1230.584506	-13.140108
1231.089842	-13.104825
1231.595594	-13.131087
1232.101761	-13.118660
1232.608345	-13.099982
1233.115345	-13.124729
1233.622762	-13.101465
1234.130597	-13.103102
1234.638851	-13.115818
1235.147523	-13.091603
1235.656615	-13.108161
1236.166126	-13.105873
1236.676058	-13.088377
1237.186411	-13.111540
1237.697185	-13.096753
1238.208381	-13.089572
1238.719999	-13.110967
1239.232040	-13.090086
1239.744505	-13.091393
1240.257394	-13.107198
1240.770708	-13.084586
1241.284446	-13.092134
1241.798610	-13.099915
1242.313201	-13.080114
1242.828218	-13.089606
1243.343662	-13.090029
1243.859534	-13.074924
1244.375834	-13.082683
1244.892563	-13.077318
1245.409721	-13.067501
1245.927309	-13.070156
1246.445327	-13.062005
1246.963777	-13.055946
1247.482657	-13.052075
1248.001970	-13.043234
1248.521716	-13.038937
1249.041894	-13.027788
1249.562506	-13.020038
1250.083553	-13.015047
1250.605034	-12.997513
1251.126950	-12.991535
1251.649302	-12.984026
1252.172091	-12.961014
1252.695316	-12.957351
1253.218979	-12.945003
1253.743079	-12.918558
1254.267619	-12.916646
1254.792597	-12.898393
1255.318015	-12.870261
1255.843874	-12.869639
1256.370173	-12.844763
1256.896913	-12.816914
1257.424095	-12.816486
1257.951720	-12.785397
1258.479787	-12.759307
1259.008298	-12.758199
1259.537254	-12.721895
1260.066654	-12.698614
1260.596499	-12.696005
1261.126790	-12.655717
1261.657527	-12.635970
1262.188711	-12.631373
1262.720342	-12.588546
1263.252422	-12.572768
1263.784950	-12.566070
1264.317928	-12.521990
1264.851355	-12.510352
1265.385232	-12.501600
1265.919560	-12.457304
1266.454340	-12.449933
1266.989572	-12.439169
1267.525256	-12.395810
1268.061394	-12.392409
1268.597985	-12.380072
1269.135031	-12.338511
1269.672531	-12.338617
1270.210487	-12.324939
1270.748899	-12.285852
1271.287768	-12.288664
1271.827094	-12.274208
1272.366877	-12.238265
1272.907119	-12.243115
1273.447820	-12.228536
1273.988981	-12.196564
1274.530601	-12.202115
1275.072683	-12.188359
1275.615226	-12.160777
1276.158230	-12.165573
1276.701697	-12.154265
1277.245627	-12.130891
1277.790021	-12.133969
1278.334879	-12.126561
1278.880202	-12.107330
1279.425991	-12.107347
1279.972245	-12.105939
1280.518966	-12.089488
1281.066155	-12.086340
1281.613811	-12.092193
1282.161936	-12.077391
1282.710529	-12.071413
1283.259593	-12.085337
1283.809126	-12.070745
1284.359131	-12.063311
1284.909607	-12.084780
1285.460555	-12.069513
1286.011976	-12.062586
1286.563870	-12.089444
1287.116237	-12.073916
1287.669080	-12.069247
1288.222397	-12.098091
1288.776191	-12.084129
1289.330460	-12.082711
1289.885207	-12.109635
1290.440431	-12.100343
1290.996133	-12.101485
1291.552314	-12.123336
1292.108975	-12.122206
1292.666115	-12.123636
1293.223737	-12.139295
1293.781839	-12.148796
1294.340424	-12.147451
1294.899491	-12.157923
1295.459041	-12.178078
1296.019075	-12.171457
1296.579593	-12.179445
1297.140597	-12.207092
1297.702086	-12.195526
1298.264061	-12.203547
1298.826524	-12.233268
1299.389474	-12.220269
1299.952912	-12.228962
1300.516839	-12.254813
1301.081255	-12.246386
1301.646162	-12.253492
1302.211559	-12.271825
1302.777448	-12.273520
1303.343829	-12.274954
1303.910702	-12.285813
1304.478069	-12.299583
1305.045930	-12.292497
1305.614285	-12.299064
1306.183136	-12.321524
1306.752483	-12.306992
1307.322326	-12.312463
1307.892666	-12.335865
1308.463504	-12.320098
1309.034841	-12.324661
1309.606677	-12.341500
1310.179012	-12.333154
1310.751849	-12.333241
1311.325186	-12.340340
1311.899025	-12.344639
1312.473366	-12.335780
1313.048211	-12.335606
1313.623559	-12.350184
1314.199412	-12.332444
1314.775770	-12.329843
1315.352634	-12.345414
1315.930004	-12.325661
1316.507881	-12.322078
1317.086266	-12.329024
1317.665159	-12.317085
1318.244562	-12.309040
1318.824474	-12.304543
1319.404897	-12.305469
1319.985831	-12.288749
1320.567276	-12.277760
1321.149234	-12.286333
1321.731706	-12.263113
1322.314691	-12.251779
1322.898190	-12.256175
1323.482205	-12.236405
1324.066736	-12.224786
1324.651783	-12.217391
1325.237347	-12.210238
1325.823430	-12.193786
1326.410031	-12.177308
1326.997151	-12.181067
1327.584791	-12.158749
1328.172952	-12.141433
1328.761634	-12.143394
1329.350839	-12.123329
1329.940566	-12.108660
1330.530817	-12.098133
1331.121592	-12.089876
1331.712891	-12.073807
1332.304716	-12.052961
1332.897068	-12.054588
1333.489946	-12.034697
1334.083352	-12.014237
1334.677287	-12.012032
1335.271750	-11.994942
1335.866744	-11.980135
1336.462268	-11.963841
1337.058323	-11.957595
1337.654910	-11.943618
1338.252029	-11.919145
1338.849682	-11.919060
1339.447869	-11.902670
1340.046591	-11.883801
1340.645848	-11.874967
1341.245641	-11.862696
1341.845972	-11.852282
1342.446840	-11.829742
1343.048246	-11.826390
1343.650191	-11.815797
1344.252677	-11.793289
1344.855702	-11.789168
1345.459269	-11.775977
1346.063379	-11.765906
1346.668030	-11.748576
1347.273226	-11.740745
1347.878965	-11.736186
1348.485250	-11.712837
1349.092080	-11.709657
1349.699456	-11.699284
1350.307380	-11.688154
1350.915851	-11.676079
1351.524871	-11.665047
1352.134441	-11.664822
1352.744560	-11.643468
1353.355231	-11.639031
1353.966453	-11.632635
1354.578227	-11.621076
1355.190555	-11.613035
1355.803436	-11.600021
1356.416872	-11.602673
1357.030863	-11.584799
1357.645411	-11.578170
1358.260515	-11.574875
1358.876177	-11.564057
1359.492397	-11.558901
1360.109176	-11.544395
1360.726516	-11.548331
1361.344416	-11.534356
1361.962877	-11.525857
1362.581901	-11.523484
1363.201487	-11.514128
1363.821637	-11.511406
1364.442352	-11.495529
1365.063632	-11.499527
1365.685478	-11.488952
1366.307891	-11.480470
1366.930871	-11.476533
1367.554420	-11.468504
1368.178538	-11.468201
1368.803226	-11.451001
1369.428485	-11.454015
1370.054315	-11.444933
1370.680717	-11.438782
1371.307693	-11.431696
1371.935242	-11.424131
1372.563366	-11.425695
1373.192065	-11.408584
1373.821341	-11.409942
1374.451193	-11.399612
1375.081623	-11.398028
1375.712632	-11.387232
1376.344221	-11.379941
1376.976389	-11.380929
1377.609139	-11.366605
1378.242470	-11.366426
1378.876384	-11.352988
1379.510881	-11.356599
1380.145963	-11.343144
1380.781629	-11.338152
1381.417881	-11.334370
1382.054720	-11.326273
1382.692147	-11.324372
1383.330161	-11.309172
1383.968765	-11.314297
1384.607959	-11.299893
1385.247743	-11.299538
1385.888119	-11.286999
1386.529087	-11.286068
1387.170648	-11.279809
1387.812804	-11.268603
1388.455554	-11.267728
1389.098899	-11.255427
1389.742842	-11.257842
1390.387381	-11.239729
1391.032519	-11.242678
1391.678256	-11.229812
1392.324592	-11.228709
1392.971529	-11.217103
1393.619068	-11.211745
1394.267208	-11.209330
1394.915952	-11.197301
1395.565300	-11.197140
1396.215253	-11.182639
1396.865812	-11.188015
1397.516977	-11.171336
1398.168749	-11.173807
1398.821130	-11.160969
1399.474120	-11.162616
1400.127719	-11.153228
1400.781930	-11.147883
1401.436752	-11.145538
1402.092186	-11.137294
1402.748234	-11.138659
1403.404897	-11.124811
1404.062174	-11.130542
1404.720067	-11.116976
1405.378577	-11.122255
1406.037705	-11.107965
1406.697451	-11.112831
1407.357817	-11.103288
1408.018803	-11.103851
1408.680410	-11.097216
1409.342639	-11.094718
1410.005492	-11.094379
1410.668968	-11.086996
1411.333068	-11.089517
1411.997795	-11.079878
1412.663147	-11.087045
1413.329127	-11.074956
1413.995736	-11.082641
1414.662973	-11.071251
1415.330840	-11.080590
1415.999339	-11.070182
1416.668469	-11.077134
1417.338232	-11.070075
1418.008628	-11.076110
1418.679659	-11.072346
1419.351325	-11.074242
1420.023628	-11.074758
1420.696568	-11.075040
1421.370145	-11.079465
1422.044362	-11.076045
1422.719219	-11.084253
1423.394717	-11.080386
1424.070856	-11.091855
1424.747638	-11.086010
1425.425064	-11.099528
1426.103134	-11.094717
1426.781850	-11.109848
1427.461212	-11.104551
1428.141221	-11.119265
1428.821878	-11.115955
1429.503185	-11.130842
1430.185141	-11.128536
1430.867749	-11.141722
1431.551008	-11.142344
1432.234920	-11.155624
1432.919486	-11.158769
1433.604707	-11.170428
1434.290583	-11.176701
1434.977116	-11.188466
1435.664307	-11.197452
1436.352156	-11.207160
1437.040664	-11.217863
1437.729833	-11.226713
1438.419663	-11.238981
1439.110156	-11.245415
1439.801312	-11.258086
1440.493132	-11.263678
1441.185617	-11.278000
1441.878768	-11.282755
1442.572586	-11.298049
1443.267072	-11.303348
1443.962228	-11.321340
1444.658053	-11.327438
1445.354549	-11.346531
1446.051717	-11.352923
1446.749558	-11.373235
1447.448073	-11.379124
1448.147263	-11.397977
1448.847128	-11.401287
1449.547671	-11.417994
1450.248891	-11.418631
1450.950789	-11.431988
1451.653368	-11.429164
1452.356627	-11.440167
1453.060568	-11.436129
1453.765192	-11.446220
1454.470500	-11.441880
1455.176492	-11.452577
1455.883170	-11.450378
1456.590534	-11.462932
1457.298586	-11.462206
1458.007327	-11.475121
1458.716758	-11.475060
1459.426880	-11.486987
1460.137693	-11.484699
1460.849199	-11.491626
1461.561398	-11.484137
1462.274293	-11.484637
1462.987883	-11.470910
1463.702170	-11.463408
1464.417155	-11.443300
1465.132838	-11.430041
1465.849222	-11.407551
1466.566306	-11.392228
1467.284093	-11.370925
1468.002582	-11.357999
1468.721775	-11.343503
1469.441674	-11.337663
1470.162278	-11.332606
1470.883590	-11.334832
1471.605609	-11.339866
1472.328338	-11.349927
1473.051777	-11.362680
1473.775928	-11.375714
1474.500790	-11.390675
1475.226367	-11.401671
1475.952657	-11.414094
1476.679663	-11.418021
1477.407386	-11.423433
1478.135826	-11.418113
1478.864985	-11.417192
1479.594863	-11.405641
1480.325463	-11.402445
1481.056784	-11.390796
1481.788828	-11.393328
1482.521597	-11.391689
1483.255090	-11.409522
1483.989309	-11.427357
1484.724256	-11.468595
1485.459931	-11.514070
1486.196336	-11.584337
1486.933471	-11.661087
1487.671337	-11.760172
1488.409937	-11.865992
1489.149270	-11.987935
1489.889337	-12.113985
1490.630141	-12.245442
1491.371682	-12.375656
1492.113961	-12.498343
1492.856979	-12.613307
1493.600738	-12.707139
1494.345238	-12.787128
1495.090481	-12.835940
1495.836467	-12.869179
1496.583198	-12.868100
1497.330675	-12.854826
1498.078899	-12.811690
1498.827872	-12.764688
1499.577593	-12.699150
1500.328065	-12.640149
1501.079289	-12.576766
1501.831265	-12.528912
1502.583995	-12.491095
1503.337480	-12.475123
1504.091721	-12.480985
1504.846719	-12.509514
1505.602475	-12.566032
1506.358991	-12.640027
1507.116268	-12.740313
1507.874306	-12.845075
1508.633108	-12.962975
1509.392673	-13.063947
1510.153004	-13.154559
1510.914101	-13.203112
1511.675965	-13.213814
1512.438599	-13.163340
1513.202002	-13.056916
1513.966176	-12.889762
1514.731122	-12.669974
1515.496842	-12.412207
1516.263336	-12.122914
1517.030607	-11.828346
1517.798654	-11.529357
1518.567479	-11.254014
1519.337083	-10.997726
1520.107468	-10.781880
1520.878634	-10.601258
1521.650584	-10.465761
1522.423317	-10.374289
1523.196836	-10.323143
1523.971141	-10.316025
1524.746233	-10.337575
1525.522115	-10.392678
1526.298786	-10.460128
1527.076249	-10.538024
1527.854504	-10.606751
1528.633553	-10.651736
1529.413397	-10.661598
1530.194037	-10.612749
1530.975474	-10.505170
1531.757709	-10.321954
1532.540745	-10.073140
1533.324581	-9.763291
1534.109220	-9.405547
1534.894662	-9.023231
1535.680909	-8.626783
1536.467961	-8.243190
1537.255821	-7.880814
1538.044489	-7.557539
1538.833967	-7.283397
1539.624256	-7.064268
1540.415357	-6.912429
1541.207271	-6.826290
1542.000000	-6.816677
1542.793545	-6.882023
1543.587907	-7.027745
1544.383087	-7.257782
1545.179088	-7.571245
1545.975909	-7.978307
1546.773552	-8.476412
1547.572019	-9.078548
1548.371311	-9.789493
1549.171428	-10.621277
1549.972373	-11.595585
1550.774147	-12.727767
1551.576751	-14.066038
1552.380185	-15.653220
1553.184453	-17.583167
1553.989554	-19.996584
1554.795490	-23.087936
1555.602263	-26.937683
1556.409873	-29.082786
1557.218322	-26.289077
1558.027612	-22.904339
1558.837743	-20.302947
1559.648717	-18.331868
1560.460536	-16.803154
1561.273200	-15.574704
1562.086710	-14.587179
1562.901069	-13.775465
1563.716278	-13.111883
1564.532337	-12.572979
1565.349249	-12.133270
1566.167014	-11.790500
1566.985634	-11.522872
1567.805111	-11.330048
1568.625444	-11.202199
1569.446637	-11.130303
1570.268690	-11.117188
1571.091605	-11.147955
1571.915382	-11.227990
1572.740024	-11.347562
1573.565532	-11.503033
1574.391907	-11.696488
1575.219150	-11.914433
1576.047262	-12.164229
1576.876246	-12.433694
1577.706103	-12.722252
1578.536833	-13.029965
1579.368439	-13.343534
1580.200922	-13.671852
1581.034282	-13.999798
1581.868522	-14.329995
1582.703643	-14.660141
1583.539646	-14.977304
1584.376532	-15.291648
1585.214304	-15.584620
1586.052962	-15.861751
1586.892508	-16.116958
1587.732943	-16.338295
1588.574269	-16.536305
1589.416487	-16.690328
1590.259599	-16.811009
1591.103605	-16.890864
1591.948508	-16.924945
1592.794309	-16.926525
1593.641009	-16.880809
1594.488609	-16.805020
1595.337112	-16.695522
1596.186518	-16.554313
1597.036829	-16.396774
1597.888047	-16.212888
1598.740172	-16.020601
1599.593207	-15.817863
1600.447153	-15.607153
1601.302010	-15.401266
1602.157782	-15.191685
1603.014469	-14.991185
1603.872072	-14.797840
1604.730593	-14.610460
1605.590034	-14.438763
1606.450397	-14.273955
1607.311681	-14.123620
1608.173890	-13.986446
1609.037024	-13.858239
1609.901085	-13.746409
1610.766075	-13.642774
1611.631995	-13.550711
1612.498846	-13.470389
1613.366630	-13.395325
1614.235349	-13.331310
1615.105004	-13.272084
1615.975596	-13.217406
1616.847128	-13.169615
1617.719600	-13.121350
1618.593014	-13.077071
1619.467372	-13.033579
1620.342675	-12.987818
1621.218924	-12.944303
1622.096122	-12.897264
1622.974270	-12.849102
1623.853369	-12.801258
1624.733420	-12.749529
1625.614427	-12.699413
1626.496389	-12.648864
1627.379308	-12.597418
1628.263187	-12.549883
1629.148026	-12.502388
1630.033828	-12.457872
1630.920593	-12.417863
1631.808324	-12.379007
1632.697022	-12.345579
1633.586688	-12.315587
1634.477324	-12.287438
1635.368932	-12.264417
1636.261514	-12.242435
1637.155070	-12.222167
1638.049602	-12.204624
1638.945113	-12.185686
1639.841603	-12.167771
1640.739075	-12.149921
1641.637529	-12.129709
1642.536968	-12.110340
1643.437393	-12.089534
1644.338806	-12.066935
1645.241209	-12.045286
1646.144602	-12.021714
1647.048988	-11.997884
1647.954368	-11.975347
1648.860744	-11.951514
1649.768118	-11.929316
1650.676491	-11.908650
1651.585865	-11.887812
1652.496241	-11.869574
1653.407621	-11.852460
1654.320008	-11.835584
1655.233401	-11.821148
1656.147804	-11.806716
1657.063218	-11.792380
1657.979645	-11.779698
1658.897085	-11.766084
1659.815542	-11.752744
1660.735016	-11.740505
1661.655509	-11.727080
1662.577023	-11.714476
1663.499560	-11.702670
1664.423121	-11.690180
1665.347709	-11.679276
1666.273324	-11.669238
1667.199969	-11.659329
1668.127645	-11.651667
1669.056353	-11.645054
1669.986097	-11.639135
1670.916877	-11.635526
1671.848695	-11.632587
1672.781553	-11.630389
1673.715452	-11.629970
1674.650395	-11.629380
1675.586383	-11.629259
1676.523418	-11.630335
1677.461501	-11.631073
1678.400635	-11.632633
1679.340821	-11.635244
1680.282061	-11.637659
1681.224357	-11.641428
1682.167710	-11.646388
1683.112122	-11.651454
1684.057595	-11.658132
1685.004132	-11.665769
1685.951732	-11.673461
1686.900400	-11.682621
1687.850135	-11.692277
1688.800940	-11.701678
1689.752818	-11.712290
1690.705768	-11.723104
1691.659795	-11.733678
1692.614898	-11.745519
1693.571081	-11.757551
1694.528345	-11.769475
1695.486691	-11.782729
1696.446122	-11.796039
1697.406640	-11.809014
1698.368245	-11.823097
1699.330941	-11.836876
1700.294729	-11.850145
1701.259611	-11.864406
1702.225588	-11.878351
1703.192664	-11.892015
1704.160838	-11.907032
1705.130114	-11.922154
1706.100493	-11.937280
1707.071977	-11.953920
1708.044568	-11.970786
1709.018268	-11.987553
1709.993079	-12.005684
1710.969003	-12.024061
1711.946041	-12.042146
1712.924196	-12.061487
1713.903469	-12.081149
1714.883862	-12.100394
1715.865378	-12.120914
1716.848017	-12.142073
1717.831783	-12.162934
1718.816677	-12.185120
1719.802701	-12.208192
1720.789857	-12.230805
1721.778147	-12.254243
1722.767573	-12.278363
1723.758136	-12.301597
1724.749840	-12.324964
1725.742685	-12.348868
1726.736673	-12.371984
1727.731808	-12.395290
1728.728090	-12.419744
1729.725521	-12.444210
1730.724105	-12.469066
1731.723842	-12.495092
1732.724735	-12.521077
1733.726785	-12.546850
1734.729995	-12.573180
1735.734366	-12.599170
1736.739902	-12.624569
1737.746603	-12.650422
1738.754472	-12.676486
1739.763510	-12.702571
1740.773721	-12.729666
1741.785105	-12.757504
1742.797665	-12.785202
1743.811403	-12.813231
1744.826321	-12.841419
1745.842422	-12.868897
1746.859706	-12.896205
1747.878177	-12.923716
1748.897835	-12.950777
1749.918685	-12.977756
1750.940726	-13.005157
1751.963963	-13.032247
1752.988395	-13.059009
1754.014027	-13.085972
1755.040860	-13.112561
1756.068895	-13.138474
1757.098135	-13.164452
1758.128583	-13.190398
1759.160240	-13.215779
1760.193109	-13.241207
1761.227191	-13.266857
1762.262488	-13.292028
1763.299004	-13.317167
1764.336740	-13.342953
1765.375697	-13.368843
1766.415880	-13.394776
1767.457288	-13.421496
1768.499926	-13.448562
1769.543794	-13.475304
1770.588895	-13.502292
1771.635231	-13.529631
1772.682805	-13.556647
1773.731619	-13.583845
1774.781674	-13.612024
1775.832973	-13.640541
1776.885519	-13.668956
1777.939312	-13.697887
1778.994357	-13.727038
1780.050654	-13.755551
1781.108207	-13.783901
1782.167017	-13.812608
1783.227087	-13.841033
1784.288418	-13.869072
1785.351013	-13.897471
1786.414875	-13.925961
1787.480006	-13.953844
1788.546407	-13.981672
1789.614082	-14.009969
1790.683032	-14.038085
1791.753259	-14.065813
1792.824767	-14.093729
1793.897557	-14.121466
1794.971632	-14.148247
1796.046994	-14.174409
1797.123645	-14.200520
1798.201588	-14.226395
1799.280824	-14.252124
1800.361357	-14.278167
1801.443188	-14.304153
1802.526320	-14.329292
1803.610756	-14.353591
1804.696497	-14.377370
1805.783546	-14.400494
1806.871906	-14.423077
1807.961578	-14.445683
1809.052565	-14.468416
1810.144870	-14.491023
1811.238494	-14.513597
1812.333441	-14.536223
1813.429713	-14.558553
1814.527311	-14.580397
1815.626239	-14.601994
1816.726499	-14.623468
1817.828094	-14.644706
1818.931025	-14.665796
1820.035295	-14.686881
1821.140906	-14.707892
1822.247862	-14.728798
1823.356165	-14.749500
1824.465816	-14.769678
1825.576819	-14.789047
1826.689175	-14.807606
1827.802888	-14.825505
1828.917960	-14.842808
1830.034394	-14.859655
1831.152191	-14.876132
1832.271354	-14.891941
1833.391887	-14.906784
1834.513790	-14.920751
1835.637068	-14.933865
1836.761722	-14.945921
1837.887755	-14.956984
1839.015169	-14.967569
1840.143968	-14.977961
1841.274153	-14.987993
1842.405727	-14.997710
1843.538693	-15.007381
1844.673053	-15.016762
1845.808810	-15.025542
1846.945966	-15.034002
1848.084525	-15.042541
1849.224488	-15.050941
1850.365858	-15.058909
1851.508638	-15.066645
1852.652831	-15.074197
1853.798438	-15.081119
1854.945463	-15.087219
1856.093909	-15.092899
1857.243777	-15.098362
1858.395071	-15.103201
1859.547794	-15.107103
1860.701947	-15.110204
1861.857533	-15.112736
1863.014556	-15.114981
1864.173018	-15.117435
1865.332922	-15.120321
1866.494270	-15.122999
1867.657065	-15.124497
1868.821309	-15.124416
1869.987006	-15.123086
1871.154158	-15.121011
1872.322768	-15.118678
1873.492839	-15.116517
1874.664373	-15.114446
1875.837373	-15.111613
1877.011841	-15.107075
1878.187782	-15.100709
1879.365197	-15.093062
1880.544089	-15.084724
1881.724460	-15.076122
1882.906315	-15.067563
1884.089655	-15.058975
1885.274483	-15.049843
1886.460803	-15.039761
1887.648616	-15.028798
1888.837927	-15.017224
1890.028736	-15.005172
1891.221049	-14.992670
1892.414866	-14.979695
1893.610192	-14.966273
1894.807028	-14.952512
1896.005379	-14.938592
1897.205246	-14.924678
1898.406633	-14.910652
1899.609542	-14.896100
1900.813977	-14.880694
1902.019940	-14.864650
1903.227434	-14.848712
1904.436462	-14.833619
1905.647028	-14.819630
1906.859133	-14.806238
1908.072781	-14.792521
1909.287976	-14.777772
1910.504719	-14.762009
1911.723013	-14.745752
1912.942863	-14.729518
1914.164270	-14.713522
1915.387238	-14.697722
1916.611770	-14.681883
1917.837868	-14.665582
1919.065536	-14.648549
1920.294777	-14.630963
1921.525594	-14.613242
1922.757989	-14.595708
1923.991967	-14.578371
1925.227529	-14.561078
1926.464679	-14.543778
1927.703420	-14.526420
1928.943755	-14.508824
1930.185688	-14.490828
1931.429221	-14.472349
1932.674356	-14.453373
1933.921099	-14.433946
1935.169451	-14.414171
1936.419415	-14.394012
1937.670996	-14.373390
1938.924195	-14.352299
1940.179017	-14.330790
1941.435463	-14.308940
1942.693538	-14.286754
1943.953245	-14.264253
1945.214586	-14.241658
1946.477566	-14.219271
1947.742186	-14.197296
1949.008451	-14.175495
1950.276363	-14.153419
1951.545926	-14.130894
1952.817143	-14.108261
1954.090017	-14.085971
1955.364551	-14.064238
1956.640749	-14.042882
1957.918615	-14.021567
1959.198150	-14.000266
1960.479359	-13.979463
1961.762244	-13.959500
1963.046810	-13.940153
1964.333059	-13.920908
1965.620995	-13.901562
1966.910621	-13.882236
1968.201940	-13.863215
1969.494956	-13.844807
1970.789672	-13.827135
1972.086091	-13.810025
1973.384217	-13.792904
1974.684053	-13.775278
1975.985602	-13.757375
1977.288869	-13.740006
1978.593855	-13.723764
1979.900566	-13.708508
1981.209003	-13.693530
1982.519171	-13.678172
1983.831073	-13.662092
1985.144712	-13.645499
1986.460093	-13.628842
1987.777217	-13.612328
1989.096089	-13.595859
1990.416713	-13.579340
1991.739092	-13.562797
1993.063228	-13.546238
1994.389127	-13.529432
1995.716791	-13.512137
1997.046223	-13.494388
1998.377428	-13.476679
1999.710409	-13.459431
2001.045169	-13.442716
2002.381713	-13.426069
2003.720043	-13.408942
2005.060163	-13.391140
2006.402077	-13.372991
2007.745788	-13.355222
2009.091301	-13.338395
2010.438618	-13.322363
2011.787743	-13.306406
2013.138680	-13.289949
2014.491433	-13.273140
2015.846005	-13.256685
2017.202399	-13.241274
2018.560621	-13.227129
2019.920673	-13.214144
2021.282558	-13.202061
2022.646281	-13.190557
2024.011846	-13.179387
2025.379256	-13.168678
2026.748515	-13.158712
2028.119626	-13.149764
2029.492594	-13.141933
2030.867422	-13.134799
2032.244114	-13.127465
2033.622673	-13.119358
2035.003104	-13.110942
2036.385411	-13.103496
2037.769597	-13.097701
2039.155665	-13.092991
2040.543621	-13.088264
2041.933467	-13.082997
2043.325208	-13.077572
2044.718847	-13.072505
2046.114389	-13.067762
2047.511837	-13.062853
2048.911195	-13.057305
2050.312467	-13.051011
2051.715657	-13.044381
2053.120769	-13.037826
2054.527807	-13.031121
2055.936775	-13.023857
2057.347677	-13.016183
2058.760516	-13.008726
2060.175297	-13.001624
2061.592025	-12.994336
2063.010701	-12.986371
2064.431332	-12.977948
2065.853921	-12.969904
2067.278472	-12.962848
2068.704988	-12.956402
2070.133475	-12.950019
2071.563936	-12.944070
2072.996375	-12.939437
2074.430796	-12.936315
2075.867204	-12.934301
2077.305603	-12.933407
2078.745996	-12.934232
2080.188389	-12.937013
2081.632784	-12.940937
2083.079187	-12.945056
2084.527601	-12.949297
2085.978030	-12.954129
2087.430480	-12.960005
2088.884954	-12.966393
2090.341455	-12.971585
2091.799990	-12.974282
2093.260561	-12.975486
2094.723173	-12.977102
2096.187831	-12.978995
2097.654538	-12.979024
2099.123300	-12.975877
2100.594119	-12.970754
2102.067001	-12.965726
2103.541950	-12.961469
2105.018971	-12.957632
2106.498067	-12.954365
2107.979243	-12.952900
2109.462503	-12.954384
2110.947853	-12.959016
2112.435295	-12.966634
2113.924836	-12.977740
2115.416478	-12.992974
2116.910227	-13.011782
2118.406087	-13.032698
2119.904063	-13.055047
2121.404158	-13.079049
2122.906378	-13.104283
2124.410727	-13.129521
2125.917210	-13.153859
2127.425831	-13.176928
2128.936594	-13.198547
2130.449505	-13.218680
2131.964567	-13.237146
2133.481786	-13.253721
2135.001166	-13.268479
2136.522711	-13.281483
2138.046427	-13.292401
2139.572317	-13.301248
2141.100388	-13.309194
2142.630642	-13.317581
2144.163085	-13.326080
2145.697722	-13.333139
2147.234558	-13.338889
2148.773596	-13.345817
2150.314842	-13.355309
2151.858301	-13.365921
2153.403977	-13.376131
2154.951875	-13.387094
2156.502000	-13.401589
2158.054357	-13.420686
2159.608950	-13.443039
2161.165785	-13.467239
2162.724866	-13.493693
2164.286198	-13.523471
2165.849786	-13.556382
2167.415635	-13.591704
2168.983749	-13.628768
2170.554134	-13.666181
2172.126795	-13.702398
2173.701737	-13.737349
2175.278964	-13.771777
2176.858481	-13.804870
2178.440294	-13.834654
2180.024408	-13.860898
2181.610827	-13.884930
2183.199557	-13.907303
2184.790602	-13.927790
2186.383968	-13.946448
2187.979660	-13.963799
2189.577683	-13.980723
2191.178041	-13.998549
2192.780741	-14.018821
2194.385787	-14.042059
2195.993185	-14.067408
2197.602939	-14.094531
2199.215054	-14.125124
2200.829537	-14.160945
2202.446392	-14.201059
2204.065624	-14.242964
2205.687239	-14.285926
2207.311242	-14.331230
2208.937638	-14.379120
2210.566433	-14.427817
2212.197631	-14.475930
2213.831239	-14.524100
2215.467261	-14.573619
2217.105703	-14.624515
2218.746570	-14.675542
2220.389867	-14.725943
2222.035601	-14.776053
2223.683776	-14.826280
2225.334398	-14.876883
2226.987472	-14.927777
2228.643004	-14.977646
2230.300999	-15.025128
2231.961463	-15.071234
2233.624402	-15.117793
2235.289820	-15.164645
2236.957723	-15.210512
2238.628118	-15.254620
2240.301009	-15.297493
2241.976402	-15.340941
2243.654303	-15.385571
2245.334717	-15.430180
2247.017650	-15.474784
2248.703108	-15.521928
2250.391096	-15.573363
2252.081620	-15.626259
2253.774686	-15.677493
2255.470300	-15.730459
2257.168467	-15.789691
2258.869193	-15.852679
2260.572484	-15.914691
2262.278345	-15.977787
2263.986783	-16.045553
2265.697804	-16.115701
2267.411412	-16.185755
2269.127615	-16.257620
2270.846417	-16.332433
2272.567826	-16.407372
2274.291846	-16.482320
2276.018484	-16.560596
2277.747745	-16.640752
2279.479637	-16.719249
2281.214164	-16.797980
2282.951333	-16.879191
2284.691149	-16.959394
2286.433619	-17.036703
2288.178750	-17.115052
2289.926546	-17.195425
2291.677014	-17.273755
2293.430161	-17.350096
2295.185992	-17.427435
2296.944513	-17.502635
2298.705732	-17.574046
2300.469653	-17.646938
2302.236283	-17.720612
2304.005629	-17.789159
2305.777696	-17.858424
2307.552492	-17.935163
2309.330022	-18.010880
2311.110292	-18.081877
2312.893310	-18.157898
2314.679080	-18.240845
2316.467611	-18.324328
2318.258907	-18.407305
2320.052976	-18.494331
2321.849824	-18.588203
2323.649457	-18.684746
2325.451883	-18.780502
2327.257106	-18.878339
2329.065135	-18.980363
2330.875975	-19.085529
2332.689633	-19.191391
2334.506116	-19.297421
2336.325430	-19.407420
2338.147581	-19.519822
2339.972578	-19.629839
2341.800425	-19.741468
2343.631130	-19.857116
2345.464700	-19.972282
2347.301141	-20.087131
2349.140461	-20.203919
2350.982665	-20.320072
2352.827760	-20.433566
2354.675754	-20.547243
2356.526653	-20.660681
2358.380464	-20.770016
2360.237195	-20.879141
2362.096851	-20.988460
2363.959440	-21.090069
2365.824968	-21.188193
2367.693444	-21.289763
2369.564873	-21.388921
2371.439263	-21.483227
2373.316620	-21.580018
2375.196953	-21.679362
2377.080267	-21.778026
2378.966570	-21.881613
2380.855869	-21.992450
2382.748171	-22.105326
2384.643484	-22.221303
2386.541815	-22.345957
2388.443170	-22.471392
2390.347557	-22.596170
2392.254984	-22.732529
2394.165457	-22.871671
2396.078984	-23.007553
2397.995572	-23.153914
2399.915229	-23.301408
2401.837961	-23.440436
2403.763777	-23.590228
2405.692684	-23.747110
2407.624689	-23.893076
2409.559800	-24.043554
2411.498023	-24.202273
2413.439368	-24.350095
2415.383840	-24.501896
2417.331449	-24.665958
2419.282201	-24.813891
2421.236104	-24.953220
2423.193165	-25.106909
2425.153393	-25.253750
2427.116795	-25.382580
2429.083378	-25.517706
2431.053151	-25.645917
2433.026121	-25.753596
2435.002297	-25.868413
2436.981685	-25.984495
2438.964293	-26.085817
2440.950131	-26.194592
2442.939204	-26.308845
2444.931522	-26.421193
2446.927092	-26.551425
2448.925923	-26.685627
2450.928022	-26.818431
2452.933397	-26.969933
2454.942056	-27.128496
2456.954008	-27.285278
2458.969260	-27.457087
2460.987821	-27.632996
2463.009699	-27.797270
2465.034902	-27.979250
2467.063437	-28.177758
2469.095315	-28.358736
2471.130542	-28.543839
2473.169127	-28.748396
2475.211078	-28.939534
2477.256404	-29.125923
2479.305112	-29.331472
2481.357212	-29.529396
2483.412713	-29.712969
2485.471621	-29.913099
2487.533946	-30.105396
2489.599696	-30.281037
2491.668880	-30.467004
2493.741507	-30.636959
2495.817585	-30.781890
2497.897122	-30.928547
2499.980127	-31.056171
2502.066609	-31.167843
2504.156578	-31.273838
2506.250040	-31.358317
2508.347006	-31.454329
2510.447483	-31.546959
2512.551482	-31.632343
2514.659010	-31.755774
2516.770076	-31.877928
2518.884690	-32.001922
2521.002861	-32.177453
2523.124597	-32.354431
2525.249907	-32.520368
2527.378801	-32.724824
2529.511287	-32.923610
2531.647375	-33.128886
2533.787074	-33.369286
2535.930393	-33.586188
2538.077340	-33.815717
2540.227927	-34.069022
2542.382160	-34.304386
2544.540051	-34.565431
2546.701608	-34.841391
2548.866840	-35.092207
2551.035757	-35.354910
2553.208369	-35.638157
2555.384684	-35.899179
2557.564713	-36.161947
2559.748465	-36.412357
2561.935948	-36.660738
2564.127174	-36.886414
2566.322152	-37.067800
2568.520890	-37.219120
2570.723399	-37.334560
2572.929689	-37.407190
2575.139769	-37.461591
2577.353649	-37.492804
2579.571340	-37.486665
2581.792849	-37.490774
2584.018189	-37.536742
2586.247368	-37.587321
2588.480396	-37.638566
2590.717284	-37.744638
2592.958041	-37.887479
2595.202678	-38.034908
2597.451204	-38.202934
2599.703630	-38.387013
2601.959966	-38.569431
2604.220222	-38.799498
2606.484408	-39.023794
2608.752535	-39.252255
2611.024612	-39.526328
2613.300651	-39.822251
2615.580661	-40.182149
2617.864653	-40.507479
2620.152638	-40.813463
2622.444625	-41.290859
2624.740626	-41.700213
2627.040651	-42.109298
2629.344710	-42.591632
2631.652814	-43.033240
2633.964974	-43.536968
2636.281200	-44.033899
2638.601504	-44.383347
2640.925896	-44.752561
2643.254386	-45.040991
2645.586987	-45.164678
2647.923707	-45.104543
2650.264559	-45.103719
2652.609554	-44.942457
2654.958702	-44.728804
2657.312015	-44.553417
2659.669503	-44.416111
2662.031178	-44.379271
2664.397051	-44.249961
2666.767132	-44.232493
2669.141434	-44.287635
2671.519968	-44.353635
2673.902745	-44.380870
2676.289776	-44.317368
2678.681072	-44.451669
2681.076646	-44.605801
2683.476508	-44.632424
2685.880671	-44.772485
2688.289145	-45.048269
2690.701942	-45.353587
2693.119075	-45.558427
2695.540554	-45.885596
2697.966391	-46.234061
2700.396599	-46.832909
2702.831189	-47.199865
2705.270172	-47.704003
2707.713561	-48.591383
2710.161368	-49.290477
2712.613605	-50.172347
2715.070283	-51.177497
2717.531416	-52.405276
2719.997014	-53.530297
2722.467090	-54.262922
2724.941657	-55.246559
2727.420726	-55.534288
2729.904310	-55.277939
2732.392421	-54.955939
2734.885072	-54.620095
2737.382275	-53.954593
2739.884042	-53.654893
2742.390387	-53.509369
2744.901321	-53.230663
2747.416857	-52.901769
2749.937008	-52.811180
2752.461787	-52.291317
2754.991206	-52.019178
2757.525279	-51.685411
2760.064017	-51.452770
2762.607434	-51.150266
2765.155544	-50.928535
2767.708358	-51.080266
2770.265890	-50.935753
2772.828153	-50.758189
2775.395160	-50.983374
2777.966924	-51.032998
2780.543459	-51.088804
2783.124778	-51.424410
2785.710894	-51.846630
2788.301821	-52.384030
2790.897572	-52.908680
2793.498160	-53.722081
2796.103599	-54.879629
2798.713903	-55.882803
2801.329085	-57.114227
2803.949159	-58.416005
2806.574139	-59.717236
2809.204038	-61.452557
2811.838871	-61.979348
2814.478650	-62.999960
2817.123391	-63.852385
2819.773107	-64.347630
2822.427812	-65.412260
2825.087521	-66.935624
2827.752247	-69.602842
2830.422005	-69.059334
2833.096808	-70.545024
2835.776672	-66.999631
2838.461611	-65.631951
2841.151638	-63.651472
2843.846769	-62.707837
2846.547019	-61.382748
2849.252401	-60.462224
2851.962930	-59.565264
2854.678621	-58.424206
2857.399489	-58.477052
2860.125549	-57.093843
2862.856815	-57.485760
2865.593302	-56.929588
2868.335026	-57.150941
2871.082002	-57.379730
2873.834244	-57.845614
2876.591767	-58.493393
2879.354588	-58.811337
2882.122721	-60.247520
2884.896181	-60.940793
2887.674984	-61.833465
2890.459146	-63.275605
2893.248681	-63.084304
2896.043606	-64.658891
2898.843937	-64.159173
2901.649687	-63.986128
2904.460875	-63.907943
2907.277515	-64.152891
2910.099623	-64.270782
2912.927215	-66.150946
2915.760308	-65.658442
2918.598916	-67.859832
2921.443057	-68.324137
2924.292747	-70.409763
2927.148002	-70.762757
2930.008837	-74.625261
2932.875270	-73.065950
2935.747318	-72.982987
2938.624995	-72.416558
2941.508320	-71.006963
2944.397308	-68.078735
2947.291977	-67.885596
2950.192343	-65.431448
2953.098423	-65.375856
2956.010234	-65.601587
2958.927792	-64.498786
2961.851116	-65.252881
2964.780221	-65.642444
2967.715126	-65.924431
2970.655847	-67.736707
2973.602402	-68.791138
2976.554808	-70.042204
2979.513083	-72.201268
2982.477243	-72.858122
2985.447308	-74.911470
2988.423293	-71.117511
2991.405218	-70.756006
2994.393099	-70.769689
2997.386955	-69.168050
