# 2022-03-21_21.12.42
# shape = sech2
# FWHM_ps = 0.1
# carrier_nm = 1542
# frep_MHz = 12126
# pow_mW = 8000
# GDD = 0.0
# propa_len = 0.098
# untap_len = 0.01
# taper_len = 0.038
# waist_len = 0.02
# uptap_len = 0.02
# untap_scale = 1.0
# waist_scale = 0.1473684210526316
# workingDir = NL_20110305_12 (Spirou)
# axis = slow
# window_ps = 10.0
# steps = 200
# points = 21700
# 
# wavelength [nm]	 power spectral density [dB]
600.043425	-77.516834
600.163550	-80.577373
600.283723	-84.061659
600.403943	-80.066792
600.524212	-78.120475
600.644529	-78.138752
600.764895	-80.744724
600.885308	-81.680041
601.005770	-78.225405
601.126280	-76.622326
601.246839	-76.571781
601.367446	-79.167809
601.488101	-81.287615
601.608804	-79.793973
601.729557	-78.526778
601.850357	-78.588904
601.971206	-81.505664
602.092104	-81.533594
602.213050	-79.341778
602.334045	-77.196854
602.455089	-76.979761
602.576181	-78.606673
602.697322	-79.357897
602.818511	-79.293425
602.939749	-77.814567
603.061036	-78.380897
603.182372	-80.693595
603.303757	-81.872886
603.425191	-79.858643
603.546673	-77.518378
603.668204	-77.968239
603.789785	-79.139575
603.911414	-79.478607
604.033092	-77.901170
604.154820	-76.960391
604.276596	-78.725989
604.398422	-80.176310
604.520297	-80.331068
604.642220	-78.218960
604.764193	-78.302920
604.886216	-79.931155
605.008287	-79.664582
605.130408	-78.553384
605.252578	-77.204697
605.374798	-78.517815
605.497066	-79.143631
605.619385	-78.767719
605.741752	-77.877273
605.864169	-77.740053
605.986636	-79.333425
606.109152	-79.011284
606.231718	-79.346801
606.354333	-78.784858
606.476998	-79.390548
606.599712	-78.822039
606.722476	-77.918068
606.845290	-78.134990
606.968154	-77.739992
607.091067	-78.284856
607.214030	-77.151554
607.337043	-77.808803
607.460106	-79.043298
607.583219	-80.588596
607.706381	-80.042428
607.829594	-77.997890
607.952856	-78.029833
608.076169	-77.877007
608.199531	-78.660208
608.322944	-77.086187
608.446407	-76.381211
608.569920	-76.935198
608.693483	-78.740266
608.817096	-81.807625
608.940759	-79.137224
609.064473	-78.068871
609.188237	-77.826406
609.312051	-79.659301
609.435916	-78.103345
609.559831	-75.928387
609.683796	-75.624758
609.807812	-76.780314
609.931878	-80.885742
610.055995	-79.395117
610.180162	-78.196918
610.304380	-77.713999
610.428648	-80.037927
610.552967	-79.196482
610.677337	-76.756203
610.801757	-75.771250
610.926228	-76.013821
611.050750	-78.595875
611.175323	-78.684983
611.299946	-78.677077
611.424620	-77.389956
611.549345	-78.600671
611.674121	-79.489667
611.798948	-79.023942
611.923826	-76.879902
612.048755	-75.620545
612.173734	-76.789135
612.298765	-78.107371
612.423847	-79.133049
612.548980	-76.728067
612.674165	-76.926403
612.799400	-78.715428
612.924687	-80.539571
613.050025	-77.784090
613.175414	-75.864365
613.300854	-76.872000
613.426346	-78.124071
613.551889	-78.211184
613.677484	-75.967944
613.803130	-76.718803
613.928827	-78.490480
614.054576	-79.627852
614.180377	-77.342385
614.306229	-76.688324
614.432132	-78.171580
614.558087	-78.491299
614.684094	-77.124933
614.810153	-75.424218
614.936263	-76.640852
615.062425	-78.057633
615.188639	-78.838489
615.314904	-76.744356
615.441222	-76.656766
615.567591	-78.018294
615.694012	-79.487760
615.820486	-77.568176
615.947011	-75.415708
616.073588	-75.732095
616.200217	-77.269789
616.326898	-78.904580
616.453632	-76.364635
616.580417	-75.863910
616.707255	-77.204119
616.834144	-80.343796
616.961086	-77.999668
617.088081	-75.471197
617.215127	-75.567671
617.342226	-77.313594
617.469378	-78.057859
617.596581	-75.643853
617.723837	-75.413008
617.851146	-76.999674
617.978507	-80.158230
618.105920	-77.970907
618.233386	-76.222270
618.360905	-75.916419
618.488476	-77.209126
618.616100	-77.040149
618.743777	-75.599535
618.871506	-75.077667
618.999288	-76.305192
619.127123	-79.531078
619.255011	-78.754817
619.382951	-76.350497
619.510945	-75.568777
619.638991	-77.454311
619.767090	-77.203565
619.895243	-74.864464
620.023448	-73.834941
620.151706	-75.947703
620.280017	-80.912020
620.408382	-78.153432
620.536799	-75.012715
620.665270	-75.515173
620.793794	-79.121574
620.922371	-76.907458
621.051002	-73.427919
621.179686	-73.053651
621.308423	-76.416513
621.437213	-82.019735
621.566057	-77.032512
621.694954	-74.420075
621.823905	-75.577243
621.952909	-79.349610
622.081967	-76.805068
622.211079	-73.211182
622.340244	-72.774106
622.469462	-75.839784
622.598735	-82.539902
622.728061	-77.132147
622.857441	-73.601218
622.986874	-74.434701
623.116361	-79.285871
623.245903	-77.686602
623.375498	-72.698762
623.505147	-72.015477
623.634850	-75.682925
623.764606	-85.267648
623.894417	-75.287343
624.024282	-72.379099
624.154201	-74.114516
624.284174	-81.330834
624.414202	-76.493450
624.544283	-71.965357
624.674419	-72.202566
624.804609	-77.086316
624.934853	-82.348347
625.065151	-73.866796
625.195504	-72.076049
625.325911	-74.557385
625.456373	-82.429859
625.586889	-75.529971
625.717460	-71.958840
625.848085	-72.596143
625.978764	-78.498338
626.109498	-79.000868
626.240287	-72.884307
626.371131	-71.987448
626.502029	-75.984135
626.632982	-82.154989
626.763989	-73.943893
626.895052	-71.539873
627.026169	-73.851257
627.157341	-80.318303
627.288568	-75.298682
627.419850	-72.103391
627.551187	-73.424759
627.682579	-80.130184
627.814026	-77.409750
627.945528	-72.510846
628.077085	-72.360333
628.208697	-75.588722
628.340364	-77.412150
628.472087	-73.827895
628.603865	-73.062727
628.735698	-75.800998
628.867586	-79.717428
628.999530	-74.930468
629.131529	-72.245445
629.263584	-72.735108
629.395694	-75.837262
629.527859	-76.320024
629.660080	-73.600459
629.792357	-73.570454
629.924689	-77.390176
630.057077	-77.646414
630.189520	-72.820845
630.322019	-71.537325
630.454574	-73.841602
630.587184	-77.206520
630.719851	-74.498032
630.852573	-73.069545
630.985351	-75.119732
631.118185	-78.059996
631.251075	-74.164326
631.384021	-71.911847
631.517023	-72.714925
631.650081	-75.489150
631.783195	-75.360879
631.916365	-73.703579
632.049592	-74.109964
632.182874	-75.964478
632.316213	-75.242265
632.449608	-72.938582
632.583059	-72.411854
632.716567	-73.836404
632.850131	-75.093859
632.983751	-74.102703
633.117428	-73.512236
633.251161	-75.151048
633.384951	-75.636265
633.518797	-72.919415
633.652700	-71.968090
633.786660	-73.568645
633.920676	-75.165564
634.054749	-73.435821
634.188879	-72.705022
634.323065	-74.987072
634.457308	-75.938389
634.591608	-72.685416
634.725965	-71.574657
634.860379	-73.260622
634.994850	-74.869266
635.129377	-73.248008
635.263962	-72.441280
635.398604	-74.255783
635.533303	-75.399567
635.668058	-73.046788
635.802872	-71.742812
635.937742	-72.523654
636.072669	-73.908732
636.207654	-73.689842
636.342696	-72.560694
636.477796	-72.994064
636.612953	-74.698694
636.748167	-74.017946
636.883439	-71.683938
637.018768	-71.413760
637.154155	-73.300597
637.289599	-74.199266
637.425101	-72.270716
637.560660	-72.110795
637.696277	-74.511444
637.831952	-74.132908
637.967685	-71.293107
638.103475	-70.927882
638.239324	-73.140761
638.375230	-73.839962
638.511194	-71.887670
638.647215	-72.061529
638.783295	-74.402982
638.919433	-73.264428
639.055629	-70.900533
639.191883	-70.820378
639.328195	-72.928773
639.464565	-73.358612
639.600994	-71.867619
639.737481	-71.741106
639.874025	-73.516166
640.010629	-73.024261
640.147290	-70.980781
640.284010	-70.376772
640.420789	-72.378880
640.557625	-73.519976
640.694521	-71.694147
640.831474	-70.890847
640.968487	-72.900809
641.105558	-73.187369
641.242687	-70.722820
641.379876	-70.022613
641.517123	-72.073978
641.654429	-73.048652
641.791793	-71.271945
641.929216	-70.961658
642.066699	-72.683331
642.204240	-72.256466
642.341840	-70.519026
642.479499	-70.341858
642.617217	-71.344706
642.754994	-71.625726
642.892830	-71.751582
643.030726	-72.090924
643.168680	-71.365657
643.306694	-70.676923
643.444767	-70.699628
643.582899	-70.720523
643.721091	-70.293085
643.859342	-71.231573
643.997652	-72.678509
644.136022	-71.698505
644.274451	-69.961133
644.412940	-69.973169
644.551488	-70.438960
644.690096	-70.441906
644.828763	-70.666669
644.967490	-71.799025
645.106277	-71.602455
645.245124	-70.342538
645.384030	-69.726422
645.522997	-69.673285
645.662023	-69.873109
645.801109	-70.768861
645.940255	-71.668982
646.079460	-70.727094
646.218726	-69.843926
646.358052	-69.981955
646.497438	-69.903094
646.636884	-69.175003
646.776391	-69.828098
646.915957	-71.496641
647.055584	-70.882162
647.195271	-69.111253
647.335019	-69.183309
647.474826	-70.279221
647.614695	-69.802880
647.754623	-68.843959
647.894612	-69.592825
648.034662	-71.427539
648.174772	-69.949442
648.314943	-68.203991
648.455174	-68.838821
648.595466	-70.908158
648.735819	-69.374298
648.876233	-67.876487
649.016707	-69.406585
649.157242	-71.692078
649.297838	-68.796262
649.438495	-67.405193
649.579213	-69.444504
649.719992	-70.663301
649.860832	-67.830728
650.001733	-67.556732
650.142695	-70.811456
650.283718	-70.347496
650.424803	-67.276560
650.565949	-67.652113
650.707156	-70.160485
650.848424	-68.656507
650.989754	-67.285042
651.131145	-69.094894
651.272597	-70.533630
651.414111	-67.979605
651.555687	-67.185780
651.697324	-68.570383
651.839022	-68.655647
651.980782	-67.772133
652.122604	-68.466595
652.264488	-69.767830
652.406433	-68.262609
652.548441	-66.892131
652.690510	-67.398530
652.832640	-68.680231
652.974833	-68.291025
653.117088	-67.684348
653.259405	-68.611943
653.401784	-68.768248
653.544224	-66.941624
653.686727	-66.196610
653.829293	-67.814117
653.971920	-69.365180
654.114609	-67.626155
654.257361	-66.887554
654.400175	-68.293664
654.543052	-67.704453
654.685991	-65.751691
654.828992	-66.615248
654.972056	-69.680782
655.115183	-67.962494
655.258372	-65.762090
655.401623	-66.962695
655.544937	-68.416496
655.688314	-66.221005
655.831754	-65.614209
655.975256	-68.248926
656.118822	-69.020823
656.262450	-65.677496
656.406141	-65.317426
656.549894	-67.795861
656.693711	-67.724466
656.837591	-65.243144
656.981534	-66.039234
657.125540	-69.292620
657.269610	-66.675693
657.413742	-64.306452
657.557938	-65.881426
657.702196	-69.084573
657.846519	-65.654161
657.990904	-64.461408
658.135353	-67.580486
658.279866	-68.409064
658.424441	-64.164901
658.569081	-64.159443
658.713784	-68.180716
658.858550	-67.016790
659.003381	-64.120107
659.148274	-65.658932
659.293232	-68.718751
659.438253	-64.835381
659.583339	-63.588762
659.728488	-66.308788
659.873701	-67.849898
660.018978	-64.765696
660.164318	-64.746746
660.309723	-66.894230
660.455192	-65.595685
660.600725	-63.894724
660.746323	-64.974799
660.891984	-67.452694
661.037710	-65.729083
661.183500	-64.032400
661.329354	-64.844350
661.475272	-66.089668
661.621255	-64.686960
661.767303	-64.243740
661.913415	-66.216837
662.059591	-66.142752
662.205833	-63.785278
662.352138	-63.798951
662.498509	-65.718216
662.644944	-65.246281
662.791443	-64.042041
662.938008	-65.122558
663.084638	-65.754083
663.231332	-63.749752
663.378091	-63.404878
663.524915	-65.221645
663.671804	-65.251176
663.818759	-63.884972
663.965778	-64.444309
664.112863	-65.029392
664.260012	-63.649639
664.407227	-63.402652
664.554507	-64.764497
664.701853	-64.892698
664.849264	-63.797063
664.996740	-63.897452
665.144282	-64.385665
665.291889	-63.580453
665.439561	-63.126337
665.587300	-64.283719
665.735103	-65.067520
665.882973	-63.446379
666.030908	-62.901555
666.178909	-63.926890
666.326976	-63.716590
666.475109	-62.976231
666.623307	-64.069753
666.771571	-64.636363
666.919902	-62.767156
667.068298	-62.437420
667.216761	-63.734828
667.365289	-63.607777
667.513884	-62.994007
667.662545	-63.784522
667.811272	-63.626839
667.960065	-62.218913
668.108925	-62.451040
668.257851	-63.723665
668.406843	-63.237515
668.555902	-62.842154
668.705027	-63.358670
668.854219	-62.593854
669.003478	-61.886362
669.152803	-62.999011
669.302195	-63.586251
669.451653	-62.373242
669.601179	-62.535053
669.750771	-62.979720
669.900430	-61.963462
670.050156	-61.934183
670.199949	-63.191825
670.349808	-62.883553
670.499735	-61.846268
670.649729	-62.212148
670.799790	-62.600295
670.949918	-61.798072
671.100114	-61.712990
671.250377	-62.885880
671.400707	-62.771503
671.551104	-61.271217
671.701569	-61.443173
671.852101	-62.629929
672.002700	-61.789025
672.153368	-61.252642
672.304102	-62.637780
672.454905	-62.371458
672.605775	-60.601039
672.756713	-61.083959
672.907718	-62.677013
673.058791	-61.639344
673.209933	-61.013780
673.361142	-62.155862
673.512419	-61.706478
673.663764	-60.200405
673.815177	-60.978952
673.966658	-62.956662
674.118207	-61.349875
674.269825	-60.278150
674.421510	-61.400950
674.573264	-61.375217
674.725086	-60.354898
674.876977	-61.345916
675.028936	-62.272048
675.180963	-60.463079
675.333059	-59.892403
675.485224	-61.118426
675.637457	-61.558641
675.789758	-60.594470
675.942129	-60.576732
676.094568	-61.272398
676.247075	-60.428818
676.399652	-59.681259
676.552298	-61.036793
676.705012	-61.574801
676.857795	-59.751171
677.010648	-60.069778
677.163569	-61.303518
677.316560	-59.762402
677.469619	-59.569929
677.622748	-61.550738
677.775946	-60.552807
677.929214	-59.132298
678.082551	-60.229883
678.235957	-60.740043
678.389432	-59.410690
678.542977	-59.900673
678.696592	-61.225019
678.850276	-59.630847
679.004030	-58.719841
679.157853	-60.317518
679.311746	-60.672215
679.465709	-58.971805
679.619742	-59.840762
679.773844	-60.771988
679.928017	-58.516567
680.082259	-58.720486
680.236571	-61.217981
680.390954	-59.651820
680.545406	-58.510180
680.699929	-59.855670
680.854522	-59.600454
681.009185	-58.548849
681.163918	-59.530569
681.318722	-60.467868
681.473596	-58.862356
681.628540	-58.069260
681.783555	-59.473319
681.938641	-60.062316
682.093797	-58.323037
682.249023	-58.963642
682.404321	-60.221150
682.559689	-57.800904
682.715128	-57.972092
682.870637	-60.889941
683.026218	-58.503440
683.181869	-57.619499
683.337591	-60.005369
683.493385	-58.470375
683.649249	-57.458738
683.805185	-59.765546
683.961191	-59.080352
684.117269	-57.694477
684.273418	-58.662055
684.429639	-58.512016
684.585930	-58.175175
684.742294	-58.796118
684.898728	-58.495811
685.055234	-58.345290
685.211812	-57.951451
685.368461	-57.681069
685.525182	-58.987286
685.681975	-58.558352
685.838839	-57.386373
685.995775	-58.376127
686.152783	-58.044329
686.309863	-57.254794
686.467014	-58.877815
686.624238	-58.375022
686.781534	-56.905542
686.938902	-57.954547
687.096342	-58.164240
687.253854	-57.391829
687.411438	-58.164822
687.569095	-57.925232
687.726824	-57.180939
687.884626	-57.524021
688.042499	-57.688747
688.200446	-57.823357
688.358465	-57.645764
688.516556	-57.155388
688.674720	-57.521554
688.832957	-57.393889
688.991266	-57.028975
689.149649	-57.885889
689.308104	-57.567311
689.466632	-56.566867
689.625233	-57.180828
689.783906	-57.544517
689.942653	-56.939505
690.101473	-57.304353
690.260367	-57.368354
690.419333	-56.518744
690.578372	-56.651260
690.737485	-57.507543
690.896672	-57.214098
691.055931	-56.587130
691.215264	-56.750919
691.374671	-56.746312
691.534151	-56.607091
691.693704	-57.172310
691.853332	-56.989628
692.013033	-56.182399
692.172807	-56.423272
692.332656	-56.786293
692.492578	-56.674923
692.652575	-56.791517
692.812645	-56.377623
692.972789	-56.032762
693.133007	-56.502396
693.293300	-56.611086
693.453666	-56.431866
693.614107	-56.407748
693.774622	-55.989947
693.935211	-55.979588
694.095875	-56.512402
694.256613	-56.438617
694.417426	-56.027528
694.578313	-55.924765
694.739274	-55.996328
694.900311	-56.056972
695.061421	-56.138263
695.222607	-56.196956
695.383868	-55.762470
695.545203	-55.539439
695.706613	-56.072214
695.868098	-56.058496
696.029658	-55.667202
696.191293	-55.879860
696.353003	-55.620767
696.514789	-55.383721
696.676649	-55.976351
696.838585	-55.858864
697.000596	-55.352672
697.162682	-55.538420
697.324844	-55.493368
697.487081	-55.380529
697.649394	-55.731467
697.811782	-55.566249
697.974246	-55.102562
698.136786	-55.225308
698.299401	-55.488869
698.462092	-55.385199
698.624859	-55.336033
698.787702	-55.236357
698.950621	-54.912511
699.113616	-55.112258
699.276686	-55.530325
699.439833	-55.122097
699.603056	-54.855632
699.766355	-55.019392
699.929731	-54.922034
700.093183	-55.096036
700.256711	-55.222404
700.420315	-54.708746
700.583996	-54.649119
700.747754	-54.923869
700.911588	-54.916403
701.075499	-54.965729
701.239486	-54.709844
701.403550	-54.405768
701.567691	-54.736920
701.731909	-54.904178
701.896203	-54.640963
702.060575	-54.580543
702.225024	-54.428753
702.389549	-54.360563
702.554152	-54.764229
702.718832	-54.718083
702.883589	-54.164193
703.048424	-54.242799
703.213335	-54.565632
703.378324	-54.346524
703.543391	-54.413814
703.708535	-54.421721
703.873757	-53.888037
704.039056	-54.190571
704.204433	-54.696294
704.369887	-53.996011
704.535420	-53.958338
704.701030	-54.347474
704.866718	-53.841145
705.032484	-54.076897
705.198328	-54.488884
705.364250	-53.619676
705.530250	-53.732241
705.696328	-54.409264
705.862485	-53.701471
706.028720	-53.762046
706.195033	-54.317761
706.361424	-53.418452
706.527894	-53.530317
706.694442	-54.472342
706.861069	-53.490846
707.027775	-53.341836
707.194559	-54.244993
707.361422	-53.310285
707.528363	-53.318597
707.695384	-54.479765
707.862483	-53.156153
708.029661	-52.908640
708.196918	-54.354407
708.364254	-53.317226
708.531670	-52.979233
708.699164	-54.168165
708.866738	-52.983032
709.034391	-52.843090
709.202123	-54.407523
709.369935	-53.044214
709.537826	-52.553832
709.705796	-54.025884
709.873847	-53.081102
710.041976	-52.737497
710.210186	-53.993034
710.378475	-52.752765
710.546844	-52.488595
710.715292	-54.094563
710.883821	-52.884163
711.052429	-52.397351
711.221118	-53.754582
711.389887	-52.727930
711.558735	-52.503003
711.727664	-53.864766
711.896673	-52.507192
712.065763	-52.271870
712.234932	-53.770611
712.404183	-52.578928
712.573513	-52.340261
712.742924	-53.525330
712.912416	-52.323747
713.081988	-52.364816
713.251641	-53.609337
713.421375	-52.255294
713.591190	-52.222962
713.761085	-53.344066
713.931061	-52.236165
714.101119	-52.384016
714.271257	-53.228009
714.441476	-51.979473
714.611777	-52.290681
714.782159	-53.216906
714.952622	-52.013202
715.123166	-52.302044
715.293792	-52.896836
715.464499	-51.846297
715.635288	-52.487072
715.806158	-52.880977
715.977110	-51.623597
716.148143	-52.349737
716.319259	-52.771789
716.490456	-51.719189
716.661735	-52.466631
716.833096	-52.359883
717.004538	-51.510966
717.176063	-52.678199
717.347670	-52.360833
717.519359	-51.398554
717.691130	-52.454870
717.862984	-52.153644
718.034920	-51.611575
718.206938	-52.576106
718.379039	-51.723817
718.551222	-51.454740
718.723488	-52.701974
718.895836	-51.709402
719.068267	-51.440749
719.240781	-52.435053
719.413377	-51.527793
719.586057	-51.692384
719.758819	-52.426973
719.931664	-51.170624
720.104593	-51.630996
720.277604	-52.410007
720.450699	-51.138903
720.623876	-51.734176
720.797137	-52.085218
720.970482	-50.971239
721.143910	-51.997042
721.317421	-51.928499
721.491016	-50.787781
721.664694	-52.011291
721.838456	-51.717699
722.012302	-50.897795
722.186231	-52.130912
722.360244	-51.252744
722.534342	-50.874053
722.708523	-52.310947
722.882788	-51.051261
723.057137	-50.901093
723.231570	-52.129742
723.406088	-50.881503
723.580689	-51.201563
723.755375	-51.946910
723.930146	-50.518632
724.105000	-51.339636
724.279940	-51.907011
724.454963	-50.472758
724.630072	-51.396820
724.805265	-51.505198
724.980543	-50.475646
725.155905	-51.694558
725.331353	-51.128909
725.506885	-50.356179
725.682503	-51.844980
725.858205	-50.964341
726.033993	-50.472573
726.209865	-51.706920
726.385823	-50.591672
726.561866	-50.757461
726.737995	-51.674941
726.914209	-50.238629
727.090508	-50.928997
727.266893	-51.523614
727.443364	-50.193002
727.619920	-51.149704
727.796562	-51.002704
727.973290	-50.175697
728.150103	-51.480426
728.327003	-50.611121
728.503988	-50.206317
728.681060	-51.510803
728.858218	-50.356805
729.035461	-50.472229
729.212791	-51.282933
729.390208	-50.049851
729.567710	-50.790368
729.745299	-51.064934
729.922975	-49.910473
730.100737	-50.975963
730.278586	-50.716658
730.456521	-50.016089
730.634543	-51.154592
730.812652	-50.227328
730.990848	-50.122314
731.169130	-51.251147
731.347500	-49.929341
731.525957	-50.322350
731.704500	-51.012045
731.883131	-49.782960
732.061850	-50.732951
732.240655	-50.556655
732.419548	-49.657692
732.598528	-51.074795
732.777596	-50.146788
732.956751	-49.760030
733.135994	-51.061749
733.315325	-49.760114
733.494744	-50.187941
733.674250	-50.822618
733.853844	-49.439988
734.033526	-50.620129
734.213296	-50.438879
734.393154	-49.408092
734.573101	-50.832376
734.753135	-49.906168
734.933258	-49.697251
735.113469	-50.884461
735.293769	-49.427814
735.474157	-50.053922
735.654633	-50.682459
735.835198	-49.258860
736.015852	-50.389352
736.196594	-50.164456
736.377426	-49.361284
736.558346	-50.681545
736.739355	-49.581251
736.920453	-49.558633
737.101640	-50.701081
737.282916	-49.267043
737.464282	-49.910845
737.645736	-50.303953
737.827280	-49.195284
738.008914	-50.362547
738.190637	-49.732415
738.372449	-49.261075
738.554351	-50.550883
738.736342	-49.325592
738.918424	-49.577579
739.100595	-50.254904
739.282855	-49.128839
739.465206	-50.067497
739.647647	-49.718615
739.830178	-49.121307
740.012799	-50.324120
740.195510	-49.307546
740.378311	-49.417156
740.561203	-50.085653
740.744185	-49.071757
740.927258	-49.881469
741.110421	-49.617713
741.293674	-49.035065
741.477018	-50.094039
741.660453	-49.251466
741.843979	-49.312567
742.027596	-49.856429
742.211303	-49.029314
742.395102	-49.739203
742.578991	-49.444916
742.762972	-48.989192
742.947044	-49.904599
743.131207	-49.146279
743.315461	-49.249366
743.499807	-49.655421
743.684244	-48.966603
743.868773	-49.635762
744.053394	-49.263072
744.238106	-48.949311
744.422910	-49.746735
744.607805	-49.003941
744.792793	-49.203564
744.977872	-49.448693
745.163044	-48.893861
745.348307	-49.548971
745.533663	-49.049566
745.719111	-48.937817
745.904651	-49.564597
746.090283	-48.858174
746.276008	-49.186267
746.461826	-49.194545
746.647735	-48.882174
746.833738	-49.419129
747.019833	-48.825139
747.206021	-49.011146
747.392302	-49.292199
747.578676	-48.771865
747.765143	-49.173941
747.951703	-48.886240
748.138356	-48.963224
748.325102	-49.190938
748.511941	-48.626943
748.698874	-49.124903
748.885900	-48.946766
749.073019	-48.764326
749.260232	-49.077037
749.447539	-48.624067
749.634939	-49.088013
749.822433	-48.840291
750.010021	-48.551169
750.197703	-49.168339
750.385479	-48.579597
750.573348	-48.850889
750.761312	-48.854114
750.949370	-48.463569
751.137523	-49.173658
751.325769	-48.454958
751.514110	-48.617366
751.702545	-49.029846
751.891075	-48.318480
752.079700	-48.965983
752.268419	-48.480604
752.457233	-48.501183
752.646142	-49.074839
752.835145	-48.082510
753.024244	-48.836849
753.213437	-48.683217
753.402726	-48.205418
753.592110	-48.965984
753.781589	-48.134589
753.971163	-48.700143
754.160833	-48.644995
754.350598	-47.962972
754.540459	-49.007766
754.730415	-48.178630
754.920467	-48.346010
755.110615	-48.676317
755.300858	-47.985645
755.491198	-48.856050
755.681633	-48.059761
755.872164	-48.206826
756.062792	-48.796145
756.253515	-47.811485
756.444335	-48.594158
756.635252	-48.203373
756.826264	-48.113996
757.017373	-48.595212
757.208579	-47.761027
757.399881	-48.581518
757.591280	-48.133787
757.782776	-47.881536
757.974368	-48.593632
758.166058	-47.765782
758.357844	-48.362772
758.549728	-48.082944
758.741708	-47.839505
758.933786	-48.519583
759.125961	-47.667879
759.318233	-48.206962
759.510603	-48.092219
759.703071	-47.758780
759.895635	-48.340198
760.088298	-47.645991
760.281058	-48.146023
760.473916	-48.001740
760.666872	-47.635328
760.859926	-48.249499
761.053078	-47.651303
761.246328	-47.952603
761.439676	-47.900127
761.633122	-47.657273
761.826667	-48.081651
762.020310	-47.572398
762.214052	-47.859082
762.407892	-47.841602
762.601831	-47.599027
762.795868	-47.867910
762.990004	-47.602907
763.184239	-47.777353
763.378573	-47.665094
763.573006	-47.579392
763.767538	-47.764480
763.962169	-47.555895
764.156900	-47.606773
764.351729	-47.619718
764.546658	-47.582638
764.741687	-47.534620
764.936815	-47.549820
765.132042	-47.530679
765.327370	-47.503635
765.522797	-47.487170
765.718324	-47.413190
765.913950	-47.550881
766.109677	-47.328364
766.305504	-47.440665
766.501431	-47.441266
766.697458	-47.258284
766.893586	-47.499309
767.089814	-47.175313
767.286142	-47.407137
767.482571	-47.300192
767.679100	-47.116107
767.875730	-47.472939
768.072461	-47.025384
768.269293	-47.339489
768.466225	-47.158227
768.663259	-47.052502
768.860393	-47.374066
769.057629	-46.846140
769.254966	-47.297633
769.452404	-47.032360
769.649944	-46.950859
769.847585	-47.223561
770.045328	-46.792586
770.243172	-47.200186
770.441118	-46.826266
770.639166	-46.919360
770.837315	-47.081212
771.035567	-46.682439
771.233920	-47.035305
771.432376	-46.778831
771.630934	-46.852059
771.829594	-46.809409
772.028356	-46.720775
772.227220	-46.869293
772.426188	-46.624094
772.625257	-46.759141
772.824430	-46.688565
773.023705	-46.681914
773.223083	-46.578886
773.422563	-46.672074
773.622147	-46.600678
773.821834	-46.478113
774.021624	-46.672434
774.221517	-46.374847
774.421513	-46.658494
774.621613	-46.341379
774.821816	-46.466191
775.022122	-46.565793
775.222532	-46.127869
775.423046	-46.671839
775.623664	-46.120610
775.824385	-46.453836
776.025211	-46.298581
776.226140	-46.096137
776.427173	-46.608221
776.628311	-45.811931
776.829553	-46.523835
777.030899	-46.059622
777.232350	-46.034277
777.433905	-46.388374
777.635564	-45.758960
777.837328	-46.464033
778.039197	-45.737829
778.241171	-46.137326
778.443250	-46.117173
778.645433	-45.653669
778.847722	-46.316260
779.050116	-45.638391
779.252615	-46.055168
779.455219	-45.830179
779.657929	-45.732881
779.860744	-46.038147
780.063665	-45.517031
780.266691	-45.954331
780.469823	-45.690781
780.673061	-45.601515
780.876405	-45.830205
781.079855	-45.517811
781.283410	-45.690195
781.487072	-45.581434
781.690840	-45.478750
781.894715	-45.694709
782.098695	-45.327557
782.302783	-45.568034
782.506976	-45.500078
782.711277	-45.220860
782.915684	-45.638712
783.120198	-45.138914
783.324818	-45.465378
783.529546	-45.276136
783.734381	-45.147002
783.939322	-45.506912
784.144372	-44.881398
784.349528	-45.478154
784.554792	-44.996101
784.760163	-45.075197
784.965642	-45.291561
785.171228	-44.764787
785.376922	-45.379891
785.582724	-44.708468
785.788634	-45.133427
785.994651	-44.970172
786.200777	-44.665069
786.407011	-45.268007
786.613353	-44.478437
786.819804	-45.110239
787.026363	-44.664185
787.233030	-44.700672
787.439806	-44.952873
787.646691	-44.343658
787.853684	-45.102735
788.060786	-44.292045
788.267997	-44.780532
788.475317	-44.614871
788.682746	-44.319688
788.890285	-44.845632
789.097932	-44.146026
789.305689	-44.776174
789.513555	-44.185082
789.721531	-44.490244
789.929617	-44.426424
790.137812	-44.095697
790.346117	-44.598213
790.554531	-43.996575
790.763056	-44.401405
790.971691	-44.121925
791.180436	-44.166762
791.389291	-44.187785
791.598256	-43.984405
791.807332	-44.205822
792.016518	-43.919370
792.225815	-44.012935
792.435222	-44.046154
792.644740	-43.795829
792.854369	-44.009704
793.064109	-43.810667
793.273960	-43.805741
793.483922	-43.869562
793.693995	-43.612269
793.904180	-43.940797
794.114475	-43.441327
794.324882	-43.880684
794.535401	-43.498268
794.746031	-43.562597
794.956774	-43.686998
795.167627	-43.294253
795.378593	-43.763315
795.589671	-43.152800
795.800861	-43.707848
796.012162	-43.164036
796.223577	-43.430313
796.435103	-43.350704
796.646742	-43.121646
796.858493	-43.451029
797.070357	-42.983508
797.282334	-43.398930
797.494423	-42.944369
797.706626	-43.233840
797.918941	-43.025912
798.131369	-42.977129
798.343911	-43.116673
798.556566	-42.839383
798.769334	-43.034863
798.982215	-42.828405
799.195210	-42.883386
799.408319	-42.845413
799.621541	-42.713225
799.834877	-42.881688
800.048327	-42.584858
800.261890	-42.799124
800.475568	-42.595715
800.689360	-42.598136
800.903266	-42.651468
801.117287	-42.423183
801.331422	-42.679777
801.545671	-42.280216
801.760036	-42.653538
801.974514	-42.219018
802.189108	-42.501883
802.403816	-42.262389
802.618640	-42.305028
802.833578	-42.310788
803.048632	-42.137614
803.263800	-42.322351
803.479085	-41.999284
803.694484	-42.285259
803.909999	-41.933310
804.125630	-42.181080
804.341376	-41.910464
804.557239	-42.068139
804.773217	-41.867439
804.989311	-41.959727
805.205521	-41.832343
805.421847	-41.850563
805.638290	-41.792931
805.854849	-41.766334
806.071524	-41.725346
806.288316	-41.676852
806.505225	-41.683727
806.722250	-41.555818
806.939393	-41.665122
807.156652	-41.450212
807.374028	-41.616516
807.591521	-41.359711
807.809132	-41.558525
808.026859	-41.272686
808.244705	-41.487158
808.462667	-41.232640
808.680748	-41.360783
808.898946	-41.226671
809.117261	-41.217724
809.335695	-41.209728
809.554246	-41.099596
809.772916	-41.190174
809.991704	-40.983070
810.210610	-41.161251
810.429634	-40.885749
810.648777	-41.084163
810.868039	-40.840785
811.087419	-40.975516
811.306918	-40.816423
811.526535	-40.862492
811.746272	-40.790185
811.966127	-40.727871
812.186102	-40.787585
812.406196	-40.590815
812.626409	-40.782046
812.846742	-40.484358
813.067194	-40.732123
813.287766	-40.394694
813.508457	-40.674322
813.729269	-40.316906
813.950200	-40.600267
814.171251	-40.281476
814.392422	-40.464339
814.613714	-40.283890
814.835126	-40.313873
815.056658	-40.280318
815.278311	-40.186414
815.500084	-40.282179
815.721978	-40.031952
815.943993	-40.305398
816.166128	-39.876341
816.388385	-40.293254
816.610762	-39.791129
816.833261	-40.221408
817.055881	-39.732174
817.278623	-40.144545
817.501486	-39.658411
817.724471	-40.059443
817.947577	-39.629366
818.170805	-39.922062
818.394155	-39.634689
818.617627	-39.787068
818.841221	-39.596869
819.064937	-39.697292
819.288775	-39.545104
819.512736	-39.597006
819.736819	-39.522552
819.961025	-39.477513
820.185354	-39.479787
820.409805	-39.398329
820.634379	-39.404556
820.859076	-39.329011
821.083897	-39.356800
821.308840	-39.213208
821.533907	-39.333568
821.759097	-39.101486
821.984411	-39.290365
822.209848	-39.016901
822.435409	-39.243022
822.661093	-38.913355
822.886902	-39.215087
823.112834	-38.802848
823.338891	-39.170528
823.565072	-38.735192
823.791377	-39.084421
824.017807	-38.691301
824.244361	-38.986860
824.471039	-38.645532
824.697843	-38.886300
824.924771	-38.623719
825.151824	-38.756179
825.379002	-38.627904
825.606306	-38.612608
825.833734	-38.623237
826.061288	-38.493397
826.288967	-38.603440
826.516772	-38.387571
826.744703	-38.578720
826.972759	-38.280538
827.200941	-38.541769
827.429249	-38.198970
827.657683	-38.475759
827.886243	-38.149134
828.114930	-38.388966
828.343743	-38.099573
828.572682	-38.304543
828.801748	-38.048687
829.030941	-38.223566
829.260260	-38.006561
829.489706	-38.133624
829.719280	-37.960234
829.948980	-38.051746
830.178808	-37.895758
830.408763	-38.000213
830.638845	-37.815255
830.869055	-37.955433
831.099393	-37.725207
831.329858	-37.910166
831.560451	-37.635802
831.791173	-37.880387
832.022022	-37.535834
832.252999	-37.856023
832.484105	-37.427890
832.715339	-37.822263
832.946702	-37.341934
833.178193	-37.779465
833.409813	-37.269619
833.641561	-37.718956
833.873439	-37.198776
834.105445	-37.648718
834.337581	-37.152268
834.569846	-37.562244
834.802241	-37.121999
835.034764	-37.450794
835.267418	-37.098998
835.500201	-37.337132
835.733114	-37.087462
835.966157	-37.222936
836.199329	-37.073457
836.432632	-37.097032
836.666065	-37.059466
836.899629	-36.984250
837.133323	-37.040655
837.367147	-36.886089
837.601102	-36.996430
837.835188	-36.797439
838.069405	-36.941790
838.303752	-36.731705
838.538231	-36.874687
838.772841	-36.678255
839.007582	-36.780060
839.242455	-36.642111
839.477459	-36.676860
839.712595	-36.623095
839.947863	-36.568544
840.183263	-36.597722
840.418794	-36.454405
840.654458	-36.572315
840.890254	-36.355015
841.126182	-36.542971
841.362242	-36.260303
841.598435	-36.488615
841.834761	-36.183944
842.071220	-36.418927
842.307811	-36.136368
842.544536	-36.329881
842.781393	-36.095244
843.018384	-36.222866
843.255508	-36.069447
843.492765	-36.118908
843.730156	-36.049818
843.967681	-36.013649
844.205339	-36.015401
844.443132	-35.921240
844.681058	-35.969756
844.919118	-35.856999
845.157313	-35.896932
845.395642	-35.809469
845.634105	-35.796659
845.872703	-35.785225
846.111436	-35.688964
846.350303	-35.772032
846.589306	-35.572563
846.828443	-35.749887
847.067716	-35.468793
847.307124	-35.717442
847.546667	-35.393350
847.786345	-35.654893
848.026160	-35.339970
848.266110	-35.561335
848.506195	-35.316045
848.746417	-35.455716
848.986775	-35.303750
849.227269	-35.342840
849.467899	-35.283118
849.708666	-35.246494
849.949569	-35.245628
850.190609	-35.179752
850.431785	-35.177198
850.673099	-35.139282
850.914549	-35.081025
851.156137	-35.121035
851.397861	-34.979971
851.639723	-35.106005
851.881723	-34.887960
852.123860	-35.066407
852.366135	-34.824777
852.608547	-34.999881
852.851098	-34.796526
853.093786	-34.899996
853.336613	-34.787981
853.579578	-34.784759
853.822681	-34.789244
854.065923	-34.678554
854.309304	-34.772781
854.552823	-34.593649
854.796481	-34.720493
855.040278	-34.546903
855.284215	-34.638060
855.528290	-34.532703
855.772505	-34.528468
856.016859	-34.524536
856.261353	-34.422715
856.505987	-34.511844
856.750760	-34.341469
856.995673	-34.469324
857.240727	-34.278656
857.485920	-34.402821
857.731254	-34.238752
857.976729	-34.332362
858.222343	-34.195656
858.468099	-34.260168
858.713995	-34.137311
858.960032	-34.211881
859.206211	-34.069041
859.452530	-34.175134
859.698991	-33.981912
859.945593	-34.138292
860.192336	-33.907855
860.439222	-34.096423
860.686248	-33.850274
860.933417	-34.020576
861.180728	-33.810958
861.428181	-33.933417
861.675776	-33.792567
861.923514	-33.840826
862.171394	-33.756195
862.419417	-33.761480
862.667582	-33.703043
862.915890	-33.719818
863.164342	-33.616989
863.412936	-33.696932
863.661674	-33.503808
863.910555	-33.697831
864.159579	-33.395530
864.408747	-33.691216
864.658059	-33.292372
864.907515	-33.657865
865.157114	-33.226477
865.406858	-33.598370
865.656746	-33.189060
865.906778	-33.497996
866.156955	-33.172872
866.407277	-33.392198
866.657743	-33.171198
866.908354	-33.284154
867.159110	-33.153101
867.410011	-33.187731
867.661057	-33.133099
867.912249	-33.106584
868.163586	-33.103803
868.415069	-33.017903
868.666697	-33.076487
868.918472	-32.939745
869.170392	-33.050160
869.422458	-32.865722
869.674671	-33.002469
869.927030	-32.810543
870.179536	-32.948161
870.432188	-32.767081
870.684987	-32.890838
870.937933	-32.704590
871.191026	-32.858841
871.444266	-32.625217
871.697653	-32.847607
871.951188	-32.538239
872.204870	-32.815839
872.458700	-32.489433
872.712677	-32.739163
872.966803	-32.493980
873.221076	-32.612681
873.475498	-32.520358
873.730068	-32.495197
873.984787	-32.524655
874.239654	-32.421667
874.494669	-32.480572
874.749834	-32.376370
875.005147	-32.433650
875.260610	-32.311782
875.516222	-32.428649
875.771983	-32.196142
876.027894	-32.460096
876.283954	-32.079085
876.540164	-32.462957
876.796524	-32.024599
877.053033	-32.370594
877.309693	-32.055094
877.566503	-32.209031
877.823464	-32.132254
878.080575	-32.046588
878.337837	-32.176880
878.595249	-31.935395
878.852813	-32.169132
879.110528	-31.876898
879.368393	-32.118520
879.626410	-31.839805
879.884579	-32.049013
880.142899	-31.820740
880.401371	-31.971240
880.659994	-31.805676
880.918770	-31.887370
881.177698	-31.785008
881.436778	-31.823089
881.696010	-31.753173
881.955395	-31.756275
882.214933	-31.731229
882.474623	-31.660849
882.734467	-31.757600
882.994463	-31.530637
883.254613	-31.790234
883.514916	-31.421805
883.775372	-31.767913
884.035982	-31.402183
884.296746	-31.643068
884.557664	-31.455517
884.818735	-31.467936
885.079961	-31.536944
885.341341	-31.315793
885.602876	-31.565451
885.864565	-31.222142
886.126409	-31.527841
886.388407	-31.202934
886.650561	-31.421423
886.912870	-31.218858
887.175334	-31.294746
887.437953	-31.242404
887.700728	-31.191314
887.963658	-31.231410
888.226745	-31.098366
888.489987	-31.226236
888.753385	-31.002913
889.016940	-31.223212
889.280651	-30.914574
889.544518	-31.163909
889.808543	-30.920498
890.072723	-31.009100
890.337061	-30.988278
890.601556	-30.835213
890.866208	-31.018424
891.131017	-30.756952
891.395984	-30.948787
891.661109	-30.731353
891.926391	-30.860388
892.191831	-30.697377
892.457429	-30.797114
892.723186	-30.655542
892.989100	-30.688799
893.255173	-30.687774
893.521405	-30.521969
893.787796	-30.743434
894.054345	-30.387173
894.321053	-30.701179
894.587921	-30.387239
894.854948	-30.526223
895.122134	-30.475418
895.389480	-30.317842
895.656986	-30.540377
895.924651	-30.205551
896.192477	-30.474220
896.460463	-30.210350
896.728609	-30.317967
896.996915	-30.254856
897.265382	-30.190713
897.534010	-30.232801
897.802799	-30.120700
898.071749	-30.196134
898.340860	-30.030422
898.610132	-30.196917
898.879566	-29.930189
899.149162	-30.135976
899.418919	-29.963554
899.688838	-29.926547
899.958919	-30.087179
900.229162	-29.750138
900.499568	-30.068922
900.770136	-29.775059
901.040867	-29.874617
901.311761	-29.865823
901.582817	-29.739766
901.854037	-29.845672
902.125420	-29.703813
902.396966	-29.793982
902.668676	-29.630305
902.940550	-29.798558
903.212587	-29.566999
903.484788	-29.696740
903.757153	-29.665249
904.029683	-29.461928
904.302377	-29.798823
904.575236	-29.361978
904.848259	-29.661361
905.121447	-29.534254
905.394800	-29.372811
905.668319	-29.681062
905.942002	-29.300566
906.215852	-29.529265
906.489866	-29.442813
906.764047	-29.354449
907.038393	-29.436999
907.312906	-29.378398
907.587584	-29.333286
907.862429	-29.331714
908.137441	-29.417670
908.412619	-29.137037
908.687964	-29.455401
908.963476	-29.212119
909.239155	-29.142341
909.515002	-29.480158
909.791015	-28.959093
910.067197	-29.356328
910.343546	-29.203431
910.620063	-28.994486
910.896748	-29.360430
911.173601	-28.992184
911.450623	-29.139841
911.727813	-29.137725
912.005171	-29.031313
912.282699	-29.057225
912.560395	-29.062456
912.838261	-29.039325
913.116296	-28.887911
913.394500	-29.154410
913.672874	-28.833486
913.951418	-28.925254
914.230131	-29.090044
914.509015	-28.666536
914.788068	-29.060392
915.067292	-28.829186
915.346687	-28.726889
915.626252	-28.983365
915.905988	-28.679551
916.185895	-28.824032
916.465973	-28.746358
916.746223	-28.742166
917.026644	-28.708086
917.307236	-28.650739
917.588000	-28.780705
917.868937	-28.490849
918.150045	-28.742054
918.431325	-28.607747
918.712778	-28.429558
918.994404	-28.774930
919.276202	-28.375195
919.558173	-28.531724
919.840317	-28.597470
920.122634	-28.305243
920.405125	-28.565969
920.687789	-28.378158
920.970627	-28.378036
921.253639	-28.403788
921.536824	-28.316842
921.820184	-28.386915
922.103718	-28.195938
922.387427	-28.387422
922.671310	-28.223144
922.955368	-28.127051
923.239601	-28.400168
923.524009	-28.014954
923.808592	-28.187452
924.093351	-28.245713
924.378285	-27.932683
924.663396	-28.210717
924.948682	-28.027110
925.234144	-27.985794
925.519782	-28.083740
925.805597	-27.902340
926.091589	-28.034789
926.377757	-27.875682
926.664102	-27.910534
926.950624	-27.952122
927.237323	-27.730922
927.524200	-27.955377
927.811255	-27.761588
928.098487	-27.711379
928.385897	-27.908767
928.673485	-27.591159
928.961251	-27.759399
929.249196	-27.743769
929.537319	-27.529812
929.825621	-27.760299
930.114102	-27.550808
930.402762	-27.564504
930.691601	-27.647795
930.980620	-27.429766
931.269818	-27.610537
931.559196	-27.459436
931.848753	-27.408993
932.138491	-27.583680
932.428409	-27.288329
932.718508	-27.442162
933.008787	-27.462222
933.299246	-27.202598
933.589887	-27.452585
933.880709	-27.294301
934.171712	-27.205062
934.462896	-27.388909
934.754262	-27.149696
935.045810	-27.246723
935.337539	-27.251708
935.629451	-27.073970
935.921545	-27.264673
936.213822	-27.084816
936.506281	-27.063123
936.798922	-27.224787
937.091747	-26.940393
937.384755	-27.077700
937.677946	-27.127616
937.971321	-26.858143
938.264879	-27.068915
938.558621	-26.996589
938.852547	-26.846278
939.146657	-27.015645
939.440952	-26.856331
939.735431	-26.878478
940.030095	-26.928343
940.324943	-26.732552
940.619977	-26.907452
940.915196	-26.829461
941.210600	-26.650801
941.506189	-26.893666
941.801965	-26.730923
942.097926	-26.622130
942.394074	-26.830945
942.690407	-26.633287
942.986927	-26.631782
943.283634	-26.739878
943.580527	-26.543101
943.877608	-26.644495
944.174875	-26.641920
944.472330	-26.474798
944.769972	-26.636209
945.067802	-26.541240
945.365820	-26.436196
945.664026	-26.605042
945.962420	-26.441011
946.261002	-26.412663
946.559773	-26.558344
946.858733	-26.355216
947.157881	-26.388516
947.457219	-26.490468
947.756746	-26.295436
948.056462	-26.368099
948.356368	-26.395521
948.656464	-26.247121
948.956749	-26.362825
949.257225	-26.294823
949.557891	-26.184897
949.858748	-26.355268
950.159796	-26.221974
950.461034	-26.116855
950.762463	-26.309739
951.064084	-26.173711
951.365896	-26.079016
951.667900	-26.227776
951.970095	-26.107521
952.272483	-26.074872
952.575063	-26.156007
952.877835	-26.010234
953.180799	-26.058175
953.483956	-26.116554
953.787307	-25.921116
954.090850	-26.000794
954.394586	-26.075511
954.698516	-25.870316
955.002640	-25.933650
955.306957	-25.998671
955.611469	-25.832346
955.916174	-25.892571
956.221074	-25.905879
956.526169	-25.767988
956.831458	-25.864541
957.136942	-25.837417
957.442622	-25.683125
957.748496	-25.810869
958.054567	-25.791280
958.360833	-25.615462
958.667294	-25.729381
958.973952	-25.730551
959.280806	-25.571332
959.587857	-25.658473
959.895104	-25.644257
960.202548	-25.514147
960.510189	-25.610396
960.818027	-25.570556
961.126062	-25.428725
961.434295	-25.548184
961.742726	-25.524926
962.051355	-25.353726
962.360182	-25.456101
962.669207	-25.468878
962.978431	-25.304330
963.287854	-25.374951
963.597475	-25.388926
963.907296	-25.240161
964.217315	-25.313227
964.527535	-25.329668
964.837954	-25.157382
965.148573	-25.224328
965.459392	-25.288842
965.770411	-25.107226
966.081630	-25.117398
966.393051	-25.211823
966.704672	-25.074791
967.016494	-25.049359
967.328517	-25.120452
967.640742	-25.005515
967.953169	-24.988505
968.265797	-25.069898
968.578627	-24.936932
968.891660	-24.887376
969.204895	-25.011916
969.518332	-24.913887
969.831972	-24.798625
970.145816	-24.910077
970.459862	-24.880009
970.774112	-24.749735
971.088565	-24.821052
971.403223	-24.819972
971.718084	-24.687525
972.033149	-24.745133
972.348419	-24.781587
972.663893	-24.628108
972.979572	-24.641011
973.295456	-24.733420
973.611546	-24.606675
973.927840	-24.549775
974.244340	-24.649408
974.561046	-24.576725
974.877958	-24.486402
975.195076	-24.574337
975.512401	-24.538996
975.829932	-24.412272
976.147670	-24.486858
976.465615	-24.522368
976.783767	-24.369323
977.102126	-24.370350
977.420693	-24.467055
977.739468	-24.362399
978.058451	-24.290453
978.377642	-24.379905
978.697041	-24.332744
979.016649	-24.228226
979.336466	-24.302188
979.656492	-24.309417
979.976727	-24.167591
980.297171	-24.194513
980.617825	-24.283513
980.938689	-24.157789
981.259763	-24.083262
981.581048	-24.197863
981.902542	-24.168065
982.224248	-24.026542
982.546164	-24.078446
982.868291	-24.142077
983.190630	-24.016363
983.513180	-23.974858
983.835942	-24.066532
984.158916	-24.014272
984.482101	-23.913351
984.805500	-23.972338
985.129110	-23.992348
985.452934	-23.874324
985.776970	-23.871067
986.101220	-23.956150
986.425683	-23.878533
986.750359	-23.775602
987.075250	-23.847934
987.400354	-23.890921
987.725673	-23.771877
988.051206	-23.730406
988.376954	-23.809070
988.702916	-23.783308
989.029094	-23.692268
989.355487	-23.717325
989.682095	-23.747193
990.008919	-23.666501
990.335959	-23.638284
990.663216	-23.698035
990.990688	-23.664733
991.318377	-23.578220
991.646283	-23.603060
991.974406	-23.641757
992.302746	-23.572630
992.631304	-23.529107
992.960079	-23.571017
993.289072	-23.556816
993.618283	-23.485613
993.947713	-23.492338
994.277361	-23.528480
994.607227	-23.471826
994.937313	-23.410498
995.267618	-23.446643
995.598142	-23.467013
995.928886	-23.390817
996.259849	-23.349740
996.591033	-23.393583
996.922437	-23.385684
997.254061	-23.307812
997.585906	-23.293402
997.917972	-23.330741
998.250260	-23.295069
998.582768	-23.224788
998.915498	-23.231158
999.248450	-23.253126
999.581624	-23.196108
999.915020	-23.142819
1000.248639	-23.161736
1000.582480	-23.159573
1000.916545	-23.091790
1001.250832	-23.054723
1001.585343	-23.075133
1001.920077	-23.059413
1002.255035	-22.988905
1002.590218	-22.955744
1002.925624	-22.973186
1003.261255	-22.947823
1003.597111	-22.877158
1003.933192	-22.857251
1004.269497	-22.870076
1004.606029	-22.824034
1004.942785	-22.756690
1005.279768	-22.749320
1005.616977	-22.757002
1005.954412	-22.708242
1006.292074	-22.643334
1006.629962	-22.629402
1006.968077	-22.634502
1007.306420	-22.590343
1007.644990	-22.530490
1007.983787	-22.521651
1008.322813	-22.520522
1008.662067	-22.466417
1009.001549	-22.414969
1009.341259	-22.417089
1009.681199	-22.414661
1010.021367	-22.361268
1010.361765	-22.309488
1010.702392	-22.308035
1011.043250	-22.313980
1011.384337	-22.269923
1011.725654	-22.215939
1012.067202	-22.214180
1012.408980	-22.223046
1012.750989	-22.182352
1013.093230	-22.135509
1013.435702	-22.134207
1013.778405	-22.141308
1014.121341	-22.109166
1014.464508	-22.065519
1014.807908	-22.059908
1015.151540	-22.073239
1015.495405	-22.047979
1015.839503	-22.001668
1016.183835	-21.995849
1016.528400	-22.012388
1016.873198	-21.993129
1017.218231	-21.950894
1017.563498	-21.937152
1017.908999	-21.949765
1018.254735	-21.941795
1018.600707	-21.903795
1018.946913	-21.883493
1019.293354	-21.895482
1019.640032	-21.889215
1019.986945	-21.849573
1020.334094	-21.826584
1020.681480	-21.836669
1021.029102	-21.837084
1021.376961	-21.802729
1021.725058	-21.765683
1022.073391	-21.764585
1022.421962	-21.775691
1022.770772	-21.749525
1023.119819	-21.706281
1023.469104	-21.694750
1023.818628	-21.701220
1024.168391	-21.685393
1024.518393	-21.645826
1024.868634	-21.617596
1025.219115	-21.621274
1025.569836	-21.618143
1025.920796	-21.578045
1026.271997	-21.541820
1026.623438	-21.536754
1026.975121	-21.536958
1027.327044	-21.514599
1027.679208	-21.471417
1028.031614	-21.446589
1028.384262	-21.452337
1028.737152	-21.442372
1029.090284	-21.405682
1029.443659	-21.375218
1029.797276	-21.363935
1030.151137	-21.362918
1030.505240	-21.342850
1030.859587	-21.304009
1031.214178	-21.287103
1031.569013	-21.287385
1031.924093	-21.275231
1032.279417	-21.248069
1032.634985	-21.217538
1032.990799	-21.207003
1033.346858	-21.209507
1033.703162	-21.190832
1034.059712	-21.160652
1034.416509	-21.142075
1034.773551	-21.135146
1035.130841	-21.131060
1035.488377	-21.109405
1035.846160	-21.079690
1036.204190	-21.068329
1036.562468	-21.064551
1036.920994	-21.052024
1037.279768	-21.028673
1037.638790	-21.002195
1037.998061	-20.991394
1038.357581	-20.987658
1038.717350	-20.969482
1039.077368	-20.943062
1039.437636	-20.920294
1039.798154	-20.907191
1040.158922	-20.899165
1040.519940	-20.878817
1040.881209	-20.849558
1041.242729	-20.828428
1041.604501	-20.813281
1041.966524	-20.797839
1042.328798	-20.774887
1042.691325	-20.744293
1043.054103	-20.722462
1043.417135	-20.707640
1043.780419	-20.686555
1044.143956	-20.659707
1044.507746	-20.628201
1044.871791	-20.602953
1045.236088	-20.587833
1045.600641	-20.565058
1045.965447	-20.535614
1046.330508	-20.504940
1046.695824	-20.476996
1047.061395	-20.459366
1047.427222	-20.436714
1047.793304	-20.405307
1048.159642	-20.375796
1048.526237	-20.347703
1048.893088	-20.328038
1049.260196	-20.307239
1049.627561	-20.276335
1049.995183	-20.247706
1050.363063	-20.221171
1050.731201	-20.199549
1051.099597	-20.180092
1051.468251	-20.151047
1051.837164	-20.123369
1052.206336	-20.100205
1052.575767	-20.079445
1052.945458	-20.061775
1053.315409	-20.035715
1053.685619	-20.007450
1054.056090	-19.985451
1054.426821	-19.965649
1054.797814	-19.950184
1055.169067	-19.929474
1055.540582	-19.902972
1055.912359	-19.881687
1056.284398	-19.862064
1056.656698	-19.846365
1057.029262	-19.829296
1057.402088	-19.805132
1057.775177	-19.784934
1058.148530	-19.766360
1058.522146	-19.750340
1058.896027	-19.735451
1059.270171	-19.712774
1059.644580	-19.692295
1060.019254	-19.674072
1060.394193	-19.658013
1060.769397	-19.645318
1061.144867	-19.625114
1061.520602	-19.604170
1061.896604	-19.584654
1062.272872	-19.566642
1062.649407	-19.554422
1063.026210	-19.537213
1063.403279	-19.517768
1063.780616	-19.498426
1064.158221	-19.478592
1064.536094	-19.464744
1064.914235	-19.448373
1065.292645	-19.429587
1065.671325	-19.410665
1066.050273	-19.390454
1066.429491	-19.376015
1066.808979	-19.361373
1067.188738	-19.343678
1067.568766	-19.324837
1067.949066	-19.302543
1068.329636	-19.285651
1068.710478	-19.271658
1069.091592	-19.256544
1069.472977	-19.241091
1069.854635	-19.219234
1070.236565	-19.199791
1070.618768	-19.182852
1071.001243	-19.166647
1071.383993	-19.153188
1071.767016	-19.133427
1072.150313	-19.114903
1072.533884	-19.097049
1072.917730	-19.080063
1073.301850	-19.066763
1073.686246	-19.047118
1074.070917	-19.028683
1074.455864	-19.009189
1074.841087	-18.992226
1075.226586	-18.980178
1075.612362	-18.962798
1075.998415	-18.945262
1076.384745	-18.922702
1076.771353	-18.902971
1077.158238	-18.889205
1077.545401	-18.874998
1077.932843	-18.861819
1078.320564	-18.840765
1078.708564	-18.819067
1079.096842	-18.800029
1079.485401	-18.784394
1079.874240	-18.773273
1080.263358	-18.756725
1080.652757	-18.737104
1081.042438	-18.715281
1081.432399	-18.695967
1081.822641	-18.682863
1082.213166	-18.669028
1082.603972	-18.652976
1082.995061	-18.632088
1083.386433	-18.609621
1083.778087	-18.592523
1084.170025	-18.577463
1084.562246	-18.564164
1084.954751	-18.546126
1085.347541	-18.523393
1085.740615	-18.502726
1086.133973	-18.483090
1086.527617	-18.470124
1086.921546	-18.453780
1087.315761	-18.434381
1087.710262	-18.411720
1088.105050	-18.387519
1088.500124	-18.370737
1088.895485	-18.352751
1089.291134	-18.337800
1089.687070	-18.315829
1090.083294	-18.292236
1090.479806	-18.270172
1090.876607	-18.248713
1091.273696	-18.233255
1091.671075	-18.212008
1092.068744	-18.191613
1092.466702	-18.166349
1092.864950	-18.143814
1093.263489	-18.124555
1093.662319	-18.104617
1094.061440	-18.086299
1094.460852	-18.061630
1094.860555	-18.039146
1095.260551	-18.015413
1095.660840	-17.995235
1096.061421	-17.976040
1096.462295	-17.954428
1096.863462	-17.933371
1097.264923	-17.909569
1097.666678	-17.889176
1098.068727	-17.868417
1098.471071	-17.848024
1098.873710	-17.827197
1099.276644	-17.804077
1099.679874	-17.783947
1100.083400	-17.762868
1100.487222	-17.744563
1100.891340	-17.724415
1101.295756	-17.702850
1101.700468	-17.682242
1102.105478	-17.660080
1102.510787	-17.642775
1102.916393	-17.622408
1103.322298	-17.604704
1103.728502	-17.583096
1104.135005	-17.562432
1104.541807	-17.542643
1104.948909	-17.522723
1105.356312	-17.506301
1105.764015	-17.485586
1106.172019	-17.468265
1106.580324	-17.445552
1106.988931	-17.426985
1107.397840	-17.406073
1107.807051	-17.387920
1108.216564	-17.369987
1108.626380	-17.350796
1109.036500	-17.333365
1109.446923	-17.311551
1109.857649	-17.293119
1110.268680	-17.270727
1110.680016	-17.253040
1111.091657	-17.233488
1111.503602	-17.216566
1111.915854	-17.198340
1112.328411	-17.178353
1112.741275	-17.158719
1113.154445	-17.136400
1113.567922	-17.118224
1113.981706	-17.098312
1114.395798	-17.082403
1114.810198	-17.063724
1115.224906	-17.045438
1115.639923	-17.025163
1116.055249	-17.004281
1116.470884	-16.985698
1116.886829	-16.966348
1117.303084	-16.951027
1117.719650	-16.932160
1118.136526	-16.915778
1118.553713	-16.894873
1118.971212	-16.876762
1119.389022	-16.857249
1119.807145	-16.840532
1120.225580	-16.824487
1120.644328	-16.807572
1121.063389	-16.791604
1121.482763	-16.772000
1121.902452	-16.755867
1122.322454	-16.736561
1122.742771	-16.722774
1123.163404	-16.705519
1123.584351	-16.692081
1124.005614	-16.674478
1124.427193	-16.658981
1124.849089	-16.641667
1125.271301	-16.626073
1125.693830	-16.611467
1126.116677	-16.596336
1126.539842	-16.582967
1126.963324	-16.566279
1127.387126	-16.552564
1127.811246	-16.535060
1128.235685	-16.522239
1128.660444	-16.505848
1129.085522	-16.493757
1129.510922	-16.477631
1129.936641	-16.464346
1130.362682	-16.448031
1130.789044	-16.433839
1131.215728	-16.418701
1131.642734	-16.404334
1132.070063	-16.390309
1132.497714	-16.374899
1132.925689	-16.360867
1133.353987	-16.344191
1133.782610	-16.330486
1134.211556	-16.313531
1134.640827	-16.300368
1135.070424	-16.283139
1135.500345	-16.269644
1135.930593	-16.251852
1136.361166	-16.237716
1136.792067	-16.219937
1137.223294	-16.205490
1137.654848	-16.188078
1138.086730	-16.173024
1138.518940	-16.155722
1138.951479	-16.139717
1139.384346	-16.122643
1139.817543	-16.105934
1140.251069	-16.089363
1140.684925	-16.072136
1141.119111	-16.055879
1141.553628	-16.038008
1141.988475	-16.021963
1142.423655	-16.003585
1142.859166	-15.987854
1143.295009	-15.969298
1143.731185	-15.953885
1144.167694	-15.935145
1144.604536	-15.919878
1145.041711	-15.901049
1145.479221	-15.885905
1145.917065	-15.867200
1146.355245	-15.852234
1146.793759	-15.833727
1147.232609	-15.818855
1147.671795	-15.800595
1148.111317	-15.785817
1148.551177	-15.767870
1148.991373	-15.753202
1149.431907	-15.735642
1149.872779	-15.721099
1150.313989	-15.703887
1150.755538	-15.689453
1151.197426	-15.672581
1151.639653	-15.658302
1152.082220	-15.641831
1152.525128	-15.627696
1152.968376	-15.611566
1153.411966	-15.597559
1153.855897	-15.581757
1154.300169	-15.567888
1154.744784	-15.552403
1155.189742	-15.538617
1155.635042	-15.523402
1156.080687	-15.509696
1156.526674	-15.494760
1156.973007	-15.481112
1157.419683	-15.466472
1157.866705	-15.452823
1158.314072	-15.438345
1158.761786	-15.424649
1159.209845	-15.410344
1159.658251	-15.396598
1160.107004	-15.382473
1160.556104	-15.368670
1161.005553	-15.354606
1161.455349	-15.340685
1161.905494	-15.326556
1162.355989	-15.312582
1162.806832	-15.298465
1163.258026	-15.284560
1163.709570	-15.270325
1164.161464	-15.256365
1164.613710	-15.241747
1165.066307	-15.227754
1165.519256	-15.212765
1165.972558	-15.198887
1166.426212	-15.183602
1166.880219	-15.169880
1167.334580	-15.154146
1167.789295	-15.140395
1168.244364	-15.124084
1168.699788	-15.110321
1169.155567	-15.093629
1169.611702	-15.079913
1170.068193	-15.062901
1170.525041	-15.049071
1170.982245	-15.031696
1171.439807	-15.017594
1171.897726	-14.999972
1172.356004	-14.985641
1172.814640	-14.967943
1173.273635	-14.953292
1173.732989	-14.935511
1174.192703	-14.920410
1174.652778	-14.902572
1175.113213	-14.887057
1175.574009	-14.869307
1176.035167	-14.853441
1176.496687	-14.835814
1176.958569	-14.819503
1177.420814	-14.801889
1177.883422	-14.785107
1178.346394	-14.767652
1178.809730	-14.750549
1179.273430	-14.733383
1179.737496	-14.715946
1180.201927	-14.698972
1180.666723	-14.681133
1181.131886	-14.664346
1181.597416	-14.646183
1182.063312	-14.629724
1182.529576	-14.611440
1182.996209	-14.595232
1183.463209	-14.576821
1183.930579	-14.560737
1184.398317	-14.542256
1184.866426	-14.526230
1185.334904	-14.507960
1185.803754	-14.491956
1186.272974	-14.474014
1186.742566	-14.457837
1187.212529	-14.440336
1187.682865	-14.423811
1188.153574	-14.407013
1188.624656	-14.390121
1189.096112	-14.374115
1189.567942	-14.356788
1190.040147	-14.341451
1190.512726	-14.323756
1190.985681	-14.308885
1191.459012	-14.291193
1191.932720	-14.276501
1192.406804	-14.259246
1192.881265	-14.244259
1193.356104	-14.227704
1193.831322	-14.212084
1194.306918	-14.196370
1194.782893	-14.180110
1195.259248	-14.165179
1195.735982	-14.148537
1196.213097	-14.134040
1196.690593	-14.117319
1197.168471	-14.102803
1197.646730	-14.086387
1198.125371	-14.071563
1198.604395	-14.055609
1199.083803	-14.040367
1199.563594	-14.024856
1200.043769	-14.009192
1200.524329	-13.993992
1201.005273	-13.978044
1201.486604	-13.963075
1201.968320	-13.946856
1202.450422	-13.932015
1202.932912	-13.915607
1203.415789	-13.900720
1203.899054	-13.884406
1204.382707	-13.869258
1204.866748	-13.853374
1205.351179	-13.837583
1205.836000	-13.822284
1206.321211	-13.805725
1206.806812	-13.790849
1207.292805	-13.773942
1207.779189	-13.759155
1208.265965	-13.742535
1208.753134	-13.727142
1209.240696	-13.711245
1209.728651	-13.694891
1210.217000	-13.679673
1210.705744	-13.662801
1211.194883	-13.647953
1211.684417	-13.631283
1212.174347	-13.616091
1212.664673	-13.600085
1213.155396	-13.584127
1213.646516	-13.568781
1214.138034	-13.552489
1214.629951	-13.537496
1215.122266	-13.521358
1215.614980	-13.506315
1216.108095	-13.490483
1216.601609	-13.475090
1217.095524	-13.459642
1217.589841	-13.444128
1218.084559	-13.429129
1218.579679	-13.413628
1219.075202	-13.398921
1219.571128	-13.383381
1220.067458	-13.368816
1220.564191	-13.353535
1221.061330	-13.338887
1221.558874	-13.324301
1222.056823	-13.309298
1222.555178	-13.295324
1223.053940	-13.280087
1223.553109	-13.266246
1224.052686	-13.251489
1224.552671	-13.237312
1225.053065	-13.223490
1225.553867	-13.208792
1226.055079	-13.195553
1226.556702	-13.180944
1227.058735	-13.167621
1227.561179	-13.153839
1228.064035	-13.140079
1228.567303	-13.127168
1229.070983	-13.113127
1229.575077	-13.100482
1230.079585	-13.086862
1230.584506	-13.074041
1231.089842	-13.061287
1231.595594	-13.048156
1232.101761	-13.036094
1232.608345	-13.022951
1233.115345	-13.011066
1233.622762	-12.998604
1234.130597	-12.986520
1234.638851	-12.975023
1235.147523	-12.962749
1235.656615	-12.951831
1236.166126	-12.939942
1236.676058	-12.928941
1237.186411	-12.918049
1237.697185	-12.906804
1238.208381	-12.896758
1238.719999	-12.885701
1239.232040	-12.875832
1239.744505	-12.865616
1240.257394	-12.855511
1240.770708	-12.846344
1241.284446	-12.836240
1241.798610	-12.827546
1242.313201	-12.818097
1242.828218	-12.809163
1243.343662	-12.800881
1243.859534	-12.791672
1244.375834	-12.784118
1244.892563	-12.775479
1245.409721	-12.767540
1245.927309	-12.760157
1246.445327	-12.751671
1246.963777	-12.745027
1247.482657	-12.737185
1248.001970	-12.729951
1248.521716	-12.723456
1249.041894	-12.715599
1249.562506	-12.709495
1250.083553	-12.702406
1250.605034	-12.695563
1251.126950	-12.689675
1251.649302	-12.682455
1252.172091	-12.676561
1252.695316	-12.670048
1253.218979	-12.663465
1253.743079	-12.657730
1254.267619	-12.650970
1254.792597	-12.645167
1255.318015	-12.638849
1255.843874	-12.632498
1256.370173	-12.626757
1256.896913	-12.620099
1257.424095	-12.614446
1257.951720	-12.608129
1258.479787	-12.601778
1259.008298	-12.596207
1259.537254	-12.589331
1260.066654	-12.583633
1260.596499	-12.577490
1261.126790	-12.570709
1261.657527	-12.565334
1262.188711	-12.558454
1262.720342	-12.552268
1263.252422	-12.546529
1263.784950	-12.539349
1264.317928	-12.533756
1264.851355	-12.527304
1265.385232	-12.520502
1265.919560	-12.515009
1266.454340	-12.507955
1266.989572	-12.501781
1267.525256	-12.495801
1268.061394	-12.488683
1268.597985	-12.482978
1269.135031	-12.476343
1269.672531	-12.469632
1270.210487	-12.463864
1270.748899	-12.456746
1271.287768	-12.450561
1271.827094	-12.444333
1272.366877	-12.437177
1272.907119	-12.431287
1273.447820	-12.424431
1273.988981	-12.417520
1274.530601	-12.411513
1275.072683	-12.404177
1275.615226	-12.397599
1276.158230	-12.391135
1276.701697	-12.383569
1277.245627	-12.377112
1277.790021	-12.370017
1278.334879	-12.362494
1278.880202	-12.355915
1279.425991	-12.348267
1279.972245	-12.340852
1280.518966	-12.333819
1281.066155	-12.325776
1281.613811	-12.318430
1282.161936	-12.310858
1282.710529	-12.302641
1283.259593	-12.295203
1283.809126	-12.287044
1284.359131	-12.278811
1284.909607	-12.271172
1285.460555	-12.262543
1286.011976	-12.254372
1286.563870	-12.246385
1287.116237	-12.237472
1287.669080	-12.229394
1288.222397	-12.221064
1288.776191	-12.212012
1289.330460	-12.203970
1289.885207	-12.195315
1290.440431	-12.186297
1290.996133	-12.178301
1291.552314	-12.169415
1292.108975	-12.160498
1292.666115	-12.152461
1293.223737	-12.143425
1293.781839	-12.134729
1294.340424	-12.126671
1294.899491	-12.117605
1295.459041	-12.109102
1296.019075	-12.100950
1296.579593	-12.091930
1297.140597	-12.083661
1297.702086	-12.075448
1298.264061	-12.066507
1298.826524	-12.058373
1299.389474	-12.050088
1299.952912	-12.041276
1300.516839	-12.033252
1301.081255	-12.024882
1301.646162	-12.016167
1302.211559	-12.008182
1302.777448	-11.999729
1303.343829	-11.991148
1303.910702	-11.983174
1304.478069	-11.974631
1305.045930	-11.966160
1305.614285	-11.958180
1306.183136	-11.949582
1306.752483	-11.941240
1307.322326	-11.933250
1307.892666	-11.924583
1308.463504	-11.916379
1309.034841	-11.908460
1309.606677	-11.899792
1310.179012	-11.891713
1310.751849	-11.883917
1311.325186	-11.875326
1311.899025	-11.867393
1312.473366	-11.859763
1313.048211	-11.851304
1313.623559	-11.843480
1314.199412	-11.836039
1314.775770	-11.827839
1315.352634	-11.820196
1315.930004	-11.812936
1316.507881	-11.805010
1317.086266	-11.797559
1317.665159	-11.790501
1318.244562	-11.782888
1318.824474	-11.775680
1319.404897	-11.768776
1319.985831	-11.761401
1320.567276	-11.754471
1321.149234	-11.747805
1321.731706	-11.740660
1322.314691	-11.733943
1322.898190	-11.727515
1323.482205	-11.720547
1324.066736	-11.713993
1324.651783	-11.707823
1325.237347	-11.701042
1325.823430	-11.694533
1326.410031	-11.688586
1326.997151	-11.682060
1327.584791	-11.675580
1328.172952	-11.669766
1328.761634	-11.663513
1329.350839	-11.657100
1329.940566	-11.651385
1330.530817	-11.645406
1331.121592	-11.639076
1331.712891	-11.633386
1332.304716	-11.627654
1332.897068	-11.621488
1333.489946	-11.615875
1334.083352	-11.610379
1334.677287	-11.604364
1335.271750	-11.598795
1335.866744	-11.593534
1336.462268	-11.587724
1337.058323	-11.582197
1337.654910	-11.577153
1338.252029	-11.571572
1338.849682	-11.566069
1339.447869	-11.561184
1340.046591	-11.555842
1340.645848	-11.550349
1341.245641	-11.545581
1341.845972	-11.540519
1342.446840	-11.535046
1343.048246	-11.530323
1343.650191	-11.525561
1344.252677	-11.520113
1344.855702	-11.515315
1345.459269	-11.510884
1346.063379	-11.505585
1346.668030	-11.500564
1347.273226	-11.496357
1347.878965	-11.491440
1348.485250	-11.486225
1349.092080	-11.481995
1349.699456	-11.477577
1350.307380	-11.472420
1350.915851	-11.467959
1351.524871	-11.463909
1352.134441	-11.459133
1352.744560	-11.454509
1353.355231	-11.450526
1353.966453	-11.446174
1354.578227	-11.441645
1355.190555	-11.437663
1355.803436	-11.433604
1356.416872	-11.429288
1357.030863	-11.425386
1357.645411	-11.421541
1358.260515	-11.417383
1358.876177	-11.413585
1359.492397	-11.410045
1360.109176	-11.406084
1360.726516	-11.402266
1361.344416	-11.399020
1361.962877	-11.395486
1362.581901	-11.391656
1363.201487	-11.388443
1363.821637	-11.385440
1364.442352	-11.381920
1365.063632	-11.378583
1365.685478	-11.375872
1366.307891	-11.372951
1366.930871	-11.369741
1367.554420	-11.367016
1368.178538	-11.364587
1368.803226	-11.361842
1369.428485	-11.359156
1370.054315	-11.356896
1370.680717	-11.354658
1371.307693	-11.352298
1371.935242	-11.350169
1372.563366	-11.348243
1373.192065	-11.346290
1373.821341	-11.344441
1374.451193	-11.342775
1375.081623	-11.341155
1375.712632	-11.339635
1376.344221	-11.338305
1376.976389	-11.337040
1377.609139	-11.335817
1378.242470	-11.334794
1378.876384	-11.333910
1379.510881	-11.333025
1380.145963	-11.332260
1380.781629	-11.331709
1381.417881	-11.331218
1382.054720	-11.330749
1382.692147	-11.330461
1383.330161	-11.330352
1383.968765	-11.330274
1384.607959	-11.330270
1385.247743	-11.330461
1385.888119	-11.330801
1386.529087	-11.331193
1387.170648	-11.331695
1387.812804	-11.332390
1388.455554	-11.333228
1389.098899	-11.334125
1389.742842	-11.335117
1390.387381	-11.336313
1391.032519	-11.337667
1391.678256	-11.339046
1392.324592	-11.340493
1392.971529	-11.342159
1393.619068	-11.343960
1394.267208	-11.345744
1394.915952	-11.347615
1395.565300	-11.349726
1396.215253	-11.351915
1396.865812	-11.354070
1397.516977	-11.356405
1398.168749	-11.358977
1398.821130	-11.361536
1399.474120	-11.364100
1400.127719	-11.366973
1400.781930	-11.370057
1401.436752	-11.373027
1402.092186	-11.376086
1402.748234	-11.379554
1403.404897	-11.383123
1404.062174	-11.386461
1404.720067	-11.389986
1405.378577	-11.393993
1406.037705	-11.397962
1406.697451	-11.401589
1407.357817	-11.405465
1408.018803	-11.409874
1408.680410	-11.414163
1409.342639	-11.418069
1410.005492	-11.422272
1410.668968	-11.427034
1411.333068	-11.431677
1411.997795	-11.435987
1412.663147	-11.440649
1413.329127	-11.445886
1413.995736	-11.451065
1414.662973	-11.456009
1415.330840	-11.461331
1415.999339	-11.467221
1416.668469	-11.473108
1417.338232	-11.478812
1418.008628	-11.484859
1418.679659	-11.491428
1419.351325	-11.498034
1420.023628	-11.504460
1420.696568	-11.511123
1421.370145	-11.518230
1422.044362	-11.525412
1422.719219	-11.532425
1423.394717	-11.539589
1424.070856	-11.547175
1424.747638	-11.554946
1425.425064	-11.562637
1426.103134	-11.570478
1426.781850	-11.578841
1427.461212	-11.587638
1428.141221	-11.596552
1428.821878	-11.605673
1429.503185	-11.615444
1430.185141	-11.625982
1430.867749	-11.636930
1431.551008	-11.648126
1432.234920	-11.659962
1432.919486	-11.672751
1433.604707	-11.686199
1434.290583	-11.699898
1434.977116	-11.714000
1435.664307	-11.728899
1436.352156	-11.744493
1437.040664	-11.760283
1437.729833	-11.776137
1438.419663	-11.792373
1439.110156	-11.809075
1439.801312	-11.825876
1440.493132	-11.842510
1441.185617	-11.859159
1441.878768	-11.876015
1442.572586	-11.892916
1443.267072	-11.909672
1443.962228	-11.926397
1444.658053	-11.943344
1445.354549	-11.960514
1446.051717	-11.977822
1446.749558	-11.995393
1447.448073	-12.013492
1448.147263	-12.032242
1448.847128	-12.051593
1449.547671	-12.071628
1450.248891	-12.092558
1450.950789	-12.114534
1451.653368	-12.137475
1452.356627	-12.161317
1453.060568	-12.186128
1453.765192	-12.211973
1454.470500	-12.238725
1455.176492	-12.266099
1455.883170	-12.293921
1456.590534	-12.322107
1457.298586	-12.350487
1458.007327	-12.378700
1458.716758	-12.406319
1459.426880	-12.433046
1460.137693	-12.458658
1460.849199	-12.482844
1461.561398	-12.505202
1462.274293	-12.525365
1462.987883	-12.543063
1463.702170	-12.558050
1464.417155	-12.570103
1465.132838	-12.579049
1465.849222	-12.584787
1466.566306	-12.587237
1467.284093	-12.586335
1468.002582	-12.582103
1468.721775	-12.574676
1469.441674	-12.564214
1470.162278	-12.550864
1470.883590	-12.534780
1471.605609	-12.516202
1472.328338	-12.495396
1473.051777	-12.472616
1473.775928	-12.448080
1474.500790	-12.422051
1475.226367	-12.394796
1475.952657	-12.366539
1476.679663	-12.337440
1477.407386	-12.307648
1478.135826	-12.277318
1478.864985	-12.246564
1479.594863	-12.215425
1480.325463	-12.183870
1481.056784	-12.151840
1481.788828	-12.119201
1482.521597	-12.085741
1483.255090	-12.051172
1483.989309	-12.015195
1484.724256	-11.977475
1485.459931	-11.937568
1486.196336	-11.894933
1486.933471	-11.848993
1487.671337	-11.799206
1488.409937	-11.745051
1489.149270	-11.685963
1489.889337	-11.621389
1490.630141	-11.550819
1491.371682	-11.473886
1492.113961	-11.390339
1492.856979	-11.300025
1493.600738	-11.202934
1494.345238	-11.099228
1495.090481	-10.989247
1495.836467	-10.873467
1496.583198	-10.752434
1497.330675	-10.626770
1498.078899	-10.497203
1498.827872	-10.364511
1499.577593	-10.229445
1500.328065	-10.092673
1501.079289	-9.954806
1501.831265	-9.816473
1502.583995	-9.678264
1503.337480	-9.540699
1504.091721	-9.404231
1504.846719	-9.269334
1505.602475	-9.136610
1506.358991	-9.006752
1507.116268	-8.880528
1507.874306	-8.758775
1508.633108	-8.642504
1509.392673	-8.532924
1510.153004	-8.431383
1510.914101	-8.339284
1511.675965	-8.258071
1512.438599	-8.189278
1513.202002	-8.134539
1513.966176	-8.095493
1514.731122	-8.073755
1515.496842	-8.070918
1516.263336	-8.088624
1517.030607	-8.128600
1517.798654	-8.192637
1518.567479	-8.282563
1519.337083	-8.400271
1520.107468	-8.547724
1520.878634	-8.726931
1521.650584	-8.939808
1522.423317	-9.187940
1523.196836	-9.472251
1523.971141	-9.792574
1524.746233	-10.146887
1525.522115	-10.530183
1526.298786	-10.932948
1527.076249	-11.339384
1527.854504	-11.725765
1528.633553	-12.059891
1529.413397	-12.303315
1530.194037	-12.418113
1530.975474	-12.377612
1531.757709	-12.176272
1532.540745	-11.832373
1533.324581	-11.381561
1534.109220	-10.865906
1534.894662	-10.324609
1535.680909	-9.789119
1536.467961	-9.282208
1537.255821	-8.819129
1538.044489	-8.409409
1538.833967	-8.058515
1539.624256	-7.769060
1540.415357	-7.541634
1541.207271	-7.375357
1542.000000	-7.268211
1542.793545	-7.217184
1543.587907	-7.218295
1544.383087	-7.266526
1545.179088	-7.355731
1545.975909	-7.478559
1546.773552	-7.626427
1547.572019	-7.789599
1548.371311	-7.957430
1549.171428	-8.118897
1549.972373	-8.263361
1550.774147	-8.381511
1551.576751	-8.466331
1552.380185	-8.513835
1553.184453	-8.523390
1553.989554	-8.497510
1554.795490	-8.441193
1555.602263	-8.360986
1556.409873	-8.264011
1557.218322	-8.157165
1558.027612	-8.046559
1558.837743	-7.937246
1559.648717	-7.833159
1560.460536	-7.737180
1561.273200	-7.651277
1562.086710	-7.576684
1562.901069	-7.514107
1563.716278	-7.463895
1564.532337	-7.426178
1565.349249	-7.400961
1566.167014	-7.388168
1566.985634	-7.387707
1567.805111	-7.399513
1568.625444	-7.423549
1569.446637	-7.459767
1570.268690	-7.508085
1571.091605	-7.568396
1571.915382	-7.640600
1572.740024	-7.724618
1573.565532	-7.820361
1574.391907	-7.927723
1575.219150	-8.046588
1576.047262	-8.176899
1576.876246	-8.318687
1577.706103	-8.472065
1578.536833	-8.637188
1579.368439	-8.814253
1580.200922	-9.003507
1581.034282	-9.205276
1581.868522	-9.419950
1582.703643	-9.647925
1583.539646	-9.889571
1584.376532	-10.145245
1585.214304	-10.415307
1586.052962	-10.700113
1586.892508	-10.999999
1587.732943	-11.315238
1588.574269	-11.646044
1589.416487	-11.992630
1590.259599	-12.355218
1591.103605	-12.733994
1591.948508	-13.129093
1592.794309	-13.540636
1593.641009	-13.968745
1594.488609	-14.413600
1595.337112	-14.875411
1596.186518	-15.354380
1597.036829	-15.850743
1597.888047	-16.364828
1598.740172	-16.897075
1599.593207	-17.447972
1600.447153	-18.018000
1601.302010	-18.607604
1602.157782	-19.217113
1603.014469	-19.846647
1603.872072	-20.495754
1604.730593	-21.162968
1605.590034	-21.845190
1606.450397	-22.536821
1607.311681	-23.228572
1608.173890	-23.905897
1609.037024	-24.547339
1609.901085	-25.123677
1610.766075	-25.599239
1611.631995	-25.936872
1612.498846	-26.106478
1613.366630	-26.094302
1614.235349	-25.908336
1615.105004	-25.575546
1615.975596	-25.133053
1616.847128	-24.618600
1617.719600	-24.064352
1618.593014	-23.494900
1619.467372	-22.927569
1620.342675	-22.373683
1621.218924	-21.840198
1622.096122	-21.331072
1622.974270	-20.848285
1623.853369	-20.392508
1624.733420	-19.963547
1625.614427	-19.560677
1626.496389	-19.182866
1627.379308	-18.828877
1628.263187	-18.497366
1629.148026	-18.186954
1630.033828	-17.896223
1630.920593	-17.623797
1631.808324	-17.368294
1632.697022	-17.128344
1633.586688	-16.902647
1634.477324	-16.689984
1635.368932	-16.489199
1636.261514	-16.299191
1637.155070	-16.118903
1638.049602	-15.947344
1638.945113	-15.783642
1639.841603	-15.627040
1640.739075	-15.476840
1641.637529	-15.332411
1642.536968	-15.193194
1643.437393	-15.058728
1644.338806	-14.928673
1645.241209	-14.802764
1646.144602	-14.680765
1647.048988	-14.562499
1647.954368	-14.447853
1648.860744	-14.336789
1649.768118	-14.229285
1650.676491	-14.125320
1651.585865	-14.024891
1652.496241	-13.928000
1653.407621	-13.834668
1654.320008	-13.744882
1655.233401	-13.658606
1656.147804	-13.575795
1657.063218	-13.496395
1657.979645	-13.420332
1658.897085	-13.347480
1659.815542	-13.277697
1660.735016	-13.210844
1661.655509	-13.146767
1662.577023	-13.085284
1663.499560	-13.026184
1664.423121	-12.969282
1665.347709	-12.914395
1666.273324	-12.861353
1667.199969	-12.809983
1668.127645	-12.760114
1669.056353	-12.711621
1669.986097	-12.664401
1670.916877	-12.618367
1671.848695	-12.573440
1672.781553	-12.529565
1673.715452	-12.486726
1674.650395	-12.444917
1675.586383	-12.404138
1676.523418	-12.364374
1677.461501	-12.325628
1678.400635	-12.287918
1679.340821	-12.251250
1680.282061	-12.215613
1681.224357	-12.180983
1682.167710	-12.147352
1683.112122	-12.114700
1684.057595	-12.082988
1685.004132	-12.052166
1685.951732	-12.022182
1686.900400	-11.993005
1687.850135	-11.964587
1688.800940	-11.936871
1689.752818	-11.909805
1690.705768	-11.883340
1691.659795	-11.857432
1692.614898	-11.832056
1693.571081	-11.807200
1694.528345	-11.782853
1695.486691	-11.759002
1696.446122	-11.735644
1697.406640	-11.712791
1698.368245	-11.690462
1699.330941	-11.668675
1700.294729	-11.647438
1701.259611	-11.626762
1702.225588	-11.606666
1703.192664	-11.587165
1704.160838	-11.568256
1705.130114	-11.549942
1706.100493	-11.532226
1707.071977	-11.515115
1708.044568	-11.498607
1709.018268	-11.482697
1709.993079	-11.467383
1710.969003	-11.452654
1711.946041	-11.438508
1712.924196	-11.424938
1713.903469	-11.411938
1714.883862	-11.399494
1715.865378	-11.387597
1716.848017	-11.376237
1717.831783	-11.365407
1718.816677	-11.355093
1719.802701	-11.345277
1720.789857	-11.335951
1721.778147	-11.327096
1722.767573	-11.318693
1723.758136	-11.310697
1724.749840	-11.303078
1725.742685	-11.295815
1726.736673	-11.288877
1727.731808	-11.282216
1728.728090	-11.275803
1729.725521	-11.269606
1730.724105	-11.263590
1731.723842	-11.257721
1732.724735	-11.251981
1733.726785	-11.246359
1734.729995	-11.240829
1735.734366	-11.235385
1736.739902	-11.230036
1737.746603	-11.224780
1738.754472	-11.219625
1739.763510	-11.214577
1740.773721	-11.209668
1741.785105	-11.204909
1742.797665	-11.200301
1743.811403	-11.195840
1744.826321	-11.191550
1745.842422	-11.187444
1746.859706	-11.183515
1747.878177	-11.179763
1748.897835	-11.176194
1749.918685	-11.172815
1750.940726	-11.169623
1751.963963	-11.166608
1752.988395	-11.163776
1754.014027	-11.161135
1755.040860	-11.158675
1756.068895	-11.156391
1757.098135	-11.154282
1758.128583	-11.152338
1759.160240	-11.150563
1760.193109	-11.148944
1761.227191	-11.147477
1762.262488	-11.146165
1763.299004	-11.145000
1764.336740	-11.143981
1765.375697	-11.143115
1766.415880	-11.142400
1767.457288	-11.141836
1768.499926	-11.141421
1769.543794	-11.141151
1770.588895	-11.141013
1771.635231	-11.141001
1772.682805	-11.141099
1773.731619	-11.141300
1774.781674	-11.141579
1775.832973	-11.141925
1776.885519	-11.142306
1777.939312	-11.142700
1778.994357	-11.143092
1780.050654	-11.143477
1781.108207	-11.143848
1782.167017	-11.144201
1783.227087	-11.144553
1784.288418	-11.144925
1785.351013	-11.145346
1786.414875	-11.145851
1787.480006	-11.146480
1788.546407	-11.147273
1789.614082	-11.148257
1790.683032	-11.149466
1791.753259	-11.150930
1792.824767	-11.152673
1793.897557	-11.154716
1794.971632	-11.157075
1796.046994	-11.159774
1797.123645	-11.162819
1798.201588	-11.166210
1799.280824	-11.169953
1800.361357	-11.174042
1801.443188	-11.178458
1802.526320	-11.183188
1803.610756	-11.188215
1804.696497	-11.193500
1805.783546	-11.199006
1806.871906	-11.204706
1807.961578	-11.210570
1809.052565	-11.216577
1810.144870	-11.222712
1811.238494	-11.228960
1812.333441	-11.235292
1813.429713	-11.241691
1814.527311	-11.248146
1815.626239	-11.254628
1816.726499	-11.261124
1817.828094	-11.267625
1818.931025	-11.274117
1820.035295	-11.280607
1821.140906	-11.287099
1822.247862	-11.293590
1823.356165	-11.300085
1824.465816	-11.306589
1825.576819	-11.313110
1826.689175	-11.319626
1827.802888	-11.326109
1828.917960	-11.332540
1830.034394	-11.338900
1831.152191	-11.345190
1832.271354	-11.351425
1833.391887	-11.357626
1834.513790	-11.363810
1835.637068	-11.370014
1836.761722	-11.376267
1837.887755	-11.382594
1839.015169	-11.389016
1840.143968	-11.395532
1841.274153	-11.402131
1842.405727	-11.408812
1843.538693	-11.415586
1844.673053	-11.422459
1845.808810	-11.429452
1846.945966	-11.436587
1848.084525	-11.443885
1849.224488	-11.451382
1850.365858	-11.459098
1851.508638	-11.467048
1852.652831	-11.475238
1853.798438	-11.483650
1854.945463	-11.492268
1856.093909	-11.501066
1857.243777	-11.510037
1858.395071	-11.519167
1859.547794	-11.528447
1860.701947	-11.537872
1861.857533	-11.547445
1863.014556	-11.557183
1864.173018	-11.567098
1865.332922	-11.577215
1866.494270	-11.587553
1867.657065	-11.598137
1868.821309	-11.608981
1869.987006	-11.620102
1871.154158	-11.631505
1872.322768	-11.643195
1873.492839	-11.655175
1874.664373	-11.667452
1875.837373	-11.680035
1877.011841	-11.692930
1878.187782	-11.706136
1879.365197	-11.719646
1880.544089	-11.733467
1881.724460	-11.747591
1882.906315	-11.762006
1884.089655	-11.776682
1885.274483	-11.791606
1886.460803	-11.806748
1887.648616	-11.822080
1888.837927	-11.837564
1890.028736	-11.853168
1891.221049	-11.868851
1892.414866	-11.884584
1893.610192	-11.900333
1894.807028	-11.916090
1896.005379	-11.931852
1897.205246	-11.947639
1898.406633	-11.963474
1899.609542	-11.979377
1900.813977	-11.995356
1902.019940	-12.011414
1903.227434	-12.027539
1904.436462	-12.043713
1905.647028	-12.059902
1906.859133	-12.076088
1908.072781	-12.092262
1909.287976	-12.108440
1910.504719	-12.124654
1911.723013	-12.140959
1912.942863	-12.157404
1914.164270	-12.174040
1915.387238	-12.190889
1916.611770	-12.207953
1917.837868	-12.225205
1919.065536	-12.242600
1920.294777	-12.260094
1921.525594	-12.277649
1922.757989	-12.295250
1923.991967	-12.312928
1925.227529	-12.330719
1926.464679	-12.348685
1927.703420	-12.366859
1928.943755	-12.385276
1930.185688	-12.403927
1931.429221	-12.422789
1932.674356	-12.441835
1933.921099	-12.461050
1935.169451	-12.480447
1936.419415	-12.500059
1937.670996	-12.519947
1938.924195	-12.540161
1940.179017	-12.560751
1941.435463	-12.581736
1942.693538	-12.603109
1943.953245	-12.624836
1945.214586	-12.646884
1946.477566	-12.669230
1947.742186	-12.691861
1949.008451	-12.714786
1950.276363	-12.738016
1951.545926	-12.761574
1952.817143	-12.785471
1954.090017	-12.809700
1955.364551	-12.834259
1956.640749	-12.859145
1957.918615	-12.884384
1959.198150	-12.909986
1960.479359	-12.935973
1961.762244	-12.962364
1963.046810	-12.989171
1964.333059	-13.016386
1965.620995	-13.043999
1966.910621	-13.071996
1968.201940	-13.100375
1969.494956	-13.129143
1970.789672	-13.158314
1972.086091	-13.187923
1973.384217	-13.217967
1974.684053	-13.248442
1975.985602	-13.279292
1977.288869	-13.310450
1978.593855	-13.341821
1979.900566	-13.373328
1981.209003	-13.404906
1982.519171	-13.436535
1983.831073	-13.468201
1985.144712	-13.499923
1986.460093	-13.531712
1987.777217	-13.563580
1989.096089	-13.595503
1990.416713	-13.627465
1991.739092	-13.659445
1993.063228	-13.691432
1994.389127	-13.723429
1995.716791	-13.755473
1997.046223	-13.787619
1998.377428	-13.819922
1999.710409	-13.852432
2001.045169	-13.885180
2002.381713	-13.918186
2003.720043	-13.951429
2005.060163	-13.984894
2006.402077	-14.018545
2007.745788	-14.052389
2009.091301	-14.086418
2010.438618	-14.120655
2011.787743	-14.155103
2013.138680	-14.189776
2014.491433	-14.224677
2015.846005	-14.259832
2017.202399	-14.295266
2018.560621	-14.331042
2019.920673	-14.367206
2021.282558	-14.403825
2022.646281	-14.440915
2024.011846	-14.478493
2025.379256	-14.516555
2026.748515	-14.555106
2028.119626	-14.594181
2029.492594	-14.633844
2030.867422	-14.674158
2032.244114	-14.715166
2033.622673	-14.756849
2035.003104	-14.799134
2036.385411	-14.841901
2037.769597	-14.885049
2039.155665	-14.928535
2040.543621	-14.972398
2041.933467	-15.016754
2043.325208	-15.061720
2044.718847	-15.107361
2046.114389	-15.153656
2047.511837	-15.200513
2048.911195	-15.247819
2050.312467	-15.295520
2051.715657	-15.343643
2053.120769	-15.392300
2054.527807	-15.441617
2055.936775	-15.491692
2057.347677	-15.542509
2058.760516	-15.593988
2060.175297	-15.645974
2061.592025	-15.698340
2063.010701	-15.751006
2064.431332	-15.803950
2065.853921	-15.857206
2067.278472	-15.910784
2068.704988	-15.964654
2070.133475	-16.018730
2071.563936	-16.072894
2072.996375	-16.127085
2074.430796	-16.181312
2075.867204	-16.235644
2077.305603	-16.290177
2078.745996	-16.344941
2080.188389	-16.399852
2081.632784	-16.454726
2083.079187	-16.509370
2084.527601	-16.563663
2085.978030	-16.617634
2087.430480	-16.671458
2088.884954	-16.725343
2090.341455	-16.779425
2091.799990	-16.833694
2093.260561	-16.888020
2094.723173	-16.942289
2096.187831	-16.996498
2097.654538	-17.050867
2099.123300	-17.105703
2100.594119	-17.161303
2102.067001	-17.217780
2103.541950	-17.275037
2105.018971	-17.332844
2106.498067	-17.390994
2107.979243	-17.449462
2109.462503	-17.508391
2110.947853	-17.568048
2112.435295	-17.628656
2113.924836	-17.690232
2115.416478	-17.752622
2116.910227	-17.815592
2118.406087	-17.879003
2119.904063	-17.942976
2121.404158	-18.007804
2122.906378	-18.073871
2124.410727	-18.141395
2125.917210	-18.210303
2127.425831	-18.280298
2128.936594	-18.350985
2130.449505	-18.422071
2131.964567	-18.493508
2133.481786	-18.565455
2135.001166	-18.638108
2136.522711	-18.711565
2138.046427	-18.785760
2139.572317	-18.860479
2141.100388	-18.935520
2142.630642	-19.010815
2144.163085	-19.086500
2145.697722	-19.162781
2147.234558	-19.239827
2148.773596	-19.317698
2150.314842	-19.396337
2151.858301	-19.475644
2153.403977	-19.555520
2154.951875	-19.635898
2156.502000	-19.716616
2158.054357	-19.797479
2159.608950	-19.878271
2161.165785	-19.958933
2162.724866	-20.039567
2164.286198	-20.120306
2165.849786	-20.201160
2167.415635	-20.281931
2168.983749	-20.362277
2170.554134	-20.441918
2172.126795	-20.520851
2173.701737	-20.599288
2175.278964	-20.677505
2176.858481	-20.755595
2178.440294	-20.833355
2180.024408	-20.910477
2181.610827	-20.986820
2183.199557	-21.062616
2184.790602	-21.138402
2186.383968	-21.214719
2187.979660	-21.291816
2189.577683	-21.369500
2191.178041	-21.447438
2192.780741	-21.525427
2194.385787	-21.603642
2195.993185	-21.682496
2197.602939	-21.762356
2199.215054	-21.843330
2200.829537	-21.925181
2202.446392	-22.007659
2204.065624	-22.090664
2205.687239	-22.174461
2207.311242	-22.259565
2208.937638	-22.346475
2210.566433	-22.435425
2212.197631	-22.526263
2213.831239	-22.618633
2215.467261	-22.712235
2217.105703	-22.807034
2218.746570	-22.903321
2220.389867	-23.001347
2222.035601	-23.101079
2223.683776	-23.202220
2225.334398	-23.304499
2226.987472	-23.407873
2228.643004	-23.512639
2230.300999	-23.619000
2231.961463	-23.726851
2233.624402	-23.835656
2235.289820	-23.944865
2236.957723	-24.054118
2238.628118	-24.163458
2240.301009	-24.273207
2241.976402	-24.383471
2243.654303	-24.494157
2245.334717	-24.604854
2247.017650	-24.715205
2248.703108	-24.825163
2250.391096	-24.934783
2252.081620	-25.043943
2253.774686	-25.152200
2255.470300	-25.258928
2257.168467	-25.363575
2258.869193	-25.466034
2260.572484	-25.566469
2262.278345	-25.665102
2263.986783	-25.762245
2265.697804	-25.857943
2267.411412	-25.952133
2269.127615	-26.044691
2270.846417	-26.135659
2272.567826	-26.225627
2274.291846	-26.315535
2276.018484	-26.406079
2277.747745	-26.497092
2279.479637	-26.587732
2281.214164	-26.677192
2282.951333	-26.765708
2284.691149	-26.854757
2286.433619	-26.946269
2288.178750	-27.041362
2289.926546	-27.139826
2291.677014	-27.240513
2293.430161	-27.342513
2295.185992	-27.445935
2296.944513	-27.551666
2298.705732	-27.660303
2300.469653	-27.771460
2302.236283	-27.884288
2304.005629	-27.998186
2305.777696	-28.113373
2307.552492	-28.230128
2309.330022	-28.348528
2311.110292	-28.468314
2312.893310	-28.589591
2314.679080	-28.712885
2316.467611	-28.838693
2318.258907	-28.967290
2320.052976	-29.098837
2321.849824	-29.233410
2323.649457	-29.370720
2325.451883	-29.509719
2327.257106	-29.649466
2329.065135	-29.789930
2330.875975	-29.932182
2332.689633	-30.077307
2334.506116	-30.224758
2336.325430	-30.372204
2338.147581	-30.517162
2339.972578	-30.659476
2341.800425	-30.801503
2343.631130	-30.946221
2345.464700	-31.094205
2347.301141	-31.242539
2349.140461	-31.387081
2350.982665	-31.526029
2352.827760	-31.660813
2354.675754	-31.793846
2356.526653	-31.924773
2358.380464	-32.050237
2360.237195	-32.166934
2362.096851	-32.274479
2363.959440	-32.375073
2365.824968	-32.470859
2367.693444	-32.561919
2369.564873	-32.647590
2371.439263	-32.728300
2373.316620	-32.806133
2375.196953	-32.883035
2377.080267	-32.959964
2378.966570	-33.037082
2380.855869	-33.115268
2382.748171	-33.195508
2384.643484	-33.278232
2386.541815	-33.363524
2388.443170	-33.452901
2390.347557	-33.548933
2392.254984	-33.652776
2394.165457	-33.762146
2396.078984	-33.873664
2397.995572	-33.987141
2399.915229	-34.106513
2401.837961	-34.235040
2403.763777	-34.370751
2405.692684	-34.508135
2407.624689	-34.644880
2409.559800	-34.785685
2411.498023	-34.937422
2413.439368	-35.101625
2415.383840	-35.273023
2417.331449	-35.446184
2419.282201	-35.621446
2421.236104	-35.802728
2423.193165	-35.991481
2425.153393	-36.185511
2427.116795	-36.383901
2429.083378	-36.590078
2431.053151	-36.806139
2433.026121	-37.027494
2435.002297	-37.245839
2436.981685	-37.459067
2438.964293	-37.673544
2440.950131	-37.895071
2442.939204	-38.118642
2444.931522	-38.331764
2446.927092	-38.529239
2448.925923	-38.720751
2450.928022	-38.918735
2452.933397	-39.119526
2454.942056	-39.303706
2456.954008	-39.457560
2458.969260	-39.588077
2460.987821	-39.709478
2463.009699	-39.820315
2465.034902	-39.905152
2467.063437	-39.957546
2469.095315	-39.991835
2471.130542	-40.026191
2473.169127	-40.063398
2475.211078	-40.092460
2477.256404	-40.107164
2479.305112	-40.115784
2481.357212	-40.133494
2483.412713	-40.167272
2485.471621	-40.210911
2487.533946	-40.254238
2489.599696	-40.297139
2491.668880	-40.353956
2493.741507	-40.440795
2495.817585	-40.557349
2497.897122	-40.683106
2499.980127	-40.796054
2502.066609	-40.897409
2504.156578	-41.009070
2506.250040	-41.144628
2508.347006	-41.292325
2510.447483	-41.435052
2512.551482	-41.578803
2514.659010	-41.744883
2516.770076	-41.936928
2518.884690	-42.130667
2521.002861	-42.306342
2523.124597	-42.479134
2525.249907	-42.684268
2527.378801	-42.933166
2529.511287	-43.198139
2531.647375	-43.446933
2533.787074	-43.687017
2535.930393	-43.958285
2538.077340	-44.279833
2540.227927	-44.624773
2542.382160	-44.955837
2544.540051	-45.273632
2546.701608	-45.608276
2548.866840	-45.972166
2551.035757	-46.347262
2553.208369	-46.715417
2555.384684	-47.077841
2557.564713	-47.436319
2559.748465	-47.773006
2561.935948	-48.071080
2564.127174	-48.340290
2566.322152	-48.600128
2568.520890	-48.843383
2570.723399	-49.034545
2572.929689	-49.135338
2575.139769	-49.131784
2577.353649	-49.055685
2579.571340	-48.967123
2581.792849	-48.886285
2584.018189	-48.767344
2586.247368	-48.583736
2588.480396	-48.405393
2590.717284	-48.317422
2592.958041	-48.303542
2595.202678	-48.278339
2597.451204	-48.227148
2599.703630	-48.222061
2601.959966	-48.286282
2604.220222	-48.347209
2606.484408	-48.365509
2608.752535	-48.413653
2611.024612	-48.550867
2613.300651	-48.712703
2615.580661	-48.802560
2617.864653	-48.838218
2620.152638	-48.904559
2622.444625	-49.018056
2624.740626	-49.127454
2627.040651	-49.202279
2629.344710	-49.262992
2631.652814	-49.344169
2633.964974	-49.461158
2636.281200	-49.599627
2638.601504	-49.737216
2640.925896	-49.889343
2643.254386	-50.105127
2645.586987	-50.396768
2647.923707	-50.713789
2650.264559	-51.022808
2652.609554	-51.368499
2654.958702	-51.796701
2657.312015	-52.265622
2659.669503	-52.719768
2662.031178	-53.212576
2664.397051	-53.826130
2666.767132	-54.507155
2669.141434	-55.141940
2671.519968	-55.770692
2673.902745	-56.511573
2676.289776	-57.326602
2678.681072	-58.106760
2681.076646	-58.902025
2683.476508	-59.734807
2685.880671	-60.322966
2688.289145	-60.469978
2690.701942	-60.443586
2693.119075	-60.417300
2695.540554	-60.188084
2697.966391	-59.690302
2700.396599	-59.215374
2702.831189	-58.947158
2705.270172	-58.768685
2707.713561	-58.539215
2710.161368	-58.331346
2712.613605	-58.271086
2715.070283	-58.325151
2717.531416	-58.363736
2719.997014	-58.348794
2722.467090	-58.360238
2724.941657	-58.431804
2727.420726	-58.467288
2729.904310	-58.400549
2732.392421	-58.328358
2734.885072	-58.299743
2737.382275	-58.171724
2739.884042	-57.888353
2742.390387	-57.640036
2744.901321	-57.547546
2747.416857	-57.493155
2749.937008	-57.334557
2752.461787	-57.113188
2754.991206	-56.960944
2757.525279	-56.938839
2760.064017	-57.006744
2762.607434	-57.095715
2765.155544	-57.205448
2767.708358	-57.386177
2770.265890	-57.629368
2772.828153	-57.868499
2775.395160	-58.104823
2777.966924	-58.422654
2780.543459	-58.856778
2783.124778	-59.328629
2785.710894	-59.766065
2788.301821	-60.249237
2790.897572	-60.950541
2793.498160	-61.927530
2796.103599	-63.026851
2798.713903	-64.121226
2801.329085	-65.395257
2803.949159	-66.954786
2806.574139	-68.396983
2809.204038	-69.709943
2811.838871	-71.451452
2814.478650	-72.278546
2817.123391	-71.004125
2819.773107	-70.000364
2822.427812	-69.806988
2825.087521	-69.469004
2827.752247	-68.732493
2830.422005	-68.342025
2833.096808	-68.678549
2835.776672	-69.359679
2838.461611	-69.811471
2841.151638	-70.559101
2843.846769	-72.406591
2846.547019	-73.953667
2849.252401	-73.422554
2851.962930	-73.779640
2854.678621	-75.999497
2857.399489	-75.988186
2860.125549	-73.733764
2862.856815	-72.486094
2865.593302	-71.253147
2868.335026	-69.726631
2871.082002	-68.748493
2873.834244	-68.086088
2876.591767	-67.082240
2879.354588	-66.166465
2882.122721	-65.996718
2884.896181	-66.380468
2887.674984	-66.270067
2890.459146	-65.475877
2893.248681	-65.143712
2896.043606	-65.539765
2898.843937	-65.663020
2901.649687	-65.309964
2904.460875	-65.470225
2907.277515	-65.851608
2910.099623	-65.499500
2912.927215	-65.343909
2915.760308	-66.350269
2918.598916	-67.563689
2921.443057	-67.390021
2924.292747	-67.330623
2927.148002	-68.908553
2930.008837	-71.780954
2932.875270	-73.657651
2935.747318	-75.134305
2938.624995	-77.953208
2941.508320	-78.066130
2944.397308	-78.695374
2947.291977	-82.380996
2950.192343	-76.279705
2953.098423	-73.074945
2956.010234	-73.521364
2958.927792	-74.477832
2961.851116	-73.341680
2964.780221	-73.298445
2967.715126	-74.239869
2970.655847	-73.322874
2973.602402	-72.900320
2976.554808	-75.614963
2979.513083	-80.437908
2982.477243	-76.957391
2985.447308	-75.407933
2988.423293	-78.033134
2991.405218	-84.753192
2994.393099	-87.044192
2997.386955	-87.638241
