# 2022-03-22_08.56.08
# shape = sech2
# FWHM_ps = 0.11
# carrier_nm = 1542
# frep_MHz = 12126
# pow_mW = 8000
# GDD = 0.0
# propa_len = 0.10488888888888889
# untap_len = 0.01
# taper_len = 0.04488888888888889
# waist_len = 0.02
# uptap_len = 0.02
# untap_scale = 1.0
# waist_scale = 0.22631578947368425
# workingDir = NL_20110305_12 (Spirou)
# axis = slow
# window_ps = 10.0
# steps = 200
# points = 21700
# 
# wavelength [nm]	 power spectral density [dB]
600.043425	-78.899181
600.163550	-78.685362
600.283723	-78.545801
600.403943	-78.457882
600.524212	-78.392996
600.644529	-78.334256
600.764895	-78.262079
600.885308	-78.164242
601.005770	-78.054132
601.126280	-77.945682
601.246839	-77.860622
601.367446	-77.826639
601.488101	-77.863636
601.608804	-77.977147
601.729557	-78.162954
601.850357	-78.399827
601.971206	-78.665064
602.092104	-78.936236
602.213050	-79.195482
602.334045	-79.433368
602.455089	-79.653882
602.576181	-79.871444
602.697322	-80.110589
602.818511	-80.396039
602.939749	-80.741025
603.061036	-81.155880
603.182372	-81.619345
603.303757	-82.088444
603.425191	-82.494011
603.546673	-82.758735
603.668204	-82.833700
603.789785	-82.727555
603.911414	-82.499410
604.033092	-82.210031
604.154820	-81.910246
604.276596	-81.634557
604.398422	-81.380287
604.520297	-81.130205
604.642220	-80.862372
604.764193	-80.552531
604.886216	-80.186700
605.008287	-79.770212
605.130408	-79.327227
605.252578	-78.886562
605.374798	-78.479712
605.497066	-78.131825
605.619385	-77.852875
605.741752	-77.641555
605.864169	-77.490036
605.986636	-77.381334
606.109152	-77.293004
606.231718	-77.211235
606.354333	-77.122339
606.476998	-77.023515
606.599712	-76.922765
606.722476	-76.832580
606.845290	-76.769502
606.968154	-76.756390
607.091067	-76.808517
607.214030	-76.931031
607.337043	-77.120959
607.460106	-77.371330
607.583219	-77.661084
607.706381	-77.964627
607.829594	-78.251571
607.952856	-78.508441
608.076169	-78.733816
608.199531	-78.952161
608.322944	-79.195201
608.446407	-79.489683
608.569920	-79.859041
608.693483	-80.309170
608.817096	-80.824552
608.940759	-81.357849
609.064473	-81.835245
609.188237	-82.161138
609.312051	-82.260499
609.435916	-82.135555
609.559831	-81.851438
609.683796	-81.496296
609.807812	-81.141739
609.931878	-80.818462
610.055995	-80.511133
610.180162	-80.185321
610.304380	-79.810254
610.428648	-79.370606
610.552967	-78.870911
610.677337	-78.345827
610.801757	-77.827325
610.926228	-77.352894
611.050750	-76.944430
611.175323	-76.614090
611.299946	-76.361912
611.424620	-76.181761
611.549345	-76.056295
611.674121	-75.965652
611.798948	-75.887689
611.923826	-75.813509
612.048755	-75.738918
612.173734	-75.671717
612.298765	-75.628940
612.423847	-75.620128
612.548980	-75.654115
612.674165	-75.739695
612.799400	-75.870769
612.924687	-76.048463
613.050025	-76.267428
613.175414	-76.517663
613.300854	-76.789768
613.426346	-77.079402
613.551889	-77.384495
613.677484	-77.698574
613.803130	-78.030164
613.928827	-78.390941
614.054576	-78.771314
614.180377	-79.168738
614.306229	-79.567054
614.432132	-79.945867
614.558087	-80.294936
614.684094	-80.592739
614.810153	-80.822488
614.936263	-80.964273
615.062425	-80.995293
615.188639	-80.885620
615.314904	-80.625299
615.441222	-80.235281
615.567591	-79.760017
615.694012	-79.244311
615.820486	-78.735188
615.947011	-78.260163
616.073588	-77.831180
616.200217	-77.455258
616.326898	-77.116333
616.453632	-76.802050
616.580417	-76.495771
616.707255	-76.190070
616.834144	-75.884301
616.961086	-75.586514
617.088081	-75.319512
617.215127	-75.100652
617.342226	-74.938951
617.469378	-74.845655
617.596581	-74.817502
617.723837	-74.846172
617.851146	-74.917382
617.978507	-75.015924
618.105920	-75.128090
618.233386	-75.248113
618.360905	-75.374476
618.488476	-75.516391
618.616100	-75.686353
618.743777	-75.898462
618.871506	-76.158491
618.999288	-76.467074
619.127123	-76.815001
619.255011	-77.181380
619.382951	-77.551971
619.510945	-77.911544
619.638991	-78.245687
619.767090	-78.555325
619.895243	-78.821387
620.023448	-79.042029
620.151706	-79.201426
620.280017	-79.276080
620.408382	-79.255632
620.536799	-79.137182
620.665270	-78.936485
620.793794	-78.680389
620.922371	-78.400884
621.051002	-78.116914
621.179686	-77.831201
621.308423	-77.533408
621.437213	-77.208779
621.566057	-76.845985
621.694954	-76.446799
621.823905	-76.031650
621.952909	-75.635874
622.081967	-75.286882
622.211079	-75.006505
622.340244	-74.803597
622.469462	-74.672194
622.598735	-74.598554
622.728061	-74.566609
622.857441	-74.545088
622.986874	-74.521429
623.116361	-74.487896
623.245903	-74.452226
623.375498	-74.442397
623.505147	-74.479414
623.634850	-74.584166
623.764606	-74.771599
623.894417	-75.033970
624.024282	-75.356061
624.154201	-75.710513
624.284174	-76.066041
624.414202	-76.408110
624.544283	-76.736036
624.674419	-77.052335
624.804609	-77.369641
624.934853	-77.691389
625.065151	-78.005256
625.195504	-78.276115
625.325911	-78.454652
625.456373	-78.499878
625.586889	-78.406873
625.717460	-78.194973
625.848085	-77.919971
625.978764	-77.627295
626.109498	-77.346435
626.240287	-77.068700
626.371131	-76.769450
626.502029	-76.423866
626.632982	-76.026834
626.763989	-75.597251
626.895052	-75.173162
627.026169	-74.792980
627.157341	-74.483384
627.288568	-74.252119
627.419850	-74.095533
627.551187	-73.996609
627.682579	-73.927831
627.814026	-73.866414
627.945528	-73.794558
628.077085	-73.713483
628.208697	-73.635459
628.340364	-73.582690
628.472087	-73.587223
628.603865	-73.665705
628.735698	-73.829203
628.867586	-74.069817
628.999530	-74.364281
629.131529	-74.685956
629.263584	-75.017473
629.395694	-75.349501
629.527859	-75.693065
629.660080	-76.067312
629.792357	-76.484635
629.924689	-76.938319
630.057077	-77.389485
630.189520	-77.773480
630.322019	-78.021697
630.454574	-78.084371
630.587184	-77.964349
630.719851	-77.715261
630.852573	-77.412379
630.985351	-77.102258
631.118185	-76.795323
631.251075	-76.476558
631.384021	-76.114227
631.517023	-75.682246
631.650081	-75.195866
631.783195	-74.692755
631.916365	-74.223754
632.049592	-73.829933
632.182874	-73.527773
632.316213	-73.317175
632.449608	-73.179887
632.583059	-73.091924
632.716567	-73.024668
632.850131	-72.964810
632.983751	-72.910607
633.117428	-72.871309
633.251161	-72.860749
633.384951	-72.896067
633.518797	-72.985449
633.652700	-73.138038
633.786660	-73.342918
633.920676	-73.585616
634.054749	-73.846591
634.188879	-74.114872
634.323065	-74.393149
634.457308	-74.695565
634.591608	-75.053692
634.725965	-75.484150
634.860379	-75.981692
634.994850	-76.497290
635.129377	-76.956753
635.263962	-77.271729
635.398604	-77.386654
635.533303	-77.317809
635.668058	-77.119188
635.802872	-76.850219
635.937742	-76.535769
636.072669	-76.184389
636.207654	-75.791461
636.342696	-75.356145
636.477796	-74.887152
636.612953	-74.401261
636.748167	-73.927944
636.883439	-73.491767
637.018768	-73.114074
637.154155	-72.802789
637.289599	-72.556960
637.425101	-72.362066
637.560660	-72.206066
637.696277	-72.077659
637.831952	-71.984606
637.967685	-71.934818
638.103475	-71.938573
638.239324	-72.004145
638.375230	-72.125513
638.511194	-72.291776
638.647215	-72.488006
638.783295	-72.701592
638.919433	-72.929587
639.055629	-73.171742
639.191883	-73.440810
639.328195	-73.741532
639.464565	-74.085585
639.600994	-74.469421
639.737481	-74.883048
639.874025	-75.303275
640.010629	-75.690129
640.147290	-76.002913
640.284010	-76.211798
640.420789	-76.300270
640.557625	-76.263283
640.694521	-76.098403
640.831474	-75.805763
640.968487	-75.404842
641.105558	-74.930275
641.242687	-74.427608
641.379876	-73.937255
641.517123	-73.490017
641.654429	-73.094051
641.791793	-72.743631
641.929216	-72.430047
642.066699	-72.146580
642.204240	-71.891119
642.341840	-71.664570
642.479499	-71.477206
642.617217	-71.337337
642.754994	-71.252428
642.892830	-71.221521
643.030726	-71.241089
643.168680	-71.299935
643.306694	-71.395426
643.444767	-71.521097
643.582899	-71.685313
643.721091	-71.896606
643.859342	-72.165343
643.997652	-72.493338
644.136022	-72.868454
644.274451	-73.265084
644.412940	-73.642578
644.551488	-73.970413
644.690096	-74.231880
644.828763	-74.428177
644.967490	-74.574912
645.106277	-74.677253
645.245124	-74.727811
645.384030	-74.696852
645.522997	-74.558966
645.662023	-74.317277
645.801109	-73.986247
645.940255	-73.605263
646.079460	-73.209657
646.218726	-72.827121
646.358052	-72.462385
646.497438	-72.109897
646.636884	-71.767617
646.776391	-71.440519
646.915957	-71.135635
647.055584	-70.875043
647.195271	-70.679655
647.335019	-70.562549
647.474826	-70.521803
647.614695	-70.543743
647.754623	-70.608268
647.894612	-70.690211
648.034662	-70.778176
648.174772	-70.874824
648.314943	-70.992302
648.455174	-71.144730
648.595466	-71.342321
648.735819	-71.577703
648.876233	-71.832098
649.016707	-72.079890
649.157242	-72.302809
649.297838	-72.496889
649.438495	-72.666883
649.579213	-72.824299
649.719992	-72.971973
649.860832	-73.091239
650.001733	-73.143803
650.142695	-73.085750
650.283718	-72.899959
650.424803	-72.607712
650.565949	-72.252614
650.707156	-71.890392
650.848424	-71.552370
650.989754	-71.252019
651.131145	-70.979989
651.272597	-70.725415
651.414111	-70.483917
651.555687	-70.262954
651.697324	-70.080058
651.839022	-69.949340
651.980782	-69.876635
652.122604	-69.854260
652.264488	-69.869539
652.406433	-69.902736
652.548441	-69.942890
652.690510	-69.987955
652.832640	-70.044854
652.974833	-70.129123
653.117088	-70.250373
653.259405	-70.410341
653.401784	-70.599775
653.544224	-70.790093
653.686727	-70.956382
653.829293	-71.075252
653.971920	-71.141095
654.114609	-71.162990
654.257361	-71.152944
654.400175	-71.114096
654.543052	-71.039952
654.685991	-70.920702
654.828992	-70.750174
654.972056	-70.544003
655.115183	-70.324823
655.258372	-70.116913
655.401623	-69.936288
655.544937	-69.788893
655.688314	-69.668461
655.831754	-69.566387
655.975256	-69.475861
656.118822	-69.395263
656.262450	-69.325757
656.406141	-69.271002
656.549894	-69.234336
656.693711	-69.219858
656.837591	-69.225971
656.981534	-69.250962
657.125540	-69.294963
657.269610	-69.354880
657.413742	-69.426373
657.557938	-69.505177
657.702196	-69.586216
657.846519	-69.658898
657.990904	-69.715504
658.135353	-69.738040
658.279866	-69.708889
658.424441	-69.619068
658.569081	-69.470424
658.713784	-69.274721
658.858550	-69.050678
659.003381	-68.819526
659.148274	-68.594962
659.293232	-68.390696
659.438253	-68.217801
659.583339	-68.080449
659.728488	-67.978709
659.873701	-67.907860
660.018978	-67.866300
660.164318	-67.853806
660.309723	-67.875964
660.455192	-67.936533
660.600725	-68.033454
660.746323	-68.156418
660.891984	-68.296343
661.037710	-68.436664
661.183500	-68.568545
661.329354	-68.691545
661.475272	-68.805164
661.621255	-68.911791
661.767303	-69.007648
661.913415	-69.079477
662.059591	-69.105149
662.205833	-69.067910
662.352138	-68.956318
662.498509	-68.772983
662.644944	-68.536678
662.791443	-68.262675
662.938008	-67.963504
663.084638	-67.646324
663.231332	-67.314890
663.378091	-66.981437
663.524915	-66.659999
663.671804	-66.372352
663.818759	-66.135108
663.965778	-65.959601
664.112863	-65.847549
664.260012	-65.797631
664.407227	-65.801442
664.554507	-65.854693
664.701853	-65.953461
664.849264	-66.103168
664.996740	-66.306582
665.144282	-66.562889
665.291889	-66.862479
665.439561	-67.192538
665.587300	-67.531318
665.735103	-67.858270
665.882973	-68.156109
666.030908	-68.403164
666.178909	-68.578709
666.326976	-68.660006
666.475109	-68.623896
666.623307	-68.455831
666.771571	-68.159493
666.919902	-67.755801
667.068298	-67.287405
667.216761	-66.794175
667.365289	-66.309976
667.513884	-65.852732
667.662545	-65.434242
667.811272	-65.061924
667.960065	-64.741205
668.108925	-64.477441
668.257851	-64.277480
668.406843	-64.143235
668.555902	-64.076076
668.705027	-64.076082
668.854219	-64.140497
669.003478	-64.269112
669.152803	-64.460930
669.302195	-64.714728
669.451653	-65.026866
669.601179	-65.389856
669.750771	-65.795039
669.900430	-66.228257
670.050156	-66.668218
670.199949	-67.084879
670.349808	-67.435561
670.499735	-67.668800
670.649729	-67.744644
670.799790	-67.640039
670.949918	-67.368006
671.100114	-66.965448
671.250377	-66.472745
671.400707	-65.931358
671.551104	-65.375157
671.701569	-64.832273
671.852101	-64.326612
672.002700	-63.876842
672.153368	-63.494313
672.304102	-63.184685
672.454905	-62.949532
672.605775	-62.787083
672.756713	-62.697413
672.907718	-62.680398
673.058791	-62.739368
673.209933	-62.874519
673.361142	-63.089342
673.512419	-63.379061
673.663764	-63.738287
673.815177	-64.152990
673.966658	-64.603819
674.118207	-65.065640
674.269825	-65.510991
674.421510	-65.907700
674.573264	-66.217794
674.725086	-66.396514
674.876977	-66.406331
675.028936	-66.231292
675.180963	-65.892516
675.333059	-65.440435
675.485224	-64.930247
675.637457	-64.404379
675.789758	-63.890303
675.942129	-63.404251
676.094568	-62.958931
676.247075	-62.566277
676.399652	-62.235953
676.552298	-61.976155
676.705012	-61.792049
676.857795	-61.688232
677.010648	-61.663568
677.163569	-61.715602
677.316560	-61.840112
677.469619	-62.035760
677.622748	-62.303604
677.775946	-62.643799
677.929214	-63.048288
678.082551	-63.495423
678.235957	-63.950026
678.389432	-64.368600
678.542977	-64.701880
678.696592	-64.907537
678.850276	-64.960871
679.004030	-64.856524
679.157853	-64.609063
679.311746	-64.247949
679.465709	-63.814414
679.619742	-63.353413
679.773844	-62.903535
679.928017	-62.487843
680.082259	-62.118615
680.236571	-61.797529
680.390954	-61.526558
680.545406	-61.308013
680.699929	-61.146016
680.854522	-61.045726
681.009185	-61.012056
681.163918	-61.046280
681.318722	-61.147014
681.473596	-61.309444
681.628540	-61.525946
681.783555	-61.790679
681.938641	-62.095000
682.093797	-62.423555
682.249023	-62.753767
682.404321	-63.052158
682.559689	-63.281954
682.715128	-63.412333
682.870637	-63.421422
683.026218	-63.306582
683.181869	-63.080431
683.337591	-62.770117
683.493385	-62.409596
683.649249	-62.034130
683.805185	-61.672911
683.961191	-61.348086
684.117269	-61.071743
684.273418	-60.849599
684.429639	-60.682072
684.585930	-60.569500
684.742294	-60.511859
684.898728	-60.509510
685.055234	-60.558031
685.211812	-60.650796
685.368461	-60.777513
685.525182	-60.929782
685.681975	-61.099567
685.838839	-61.281175
685.995775	-61.465052
686.152783	-61.636282
686.309863	-61.775699
686.467014	-61.862196
686.624238	-61.885490
686.781534	-61.846449
686.938902	-61.753052
687.096342	-61.610999
687.253854	-61.425571
687.411438	-61.204263
687.569095	-60.963019
687.726824	-60.724166
687.884626	-60.510086
688.042499	-60.335571
688.200446	-60.207626
688.358465	-60.123606
688.516556	-60.076875
688.674720	-60.063970
688.832957	-60.085269
688.991266	-60.143661
689.149649	-60.237081
689.308104	-60.353288
689.466632	-60.473506
689.625233	-60.580290
689.783906	-60.662697
689.942653	-60.719485
690.101473	-60.747906
690.260367	-60.742174
690.419333	-60.694303
690.578372	-60.597503
690.737485	-60.460487
690.896672	-60.301088
691.055931	-60.142332
691.215264	-60.001742
691.374671	-59.884439
691.534151	-59.790912
691.693704	-59.722333
691.853332	-59.681907
692.013033	-59.676844
692.172807	-59.706004
692.332656	-59.762387
692.492578	-59.829692
692.652575	-59.890627
692.812645	-59.938116
692.972789	-59.975244
693.133007	-60.003964
693.293300	-60.020479
693.453666	-60.013675
693.614107	-59.974228
693.774622	-59.903666
693.935211	-59.810350
694.095875	-59.703759
694.256613	-59.587459
694.417426	-59.460663
694.578313	-59.324789
694.739274	-59.188277
694.900311	-59.068115
695.061421	-58.980526
695.222607	-58.933601
695.383868	-58.928372
695.545203	-58.958786
695.706613	-59.019626
695.868098	-59.106752
696.029658	-59.219826
696.191293	-59.356562
696.353003	-59.500885
696.514789	-59.625251
696.676649	-59.698554
696.838585	-59.706522
697.000596	-59.657960
697.162682	-59.567549
697.324844	-59.448509
697.487081	-59.302220
697.649394	-59.128926
697.811782	-58.937397
697.974246	-58.747697
698.136786	-58.582838
698.299401	-58.454531
698.462092	-58.359706
698.624859	-58.292574
698.787702	-58.252637
698.950621	-58.248857
699.113616	-58.293547
699.276686	-58.388767
699.439833	-58.524121
699.603056	-58.678847
699.766355	-58.832412
699.929731	-58.973728
700.093183	-59.096014
700.256711	-59.190690
700.420315	-59.240804
700.583996	-59.226502
700.747754	-59.139162
700.911588	-58.990278
701.075499	-58.808587
701.239486	-58.618573
701.403550	-58.436485
701.567691	-58.265314
701.731909	-58.109772
701.896203	-57.980409
702.060575	-57.888152
702.225024	-57.840074
702.389549	-57.832839
702.554152	-57.858232
702.718832	-57.910417
702.883589	-57.986590
703.048424	-58.086603
703.213335	-58.205308
703.378324	-58.329721
703.543391	-58.442347
703.708535	-58.528712
703.873757	-58.581713
704.039056	-58.600541
704.204433	-58.584602
704.369887	-58.530629
704.535420	-58.436196
704.701030	-58.308383
704.866718	-58.161676
705.032484	-58.014452
705.198328	-57.881267
705.364250	-57.768790
705.530250	-57.681132
705.696328	-57.622404
705.862485	-57.598176
706.028720	-57.609482
706.195033	-57.653166
706.361424	-57.719300
706.527894	-57.796898
706.694442	-57.876413
706.861069	-57.951334
707.027775	-58.014793
707.194559	-58.055534
707.361422	-58.063671
707.528363	-58.035737
707.695384	-57.977181
707.862483	-57.902160
708.029661	-57.822356
708.196918	-57.745604
708.364254	-57.677411
708.531670	-57.621074
708.699164	-57.582795
708.866738	-57.567958
709.034391	-57.579178
709.202123	-57.610197
709.369935	-57.648841
709.537826	-57.685710
709.705796	-57.715866
709.873847	-57.737148
710.041976	-57.745235
710.210186	-57.735029
710.378475	-57.705264
710.546844	-57.659381
710.715292	-57.603190
710.883821	-57.541911
711.052429	-57.476993
711.221118	-57.409716
711.389887	-57.346688
711.558735	-57.297281
711.727664	-57.271371
711.896673	-57.273410
712.065763	-57.303131
712.234932	-57.358523
712.404183	-57.437157
712.573513	-57.534762
712.742924	-57.639569
712.912416	-57.732971
713.081988	-57.795093
713.251641	-57.812860
713.421375	-57.785425
713.591190	-57.719914
713.761085	-57.623428
713.931061	-57.504116
714.101119	-57.376865
714.271257	-57.258145
714.441476	-57.161152
714.611777	-57.088708
714.782159	-57.039371
714.952622	-57.008211
715.123166	-57.000258
715.293792	-57.025028
715.464499	-57.089609
715.635288	-57.189785
715.806158	-57.312475
715.977110	-57.445028
716.148143	-57.578890
716.319259	-57.707467
716.490456	-57.814273
716.661735	-57.873924
716.833096	-57.862918
717.004538	-57.781092
717.176063	-57.647721
717.347670	-57.490446
717.519359	-57.329109
717.691130	-57.173709
717.862984	-57.031934
718.034920	-56.921273
718.206938	-56.862481
718.379039	-56.865935
718.551222	-56.920885
718.723488	-57.006591
718.895836	-57.109593
719.068267	-57.231215
719.240781	-57.379739
719.413377	-57.548400
719.586057	-57.705253
719.758819	-57.811148
719.931664	-57.847818
720.104593	-57.827761
720.277604	-57.769696
720.450699	-57.676834
720.623876	-57.545011
720.797137	-57.383887
720.970482	-57.222752
721.143910	-57.096637
721.317421	-57.025195
721.491016	-57.005395
721.664694	-57.020519
721.838456	-57.063474
722.012302	-57.140658
722.186231	-57.257935
722.360244	-57.404590
722.534342	-57.552303
722.708523	-57.671063
722.882788	-57.749059
723.057137	-57.793308
723.231570	-57.809951
723.406088	-57.790393
723.580689	-57.724863
723.755375	-57.622786
723.930146	-57.512430
724.105000	-57.423441
724.279940	-57.369527
724.454963	-57.344035
724.630072	-57.338685
724.805265	-57.357161
724.980543	-57.407614
725.155905	-57.488181
725.331353	-57.578209
725.506885	-57.655762
725.682503	-57.707356
725.858205	-57.742955
726.033993	-57.775706
726.209865	-57.804319
726.385823	-57.813548
726.561866	-57.795057
726.737995	-57.757773
726.914209	-57.723264
727.090508	-57.708408
727.266893	-57.713254
727.443364	-57.728327
727.619920	-57.750576
727.796562	-57.794403
727.973290	-57.868991
728.150103	-57.962546
728.327003	-58.043368
728.503988	-58.087552
728.681060	-58.091957
728.858218	-58.071493
729.035461	-58.031384
729.212791	-57.968567
729.390208	-57.890481
729.567710	-57.821752
729.745299	-57.790926
729.922975	-57.812400
730.100737	-57.878672
730.278586	-57.971133
730.456521	-58.081164
730.634543	-58.212772
730.812652	-58.368773
730.990848	-58.536677
731.169130	-58.686073
731.347500	-58.784681
731.525957	-58.816178
731.704500	-58.784937
731.883131	-58.698028
732.061850	-58.558001
732.240655	-58.377642
732.419548	-58.187836
732.598528	-58.027062
732.777596	-57.927389
732.956751	-57.900659
733.135994	-57.948275
733.315325	-58.074376
733.494744	-58.287203
733.674250	-58.582040
733.853844	-58.935211
734.033526	-59.295828
734.213296	-59.603455
734.393154	-59.811674
734.573101	-59.893771
734.753135	-59.833887
734.933258	-59.635145
735.113469	-59.330729
735.293769	-58.981787
735.474157	-58.656017
735.654633	-58.400025
735.835198	-58.234086
736.015852	-58.169600
736.196594	-58.220195
736.377426	-58.399922
736.558346	-58.714760
736.739355	-59.151118
736.920453	-59.672654
737.101640	-60.222481
737.282916	-60.727964
737.464282	-61.092943
737.645736	-61.221291
737.827280	-61.068409
738.008914	-60.683590
738.190637	-60.180119
738.372449	-59.668418
738.554351	-59.221687
738.736342	-58.885000
738.918424	-58.688503
739.100595	-58.652806
739.282855	-58.789081
739.465206	-59.099006
739.647647	-59.573361
739.830178	-60.192840
740.012799	-60.916300
740.195510	-61.653152
740.378311	-62.253721
740.561203	-62.560127
740.744185	-62.490128
740.927258	-62.097880
741.110421	-61.523310
741.293674	-60.910723
741.477018	-60.364459
741.660453	-59.945296
741.843979	-59.684571
742.027596	-59.603402
742.211303	-59.717010
742.395102	-60.038244
742.578991	-60.569943
742.762972	-61.293599
742.947044	-62.157513
743.131207	-63.050931
743.315461	-63.770144
743.499807	-64.079978
743.684244	-63.885823
743.868773	-63.331739
744.053394	-62.649353
744.238106	-62.014223
744.422910	-61.516595
744.607805	-61.193486
744.792793	-61.058878
744.977872	-61.126812
745.163044	-61.410499
745.348307	-61.912509
745.533663	-62.622005
745.719111	-63.503627
745.904651	-64.482628
746.090283	-65.395433
746.276008	-65.943037
746.461826	-65.855806
746.647735	-65.225281
746.833738	-64.397509
747.019833	-63.638449
747.206021	-63.068640
747.392302	-62.735903
747.578676	-62.661360
747.765143	-62.863655
747.951703	-63.347117
748.138356	-64.096787
748.325102	-65.088380
748.511941	-66.288840
748.698874	-67.579420
748.885900	-68.632472
749.073019	-68.930880
749.260232	-68.311478
749.447539	-67.224235
749.634939	-66.152880
749.822433	-65.312750
750.010021	-64.760915
750.197703	-64.516271
750.385479	-64.603884
750.573348	-65.057415
750.761312	-65.904490
750.949370	-67.190456
751.137523	-68.998023
751.325769	-71.425041
751.514110	-74.272791
751.702545	-75.616729
751.891075	-73.684296
752.079700	-71.114743
752.268419	-69.162633
752.457233	-67.828627
752.646142	-66.995643
752.835145	-66.611025
753.024244	-66.677981
753.213437	-67.214831
753.402726	-68.246833
753.592110	-69.854099
753.781589	-72.263263
753.971163	-76.058218
754.160833	-82.757965
754.350598	-84.267051
754.540459	-77.377798
754.730415	-73.638763
754.920467	-71.448636
755.110615	-70.146658
755.300858	-69.475979
755.491198	-69.337870
755.681633	-69.699092
755.872164	-70.538735
756.062792	-71.775827
756.253515	-73.133115
756.444335	-73.948135
756.635252	-73.532172
756.826264	-72.192276
757.017373	-70.754260
757.208579	-69.663766
757.399881	-69.033469
757.591280	-68.865499
757.782776	-69.172419
757.974368	-70.039398
758.166058	-71.669042
758.357844	-74.415534
758.549728	-78.657271
758.741708	-80.681691
758.933786	-76.014862
759.125961	-71.954571
759.318233	-69.147363
759.510603	-67.226250
759.703071	-66.002881
759.895635	-65.363374
760.088298	-65.225190
760.281058	-65.554678
760.473916	-66.403510
760.666872	-67.942922
760.859926	-70.506199
761.053078	-74.543775
761.246328	-77.838749
761.439676	-74.014719
761.633122	-69.939165
761.826667	-67.139492
762.020310	-65.191258
762.214052	-63.878679
762.407892	-63.102799
762.601831	-62.795359
762.795868	-62.908490
762.990004	-63.426086
763.184239	-64.375009
763.378573	-65.779245
763.573006	-67.419051
763.767538	-68.357139
763.962169	-67.594574
764.156900	-65.831261
764.351729	-64.076546
764.546658	-62.659206
764.741687	-61.633676
764.936815	-61.010042
765.132042	-60.783525
765.327370	-60.925897
765.522797	-61.391986
765.718324	-62.135858
765.913950	-63.060510
766.109677	-63.885321
766.305504	-64.076643
766.501431	-63.324792
766.697458	-62.032707
766.893586	-60.748661
767.089814	-59.716380
767.286142	-58.999797
767.482571	-58.616868
767.679100	-58.576057
767.875730	-58.871574
768.072461	-59.475226
768.269293	-60.314212
768.466225	-61.208221
768.663259	-61.790848
768.860393	-61.620341
769.057629	-60.666811
769.254966	-59.378594
769.452404	-58.159309
769.649944	-57.198116
769.847585	-56.565843
770.045328	-56.284240
770.243172	-56.358260
770.441118	-56.780616
770.639166	-57.528777
770.837315	-58.532879
771.035567	-59.581471
771.233920	-60.211792
771.432376	-59.928493
771.630934	-58.836703
771.829594	-57.486187
772.028356	-56.268149
772.227220	-55.337841
772.426188	-54.742651
772.625257	-54.498369
772.824430	-54.606840
773.023705	-55.064553
773.223083	-55.858680
773.422563	-56.912762
773.622147	-57.981903
773.821834	-58.562851
774.021624	-58.203677
774.221517	-57.094034
774.421513	-55.791178
774.621613	-54.657442
774.821816	-53.827562
775.022122	-53.336796
775.222532	-53.187809
775.423046	-53.373978
775.623664	-53.883494
775.824385	-54.683495
776.025211	-55.656735
776.226140	-56.501512
776.427173	-56.755220
776.628311	-56.210510
776.829553	-55.171136
777.030899	-54.059365
777.232350	-53.131799
777.433905	-52.492466
777.635564	-52.174121
777.837328	-52.176910
778.039197	-52.482260
778.241171	-53.057644
778.443250	-53.822231
778.645433	-54.585443
778.847722	-55.014197
779.050116	-54.831786
779.252615	-54.121612
779.455219	-53.204340
779.657929	-52.347141
779.860744	-51.696568
780.063665	-51.322175
780.266691	-51.239004
780.469823	-51.425835
780.673061	-51.845810
780.876405	-52.435114
781.079855	-53.058590
781.283410	-53.476736
781.487072	-53.448129
781.690840	-52.959074
781.894715	-52.229461
782.098695	-51.491054
782.302783	-50.892167
782.506976	-50.519163
782.711277	-50.409800
782.915684	-50.550130
783.120198	-50.884882
783.324818	-51.339964
783.529546	-51.810221
783.734381	-52.128505
783.939322	-52.128217
784.144372	-51.783628
784.349528	-51.231685
784.554792	-50.643294
784.760163	-50.140443
784.965642	-49.804940
785.171228	-49.682622
785.376922	-49.774211
785.582724	-50.031961
785.788634	-50.372702
785.994651	-50.699117
786.200777	-50.899950
786.407011	-50.876067
786.613353	-50.615842
786.819804	-50.215429
787.026363	-49.794835
787.233030	-49.431888
787.439806	-49.177340
787.646691	-49.067641
787.853684	-49.107335
788.060786	-49.257910
788.267997	-49.454389
788.475317	-49.631351
788.682746	-49.729782
788.890285	-49.699074
789.097932	-49.531559
789.305689	-49.280819
789.513555	-49.017531
789.721531	-48.786502
789.929617	-48.609721
790.137812	-48.504396
790.346117	-48.473365
790.554531	-48.495985
790.763056	-48.543098
790.971691	-48.589324
791.180436	-48.618198
791.389291	-48.616218
791.598256	-48.570591
791.807332	-48.484694
792.016518	-48.371353
792.225815	-48.235471
792.435222	-48.078215
792.644740	-47.913419
792.854369	-47.765718
793.064109	-47.653726
793.273960	-47.584438
793.483922	-47.566102
793.693995	-47.603068
793.904180	-47.681046
794.114475	-47.769632
794.324882	-47.831699
794.535401	-47.825282
794.746031	-47.717704
794.956774	-47.509084
795.167627	-47.237773
795.378593	-46.966583
795.589671	-46.755151
795.800861	-46.643464
796.012162	-46.649045
796.223577	-46.764003
796.435103	-46.954917
796.646742	-47.159224
796.858493	-47.295256
797.070357	-47.289523
797.282334	-47.112081
797.494423	-46.794998
797.706626	-46.422769
797.918941	-46.094273
798.131369	-45.883689
798.343911	-45.828087
798.556566	-45.928693
798.769334	-46.154388
798.982215	-46.434935
799.195210	-46.665134
799.408319	-46.740370
799.621541	-46.607882
799.834877	-46.294301
800.048327	-45.892233
800.261890	-45.518159
800.475568	-45.264404
800.689360	-45.175361
800.903266	-45.256777
801.117287	-45.477342
801.331422	-45.765515
801.545671	-46.011898
801.760036	-46.102255
801.974514	-45.982179
802.189108	-45.687991
802.403816	-45.314934
802.618640	-44.970851
802.833578	-44.743707
803.048632	-44.680683
803.263800	-44.776793
803.479085	-44.984526
803.694484	-45.224415
803.909999	-45.393759
804.125630	-45.405854
804.341376	-45.243816
804.557239	-44.968622
804.773217	-44.670822
804.989311	-44.430677
805.205521	-44.304524
805.421847	-44.317243
805.638290	-44.446971
805.854849	-44.624126
806.071524	-44.761641
806.288316	-44.784234
806.505225	-44.661348
806.722250	-44.437872
806.939393	-44.200915
807.156652	-44.023126
807.374028	-43.942013
807.591521	-43.965568
807.809132	-44.073945
808.026859	-44.210411
808.244705	-44.291223
808.462667	-44.253491
808.680748	-44.092317
808.898946	-43.856858
809.117261	-43.627602
809.335695	-43.485663
809.554246	-43.472539
809.772916	-43.575125
809.991704	-43.744302
810.210610	-43.904944
810.429634	-43.962495
810.648777	-43.854963
810.868039	-43.604334
811.087419	-43.298206
811.306918	-43.037307
811.526535	-42.898220
811.746272	-42.921401
811.966127	-43.097445
812.186102	-43.356426
812.406196	-43.584513
812.626409	-43.662741
812.846742	-43.521121
813.067194	-43.193991
813.287766	-42.803962
813.508457	-42.486246
813.729269	-42.329194
813.950200	-42.368317
814.171251	-42.590034
814.392422	-42.918854
814.613714	-43.213544
814.835126	-43.315916
815.056658	-43.148550
815.278311	-42.773291
815.500084	-42.337062
815.721978	-41.987908
815.943993	-41.823578
816.166128	-41.877543
816.388385	-42.129279
816.610762	-42.496003
816.833261	-42.818831
817.055881	-42.918156
817.278623	-42.716013
817.501486	-42.301930
817.724471	-41.851149
817.947577	-41.516920
818.170805	-41.389616
818.394155	-41.492420
818.617627	-41.783448
818.841221	-42.157633
819.064937	-42.451558
819.288775	-42.492463
819.512736	-42.228484
819.736819	-41.784577
819.961025	-41.352261
820.185354	-41.075064
820.409805	-41.025196
820.634379	-41.207396
820.859076	-41.554192
821.083897	-41.922743
821.308840	-42.131056
821.533907	-42.047814
821.759097	-41.696204
821.984411	-41.240151
822.209848	-40.861599
822.435409	-40.676357
822.661093	-40.728970
822.886902	-40.995270
823.112834	-41.372696
823.338891	-41.685180
823.565072	-41.756893
823.791377	-41.531366
824.017807	-41.117117
824.244361	-40.695329
824.471039	-40.415375
824.697843	-40.353719
824.924771	-40.512079
825.151824	-40.824395
825.379002	-41.154963
825.606306	-41.328475
825.833734	-41.234349
826.061288	-40.915776
826.288967	-40.523553
826.516772	-40.212715
826.744703	-40.077775
826.972759	-40.143898
827.200941	-40.369130
827.429249	-40.646799
827.657683	-40.830181
827.886243	-40.809808
828.114930	-40.589243
828.343743	-40.278881
828.572682	-40.010599
828.801748	-39.872236
829.030941	-39.889761
829.260260	-40.034905
829.489706	-40.228813
829.719280	-40.357223
829.948980	-40.334434
830.178808	-40.166062
830.408763	-39.938119
830.638845	-39.750837
830.869055	-39.669552
831.099393	-39.703727
831.329858	-39.812930
831.560451	-39.921922
831.791173	-39.954760
832.022022	-39.875244
832.252999	-39.712509
832.484105	-39.540351
832.715339	-39.435890
832.946702	-39.441115
833.178193	-39.536929
833.409813	-39.650147
833.641561	-39.698436
833.873439	-39.633040
834.105445	-39.465798
834.337581	-39.269848
834.569846	-39.131441
834.802241	-39.104322
835.034764	-39.195696
835.267418	-39.359589
835.500201	-39.496370
835.733114	-39.500785
835.966157	-39.345139
836.199329	-39.096190
836.432632	-38.864387
836.666065	-38.746356
836.899629	-38.784510
837.133323	-38.956690
837.367147	-39.179106
837.601102	-39.323971
837.835188	-39.281811
838.069405	-39.050157
838.303752	-38.744009
838.538231	-38.500732
838.772841	-38.413814
839.007582	-38.512165
839.242455	-38.746867
839.477459	-38.997721
839.712595	-39.115093
839.947863	-39.005828
840.183263	-38.713006
840.418794	-38.384049
840.654458	-38.166680
840.890254	-38.139914
841.126182	-38.301930
841.362242	-38.575659
841.598435	-38.811895
841.834761	-38.853607
842.071220	-38.655277
842.307811	-38.319494
842.544536	-38.010616
842.781393	-37.858386
843.018384	-37.913858
843.255508	-38.139533
843.492765	-38.417792
843.730156	-38.583343
843.967681	-38.512345
844.205339	-38.231091
844.443132	-37.891929
844.681058	-37.651121
844.919118	-37.599658
845.157313	-37.746625
845.395642	-38.013409
845.634105	-38.246470
845.872703	-38.291406
846.111436	-38.103617
846.350303	-37.784265
846.589306	-37.499211
846.828443	-37.368992
847.067716	-37.432176
847.307124	-37.647356
847.546667	-37.895899
847.786345	-38.018860
848.026160	-37.922961
848.266110	-37.659406
848.506195	-37.373948
848.746417	-37.201916
848.986775	-37.206310
849.227269	-37.363897
849.467899	-37.580324
849.708666	-37.721847
849.949569	-37.684649
850.190609	-37.478439
850.431785	-37.222798
850.673099	-37.050190
850.914549	-37.030102
851.156137	-37.151032
851.397861	-37.329712
851.639723	-37.445654
851.881723	-37.411823
852.123860	-37.237606
852.366135	-37.019427
852.608547	-36.872653
852.851098	-36.862560
853.093786	-36.976990
853.336613	-37.133048
853.579578	-37.213883
853.822681	-37.148381
854.065923	-36.967294
854.309304	-36.770588
854.552823	-36.659214
854.796481	-36.682510
855.040278	-36.814966
855.284215	-36.961708
855.528290	-37.007069
855.772505	-36.897488
856.016859	-36.686210
856.261353	-36.490203
856.505987	-36.410344
856.750760	-36.476865
856.995673	-36.641932
857.240727	-36.794104
857.485920	-36.810923
857.731254	-36.653677
857.976729	-36.407270
858.222343	-36.205639
858.468099	-36.147413
858.713995	-36.254268
858.960032	-36.456121
859.206211	-36.618723
859.452530	-36.616278
859.698991	-36.426143
859.945593	-36.155350
860.192336	-35.953066
860.439222	-35.915106
860.686248	-36.049189
860.933417	-36.269321
861.180728	-36.428544
861.428181	-36.404636
861.675776	-36.198224
861.923514	-35.929981
862.171394	-35.745876
862.419417	-35.732111
862.667582	-35.878385
862.915890	-36.084317
863.164342	-36.207290
863.412936	-36.149452
863.661674	-35.939708
863.910555	-35.705658
864.159579	-35.571512
864.408747	-35.592372
864.658059	-35.736732
864.907515	-35.898136
865.157114	-35.951715
865.406858	-35.850022
865.656746	-35.656063
865.906778	-35.484327
866.156955	-35.422692
866.407277	-35.484151
866.657743	-35.608394
866.908354	-35.695459
867.159110	-35.665735
867.410011	-35.529163
867.661057	-35.373231
867.912249	-35.284773
868.163586	-35.300228
868.415069	-35.385936
868.666697	-35.461363
868.918472	-35.454095
869.170392	-35.351930
869.422458	-35.215359
869.674671	-35.126692
869.927030	-35.127819
870.179536	-35.200036
870.432188	-35.269545
870.684987	-35.263257
870.937933	-35.166910
871.191026	-35.033273
871.444266	-34.942563
871.697653	-34.944497
871.951188	-35.022254
872.204870	-35.102958
872.458700	-35.104434
872.712677	-35.001355
872.966803	-34.851494
873.221076	-34.746870
873.475498	-34.745233
873.730068	-34.836878
873.984787	-34.946434
874.239654	-34.972696
874.494669	-34.871673
874.749834	-34.699777
875.005147	-34.563429
875.260610	-34.543106
875.516222	-34.643046
875.771983	-34.785464
876.027894	-34.852934
876.283954	-34.773891
876.540164	-34.587462
876.796524	-34.415172
877.053033	-34.360913
877.309693	-34.448864
877.566503	-34.611151
877.823464	-34.720889
878.080575	-34.678827
878.337837	-34.500533
878.595249	-34.302565
878.852813	-34.208752
879.110528	-34.266898
879.368393	-34.423552
879.626410	-34.556453
879.884579	-34.552968
880.142899	-34.401336
880.401371	-34.204784
880.659994	-34.087868
880.918770	-34.110398
881.177698	-34.239498
881.436778	-34.365211
881.696010	-34.378812
881.955395	-34.261069
882.214933	-34.092214
882.474623	-33.981640
882.734467	-33.986274
882.994463	-34.079108
883.254613	-34.170851
883.514916	-34.173621
883.775372	-34.074022
884.035982	-33.944074
884.296746	-33.868837
884.557664	-33.882015
884.818735	-33.950352
885.079961	-33.996811
885.341341	-33.963441
885.602876	-33.863037
885.864565	-33.766176
886.126409	-33.736650
886.388407	-33.778868
886.650561	-33.836679
886.912870	-33.839348
887.175334	-33.760943
887.437953	-33.645930
887.700728	-33.574387
887.963658	-33.589196
888.226745	-33.664217
888.489987	-33.718732
888.753385	-33.683177
889.016940	-33.563455
889.280651	-33.438245
889.544518	-33.390717
889.808543	-33.445438
890.072723	-33.545034
890.337061	-33.589519
890.601556	-33.518645
890.866208	-33.370070
891.131017	-33.247754
891.395984	-33.231311
891.661109	-33.319643
891.926391	-33.427348
892.191831	-33.446372
892.457429	-33.338710
892.723186	-33.177645
892.989100	-33.078976
893.255173	-33.103658
893.521405	-33.218959
893.787796	-33.313239
894.054345	-33.287309
894.321053	-33.143232
894.587921	-32.987088
894.854948	-32.932696
895.122134	-33.007396
895.389480	-33.136441
895.656986	-33.192977
895.924651	-33.104965
896.192477	-32.930706
896.460463	-32.800836
896.728609	-32.806908
896.996915	-32.931063
897.265382	-33.054205
897.534010	-33.048612
897.802799	-32.896310
898.071749	-32.711489
898.340860	-32.630308
898.610132	-32.703972
898.879566	-32.860202
899.149162	-32.947647
899.418919	-32.865038
899.688838	-32.666673
899.958919	-32.505051
900.229162	-32.493623
900.499568	-32.626988
900.770136	-32.780291
901.040867	-32.797765
901.311761	-32.642069
901.582817	-32.436955
901.854037	-32.338649
902.125420	-32.407135
902.396966	-32.570463
902.668676	-32.670432
902.940550	-32.592699
903.212587	-32.390760
903.484788	-32.228800
903.757153	-32.222580
904.029683	-32.356173
904.302377	-32.496740
904.575236	-32.493869
904.848259	-32.328228
905.121447	-32.134088
905.394800	-32.062725
905.668319	-32.152417
905.942002	-32.304245
906.215852	-32.357963
906.489866	-32.237359
906.764047	-32.035521
907.038393	-31.915151
907.312906	-31.960369
907.587584	-32.111427
907.862429	-32.209710
908.137441	-32.137069
908.412619	-31.942057
908.687964	-31.784601
908.963476	-31.785892
909.239155	-31.926231
909.515002	-32.060761
909.791015	-32.038458
910.067197	-31.860534
910.343546	-31.678083
910.620063	-31.634637
910.896748	-31.752354
911.173601	-31.909128
911.450623	-31.935647
911.727813	-31.788022
912.005171	-31.594513
912.282699	-31.515231
912.560395	-31.601526
912.838261	-31.759950
913.116296	-31.823151
913.394500	-31.709884
913.672874	-31.522157
913.951418	-31.422231
914.230131	-31.481205
914.509015	-31.628671
914.788068	-31.706191
915.067292	-31.621670
915.346687	-31.449482
915.626252	-31.345361
915.905988	-31.390033
916.185895	-31.521858
916.465973	-31.597453
916.746223	-31.526837
917.026644	-31.372488
917.307236	-31.278013
917.588000	-31.315629
917.868937	-31.431513
918.150045	-31.489532
918.431325	-31.417370
918.712778	-31.281236
918.994404	-31.207994
919.276202	-31.253988
919.558173	-31.351668
919.840317	-31.378704
920.122634	-31.289745
920.405125	-31.168018
920.687789	-31.128915
920.970627	-31.195631
921.253639	-31.278045
921.536824	-31.263139
921.820184	-31.143761
922.103718	-31.034863
922.387427	-31.037007
922.671310	-31.135277
922.955368	-31.203410
923.239601	-31.135647
923.524009	-30.977981
923.808592	-30.877624
924.093351	-30.925869
924.378285	-31.057775
924.663396	-31.107352
924.948682	-30.982662
925.234144	-30.786023
925.519782	-30.700915
925.805597	-30.796486
926.091589	-30.958680
926.377757	-30.982107
926.664102	-30.800218
926.950624	-30.578984
927.237323	-30.520196
927.524200	-30.665061
927.811255	-30.846734
928.098487	-30.831929
928.385897	-30.600120
928.673485	-30.373827
928.961251	-30.359355
929.249196	-30.550399
929.537319	-30.729039
929.825621	-30.659292
930.114102	-30.388138
930.402762	-30.185039
930.691601	-30.231501
930.980620	-30.460517
931.269818	-30.604336
931.559196	-30.464226
931.848753	-30.172533
932.138491	-30.022058
932.428409	-30.142022
932.718508	-30.390300
933.008787	-30.468616
933.299246	-30.254427
933.589887	-29.970843
933.880709	-29.899397
934.171712	-30.091381
934.462896	-30.326068
934.754262	-30.309737
935.045810	-30.035590
935.337539	-29.795951
935.629451	-29.819257
935.921545	-30.060678
936.213822	-30.234954
936.506281	-30.111065
936.798922	-29.816166
937.091747	-29.658867
937.384755	-29.777843
937.677946	-30.023661
937.971321	-30.093499
938.264879	-29.881119
938.558621	-29.621570
938.852547	-29.576051
939.146657	-29.764608
939.440952	-29.954551
939.735431	-29.897262
940.030095	-29.647910
940.324943	-29.480606
940.619977	-29.551725
940.915196	-29.755517
941.210600	-29.829843
941.506189	-29.665123
941.801965	-29.450015
942.097926	-29.411972
942.394074	-29.565283
942.690407	-29.707023
942.986927	-29.640159
943.283634	-29.432707
943.580527	-29.318380
943.877608	-29.405149
944.174875	-29.567110
944.472330	-29.582313
944.769972	-29.411074
945.067802	-29.249642
945.365820	-29.269710
945.664026	-29.426522
945.962420	-29.507006
946.261002	-29.388012
946.559773	-29.203102
946.858733	-29.159038
947.157881	-29.287636
947.457219	-29.413664
947.756746	-29.353563
948.056462	-29.165724
948.356368	-29.063810
948.656464	-29.147604
948.956749	-29.294590
949.257225	-29.294940
949.557891	-29.125128
949.858748	-28.980211
950.159796	-29.012546
950.461034	-29.158684
950.762463	-29.210861
951.064084	-29.074935
951.365896	-28.904576
951.667900	-28.885651
951.970095	-29.013476
952.272483	-29.100716
952.575063	-29.004149
952.877835	-28.824628
953.180799	-28.761691
953.483956	-28.860783
953.787307	-28.965557
954.090850	-28.907195
954.394586	-28.733813
954.698516	-28.641343
955.002640	-28.711296
955.306957	-28.821666
955.611469	-28.793405
955.916174	-28.634862
956.221074	-28.526546
956.526169	-28.575381
956.831458	-28.684743
957.136942	-28.674827
957.442622	-28.527306
957.748496	-28.411482
958.054567	-28.447818
958.360833	-28.556851
958.667294	-28.556298
958.973952	-28.410930
959.280806	-28.287063
959.587857	-28.317192
959.895104	-28.431088
960.202548	-28.438790
960.510189	-28.289734
960.818027	-28.153309
961.126062	-28.178845
961.434295	-28.303497
961.742726	-28.323146
962.051355	-28.169073
962.360182	-28.015638
962.669207	-28.034060
962.978431	-28.171152
963.287854	-28.207370
963.597475	-28.050585
963.907296	-27.878658
964.217315	-27.886191
964.527535	-28.034042
964.837954	-28.089054
965.148573	-27.934257
965.459392	-27.747362
965.770411	-27.743188
966.081630	-27.897672
966.393051	-27.970255
966.704672	-27.821275
967.016494	-27.624675
967.328517	-27.609979
967.640742	-27.766398
967.953169	-27.851153
968.265797	-27.708761
968.578627	-27.507349
968.891660	-27.484655
969.204895	-27.638845
969.518332	-27.729911
969.831972	-27.596614
970.145816	-27.399176
970.459862	-27.374916
970.774112	-27.524035
971.088565	-27.615071
971.403223	-27.491646
971.718084	-27.307868
972.033149	-27.288185
972.348419	-27.427318
972.663893	-27.505091
972.979572	-27.387440
973.295456	-27.224337
973.611546	-27.216200
973.927840	-27.340482
974.244340	-27.393679
974.561046	-27.278051
974.877958	-27.145314
975.195076	-27.158850
975.512401	-27.268261
975.829932	-27.287966
976.147670	-27.170907
976.465615	-27.072678
976.783767	-27.111098
977.102126	-27.199814
977.420693	-27.178203
977.739468	-27.056483
978.058451	-26.993482
978.377642	-27.054090
978.697041	-27.116839
979.016649	-27.054657
979.336466	-26.935934
979.656492	-26.911776
979.976727	-26.989465
980.297171	-27.019622
980.617825	-26.922138
980.938689	-26.815630
981.259763	-26.827927
981.581048	-26.907128
981.902542	-26.895353
982.224248	-26.772488
982.546164	-26.690497
982.868291	-26.734338
983.190630	-26.798229
983.513180	-26.741252
983.835942	-26.611824
984.158916	-26.569126
984.482101	-26.636013
984.805500	-26.666027
985.129110	-26.567033
985.452934	-26.451774
985.776970	-26.455814
986.101220	-26.528238
986.425683	-26.507862
986.750359	-26.379094
987.075250	-26.299832
987.400354	-26.348858
987.725673	-26.403430
988.051206	-26.325617
988.376954	-26.191515
988.702916	-26.167628
989.029094	-26.249275
989.355487	-26.260666
989.682095	-26.132325
990.008919	-26.023069
990.335959	-26.063348
990.663216	-26.150846
990.990688	-26.097547
991.318377	-25.939048
991.646283	-25.883405
991.974406	-25.980423
992.302746	-26.038452
992.631304	-25.915737
992.960079	-25.763387
993.289072	-25.782457
993.618283	-25.910468
993.947713	-25.905445
994.277361	-25.730913
994.607227	-25.625873
994.937313	-25.719102
995.267618	-25.832751
995.598142	-25.743824
995.928886	-25.556911
996.259849	-25.530855
996.591033	-25.672681
996.922437	-25.723290
997.254061	-25.562593
997.585906	-25.417207
997.917972	-25.481826
998.250260	-25.622689
998.582768	-25.577264
998.915498	-25.387037
999.248450	-25.326251
999.581624	-25.455186
999.915020	-25.532728
1000.248639	-25.395685
1000.582480	-25.238880
1000.916545	-25.279090
1001.250832	-25.416543
1001.585343	-25.391653
1001.920077	-25.215343
1002.255035	-25.146658
1002.590218	-25.258682
1002.925624	-25.333044
1003.261255	-25.211456
1003.597111	-25.067635
1003.933192	-25.099746
1004.269497	-25.214670
1004.606029	-25.183472
1004.942785	-25.028461
1005.279768	-24.976366
1005.616977	-25.072636
1005.954412	-25.116543
1006.292074	-24.999652
1006.629962	-24.890390
1006.968077	-24.933298
1007.306420	-25.012751
1007.644990	-24.953141
1007.983787	-24.823889
1008.322813	-24.808335
1008.662067	-24.889313
1009.001549	-24.884912
1009.341259	-24.766637
1009.681199	-24.704117
1010.021367	-24.762330
1010.361765	-24.796178
1010.702392	-24.705922
1011.043250	-24.613689
1011.384337	-24.637371
1011.725654	-24.689388
1012.067202	-24.633035
1012.408980	-24.528808
1012.750989	-24.518363
1013.093230	-24.573098
1013.435702	-24.548590
1013.778405	-24.446568
1014.121341	-24.407649
1014.464508	-24.454137
1014.807908	-24.454112
1015.151540	-24.361906
1015.495405	-24.300989
1015.839503	-24.332779
1016.183835	-24.348654
1016.528400	-24.270030
1016.873198	-24.195359
1017.218231	-24.213110
1017.563498	-24.239852
1017.908999	-24.174681
1018.254735	-24.090621
1018.600707	-24.095571
1018.946913	-24.129814
1019.293354	-24.075371
1019.640032	-23.981327
1019.986945	-23.973261
1020.334094	-24.016544
1020.681480	-23.976200
1021.029102	-23.873538
1021.376961	-23.850411
1021.725058	-23.902343
1022.073391	-23.880395
1022.421962	-23.770859
1022.770772	-23.727665
1023.119819	-23.783175
1023.469104	-23.782819
1023.818628	-23.672375
1024.168391	-23.608077
1024.518393	-23.662637
1024.868634	-23.686217
1025.219115	-23.581782
1025.569836	-23.496284
1025.920796	-23.543127
1026.271997	-23.588464
1026.623438	-23.495154
1026.975121	-23.390409
1027.327044	-23.424854
1027.679208	-23.489524
1028.031614	-23.413078
1028.384262	-23.293418
1028.737152	-23.311707
1029.090284	-23.391209
1029.443659	-23.335088
1029.797276	-23.205291
1030.151137	-23.204481
1030.505240	-23.292236
1030.859587	-23.257796
1031.214178	-23.124682
1031.569013	-23.105204
1031.924093	-23.194936
1032.279417	-23.180463
1032.634985	-23.050001
1032.990799	-23.015226
1033.346858	-23.101461
1033.703162	-23.101597
1034.059712	-22.976571
1034.416509	-22.930586
1034.773551	-23.010832
1035.130841	-23.019964
1035.488377	-22.901622
1035.846160	-22.849820
1036.204190	-22.923820
1036.562468	-22.937252
1036.920994	-22.824948
1037.279768	-22.770743
1037.638790	-22.838205
1037.998061	-22.850532
1038.357581	-22.742676
1038.717350	-22.690006
1039.077368	-22.752630
1039.437636	-22.760909
1039.798154	-22.656822
1040.158922	-22.609306
1040.519940	-22.667925
1040.881209	-22.667483
1041.242729	-22.563920
1041.604501	-22.522805
1041.966524	-22.578249
1042.328798	-22.567269
1042.691325	-22.464289
1043.054103	-22.432735
1043.417135	-22.486333
1043.780419	-22.462681
1044.143956	-22.359171
1044.507746	-22.336923
1044.871791	-22.386351
1045.236088	-22.348419
1045.600641	-22.246467
1045.965447	-22.236459
1046.330508	-22.282225
1046.695824	-22.230631
1047.061395	-22.132877
1047.427222	-22.134973
1047.793304	-22.172803
1048.159642	-22.106280
1048.526237	-22.016377
1048.893088	-22.032208
1049.260196	-22.060412
1049.627561	-21.981301
1049.995183	-21.904332
1050.363063	-21.932779
1050.731201	-21.946276
1051.099597	-21.855570
1051.468251	-21.795109
1051.837164	-21.834030
1052.206336	-21.829572
1052.575767	-21.731952
1052.945458	-21.693048
1053.315409	-21.738476
1053.685619	-21.712211
1054.056090	-21.612802
1054.426821	-21.597659
1054.797814	-21.642954
1055.169067	-21.593408
1055.540582	-21.500489
1055.912359	-21.510967
1056.284398	-21.548712
1056.656698	-21.477106
1057.029262	-21.399438
1057.402088	-21.433234
1057.775177	-21.454403
1058.148530	-21.364971
1058.522146	-21.311422
1058.896027	-21.363269
1059.270171	-21.360152
1059.644580	-21.261670
1060.019254	-21.238947
1060.394193	-21.297930
1060.769397	-21.264401
1061.144867	-21.168421
1061.520602	-21.178724
1061.896604	-21.230641
1062.272872	-21.166193
1062.649407	-21.086659
1063.026210	-21.126095
1063.403279	-21.154859
1063.780616	-21.065943
1064.158221	-21.015844
1064.536094	-21.072353
1064.914235	-21.064529
1065.292645	-20.965200
1065.671325	-20.952470
1066.050273	-21.008513
1066.429491	-20.959690
1066.808979	-20.869802
1067.188738	-20.893603
1067.568766	-20.927496
1067.949066	-20.843711
1068.329636	-20.782784
1068.710478	-20.831047
1069.091592	-20.826261
1069.472977	-20.727557
1069.854635	-20.708260
1070.236565	-20.757501
1070.618768	-20.706704
1071.001243	-20.618477
1071.383993	-20.639222
1071.767016	-20.663075
1072.150313	-20.577961
1072.533884	-20.525525
1072.917730	-20.567834
1073.301850	-20.545333
1073.686246	-20.450412
1074.070917	-20.444069
1074.455864	-20.477552
1074.841087	-20.407852
1075.226586	-20.336676
1075.612362	-20.367782
1075.998415	-20.361519
1076.384745	-20.265012
1076.771353	-20.240045
1077.158238	-20.278417
1077.545401	-20.219427
1077.932843	-20.134141
1078.320564	-20.157789
1078.708564	-20.166855
1079.096842	-20.069607
1079.485401	-20.028802
1079.874240	-20.074396
1080.263358	-20.030061
1080.652757	-19.933967
1081.042438	-19.949868
1081.432399	-19.976749
1081.822641	-19.886826
1082.213166	-19.833103
1082.603972	-19.882816
1082.995061	-19.857712
1083.386433	-19.760718
1083.778087	-19.768251
1084.170025	-19.807191
1084.562246	-19.731375
1084.954751	-19.673636
1085.347541	-19.721155
1085.740615	-19.708470
1086.133973	-19.619547
1086.527617	-19.622723
1086.921546	-19.660685
1087.315761	-19.594538
1087.710262	-19.542288
1088.105050	-19.583161
1088.500124	-19.567534
1088.895485	-19.488313
1089.291134	-19.492854
1089.687070	-19.517435
1090.083294	-19.450965
1090.479806	-19.409988
1090.876607	-19.441938
1091.273696	-19.410599
1091.671075	-19.340579
1092.068744	-19.350707
1092.466702	-19.354802
1092.864950	-19.283259
1093.263489	-19.258090
1093.662319	-19.280298
1094.061440	-19.229548
1094.460852	-19.171961
1094.860555	-19.189859
1095.260551	-19.172241
1095.660840	-19.099427
1096.061421	-19.093797
1096.462295	-19.105622
1096.863462	-19.039557
1097.264923	-19.000933
1097.666678	-19.026243
1098.068727	-18.988153
1098.471071	-18.922693
1098.873710	-18.938836
1099.276644	-18.936798
1099.679874	-18.861884
1100.083400	-18.849055
1100.487222	-18.875878
1100.891340	-18.816414
1101.295756	-18.768491
1101.700468	-18.803067
1102.105478	-18.776643
1102.510787	-18.701757
1102.916393	-18.718825
1103.322298	-18.730033
1103.728502	-18.650298
1104.135005	-18.632839
1104.541807	-18.669137
1104.948909	-18.607167
1105.356312	-18.551497
1105.764015	-18.590587
1106.172019	-18.562845
1106.580324	-18.481203
1106.988931	-18.500634
1107.397840	-18.508816
1107.807051	-18.421443
1108.216564	-18.406174
1108.626380	-18.439053
1109.036500	-18.368369
1109.446923	-18.316888
1109.857649	-18.354998
1110.268680	-18.315790
1110.680016	-18.238151
1111.091657	-18.261384
1111.503602	-18.257199
1111.915854	-18.172390
1112.328411	-18.168188
1112.741275	-18.190908
1113.154445	-18.117569
1113.567922	-18.082688
1113.981706	-18.117213
1114.395798	-18.069025
1114.810198	-18.010662
1115.224906	-18.041803
1115.639923	-18.023007
1116.055249	-17.952245
1116.470884	-17.968342
1116.886829	-17.975642
1117.303084	-17.905012
1117.719650	-17.901008
1118.136526	-17.926401
1118.553713	-17.864785
1118.971212	-17.839620
1119.389022	-17.873826
1119.807145	-17.827490
1120.225580	-17.784071
1120.644328	-17.818312
1121.063389	-17.789379
1121.482763	-17.731574
1121.902452	-17.758160
1122.322454	-17.747032
1122.742771	-17.680720
1123.163404	-17.693833
1123.584351	-17.697698
1124.005614	-17.628582
1124.427193	-17.624703
1124.849089	-17.639659
1125.271301	-17.573803
1125.693830	-17.552184
1126.116677	-17.573044
1126.539842	-17.514832
1126.963324	-17.476988
1127.387126	-17.499172
1127.811246	-17.451597
1128.235685	-17.400875
1128.660444	-17.420583
1129.085522	-17.384621
1129.510922	-17.324713
1129.936641	-17.339492
1130.362682	-17.315438
1130.789044	-17.250297
1131.215728	-17.258825
1131.642734	-17.245767
1132.070063	-17.178347
1132.497714	-17.180073
1132.925689	-17.177543
1133.353987	-17.111197
1133.782610	-17.105973
1134.211556	-17.112274
1134.640827	-17.049066
1135.070424	-17.037055
1135.500345	-17.051069
1135.930593	-16.993330
1136.361166	-16.974566
1136.792067	-16.993918
1137.223294	-16.942737
1137.654848	-16.917910
1138.086730	-16.940861
1138.518940	-16.897004
1138.951479	-16.866561
1139.384346	-16.890652
1139.817543	-16.853987
1140.251069	-16.819093
1140.684925	-16.842897
1141.119111	-16.812861
1141.553628	-16.773781
1141.988475	-16.795351
1142.423655	-16.771126
1142.859166	-16.728870
1143.295009	-16.747099
1143.731185	-16.727182
1144.167694	-16.681989
1144.604536	-16.695776
1145.041711	-16.679154
1145.479221	-16.631723
1145.917065	-16.640594
1146.355245	-16.626127
1146.793759	-16.576654
1147.232609	-16.580402
1147.671795	-16.567561
1148.111317	-16.516447
1148.551177	-16.515210
1148.991373	-16.503430
1149.431907	-16.450725
1149.872779	-16.445069
1150.313989	-16.434189
1150.755538	-16.379934
1151.197426	-16.370722
1151.639653	-16.360646
1152.082220	-16.304987
1152.525128	-16.293712
1152.968376	-16.284302
1153.411966	-16.227533
1153.855897	-16.215818
1154.300169	-16.206323
1154.744784	-16.149241
1155.189742	-16.138845
1155.635042	-16.128217
1156.080687	-16.072057
1156.526674	-16.063982
1156.973007	-16.050658
1157.419683	-15.997684
1157.866705	-15.992358
1158.314072	-15.975297
1158.761786	-15.928066
1159.209845	-15.924184
1159.658251	-15.903212
1160.107004	-15.864565
1160.556104	-15.860058
1161.005553	-15.835901
1161.455349	-15.807163
1161.905494	-15.798814
1162.355989	-15.774126
1162.806832	-15.755788
1163.258026	-15.740093
1163.709570	-15.718561
1164.161464	-15.708688
1164.613710	-15.683615
1165.066307	-15.670724
1165.519256	-15.664210
1165.972558	-15.629381
1166.426212	-15.629988
1166.880219	-15.619118
1167.334580	-15.579401
1167.789295	-15.595066
1168.244364	-15.570207
1168.699788	-15.535320
1169.155567	-15.561555
1169.611702	-15.517704
1170.068193	-15.499379
1170.525041	-15.523510
1170.982245	-15.464228
1171.439807	-15.470505
1171.897726	-15.476802
1172.356004	-15.415290
1172.814640	-15.442660
1173.273635	-15.420386
1173.732989	-15.374569
1174.192703	-15.408288
1174.652778	-15.359232
1175.113213	-15.340528
1175.574009	-15.361719
1176.035167	-15.300545
1176.496687	-15.307660
1176.958569	-15.303938
1177.420814	-15.248294
1177.883422	-15.268593
1178.346394	-15.240631
1178.809730	-15.201116
1179.273430	-15.219821
1179.737496	-15.177160
1180.201927	-15.153850
1180.666723	-15.163770
1181.131886	-15.115507
1181.597416	-15.103563
1182.063312	-15.104062
1182.529576	-15.053958
1182.996209	-15.051653
1183.463209	-15.041988
1183.930579	-14.991858
1184.398317	-15.000000
1184.866426	-14.975403
1185.334904	-14.932598
1185.803754	-14.947371
1186.272974	-14.904360
1186.742566	-14.880284
1187.212529	-14.888976
1187.682865	-14.835128
1188.153574	-14.834161
1188.624656	-14.821870
1189.096112	-14.775683
1189.567942	-14.786800
1190.040147	-14.751190
1190.512726	-14.728345
1190.985681	-14.730368
1191.459012	-14.687749
1191.932720	-14.686489
1192.406804	-14.666232
1192.881265	-14.638542
1193.356104	-14.639222
1193.831322	-14.605308
1194.306918	-14.599866
1194.782893	-14.582896
1195.259248	-14.557846
1195.735982	-14.559506
1196.213097	-14.525900
1196.690593	-14.523615
1197.168471	-14.509433
1197.646730	-14.480860
1198.125371	-14.491044
1198.604395	-14.455006
1199.083803	-14.451653
1199.563594	-14.448337
1200.043769	-14.410031
1200.524329	-14.427894
1201.005273	-14.396235
1201.486604	-14.382383
1201.968320	-14.394184
1202.450422	-14.348428
1202.932912	-14.364903
1203.415789	-14.345991
1203.899054	-14.317804
1204.382707	-14.340353
1204.866748	-14.295487
1205.351179	-14.302025
1205.836000	-14.298207
1206.321211	-14.258983
1206.806812	-14.283731
1207.292805	-14.246336
1207.779189	-14.239921
1208.265965	-14.247557
1208.753134	-14.203415
1209.240696	-14.224064
1209.728651	-14.196406
1210.217000	-14.179000
1210.705744	-14.192833
1211.194883	-14.148510
1211.684417	-14.162335
1212.174347	-14.143151
1212.664673	-14.117737
1213.155396	-14.133696
1213.646516	-14.091537
1214.138034	-14.098497
1214.629951	-14.085926
1215.122266	-14.055437
1215.614980	-14.071340
1216.108095	-14.032287
1216.601609	-14.033011
1217.095524	-14.024918
1217.589841	-13.991364
1218.084559	-14.005742
1218.579679	-13.969848
1219.075202	-13.965566
1219.571128	-13.960517
1220.067458	-13.925646
1220.564191	-13.938014
1221.061330	-13.904851
1221.558874	-13.896742
1222.056823	-13.893092
1222.555178	-13.857718
1223.053940	-13.867746
1223.553109	-13.836653
1224.052686	-13.826105
1224.552671	-13.822806
1225.053065	-13.787821
1225.553867	-13.795633
1226.055079	-13.765857
1226.556702	-13.753719
1227.058735	-13.749658
1227.561179	-13.715356
1228.064035	-13.721069
1228.567303	-13.692037
1229.070983	-13.679489
1229.575077	-13.674050
1230.079585	-13.641073
1230.584506	-13.644921
1231.089842	-13.616065
1231.595594	-13.603758
1232.101761	-13.596123
1232.608345	-13.564942
1233.115345	-13.567048
1233.622762	-13.538157
1234.130597	-13.527115
1234.638851	-13.517013
1235.147523	-13.488242
1235.656615	-13.488483
1236.166126	-13.459560
1236.676058	-13.450088
1237.186411	-13.436940
1237.697185	-13.411211
1238.208381	-13.409515
1238.719999	-13.380934
1239.232040	-13.373285
1239.744505	-13.357076
1240.257394	-13.334934
1240.770708	-13.330579
1241.284446	-13.302741
1241.798610	-13.296453
1242.313201	-13.277130
1242.828218	-13.258886
1243.343662	-13.251243
1243.859534	-13.225192
1244.375834	-13.219425
1244.892563	-13.197434
1245.409721	-13.182971
1245.927309	-13.171163
1246.445327	-13.147738
1246.963777	-13.140990
1247.482657	-13.117369
1248.001970	-13.106092
1248.521716	-13.090079
1249.041894	-13.070184
1249.562506	-13.061057
1250.083553	-13.037366
1250.605034	-13.027700
1251.126950	-13.008057
1251.649302	-12.991905
1252.172091	-12.979336
1252.695316	-12.957428
1253.218979	-12.947946
1253.743079	-12.926292
1254.267619	-12.913411
1254.792597	-12.897100
1255.318015	-12.878310
1255.843874	-12.867119
1256.370173	-12.845573
1256.896913	-12.834814
1257.424095	-12.815817
1257.951720	-12.800996
1258.479787	-12.787045
1259.008298	-12.767853
1259.537254	-12.757121
1260.066654	-12.737152
1260.596499	-12.725575
1261.126790	-12.708893
1261.657527	-12.693705
1262.188711	-12.681344
1262.720342	-12.663124
1263.252422	-12.652778
1263.784950	-12.634667
1264.317928	-12.623050
1264.851355	-12.608105
1265.385232	-12.593494
1265.919560	-12.582139
1266.454340	-12.565418
1266.989572	-12.555466
1267.525256	-12.539063
1268.061394	-12.527894
1268.597985	-12.514085
1269.135031	-12.500469
1269.672531	-12.489603
1270.210487	-12.474375
1270.748899	-12.464752
1271.287768	-12.449717
1271.827094	-12.439236
1272.366877	-12.426119
1272.907119	-12.413650
1273.447820	-12.403044
1273.988981	-12.389129
1274.530601	-12.379874
1275.072683	-12.365972
1275.615226	-12.356303
1276.158230	-12.343818
1276.701697	-12.332627
1277.245627	-12.322338
1277.790021	-12.309753
1278.334879	-12.301115
1278.880202	-12.288225
1279.425991	-12.279746
1279.972245	-12.267870
1280.518966	-12.258301
1281.066155	-12.248335
1281.613811	-12.237424
1282.161936	-12.229392
1282.710529	-12.217680
1283.259593	-12.210596
1283.809126	-12.199171
1284.359131	-12.191693
1284.909607	-12.181652
1285.460555	-12.173007
1286.011976	-12.164909
1286.563870	-12.155027
1287.116237	-12.148581
1287.669080	-12.137948
1288.222397	-12.132137
1288.776191	-12.121783
1289.330460	-12.115517
1289.885207	-12.106366
1290.440431	-12.098997
1290.996133	-12.091560
1291.552314	-12.082830
1292.108975	-12.076841
1292.666115	-12.067132
1293.223737	-12.061840
1293.781839	-12.051949
1294.340424	-12.046571
1294.899491	-12.037415
1295.459041	-12.031238
1296.019075	-12.023339
1296.579593	-12.015881
1297.140597	-12.009263
1297.702086	-12.000600
1298.264061	-11.995014
1298.826524	-11.985780
1299.389474	-11.980724
1299.952912	-11.971566
1300.516839	-11.966235
1301.081255	-11.957644
1301.646162	-11.951436
1302.211559	-11.943894
1302.777448	-11.936749
1303.343829	-11.930461
1303.910702	-11.922438
1304.478069	-11.917047
1305.045930	-11.908257
1305.614285	-11.903237
1306.183136	-11.894275
1306.752483	-11.889295
1307.322326	-11.880809
1307.892666	-11.875347
1308.463504	-11.867526
1309.034841	-11.861045
1309.606677	-11.854031
1310.179012	-11.846547
1310.751849	-11.840586
1311.325186	-11.832292
1311.899025	-11.827093
1312.473366	-11.817969
1313.048211	-11.813039
1313.623559	-11.803433
1314.199412	-11.798646
1314.775770	-11.789168
1315.352634	-11.784232
1315.930004	-11.774998
1316.507881	-11.769357
1317.086266	-11.760512
1317.665159	-11.754136
1318.244562	-11.746078
1318.824474	-11.739096
1319.404897	-11.731799
1319.985831	-11.723953
1320.567276	-11.717124
1321.149234	-11.708555
1321.731706	-11.702330
1322.314691	-11.693482
1322.898190	-11.687738
1323.482205	-11.678573
1324.066736	-11.672832
1324.651783	-11.663443
1325.237347	-11.657699
1325.823430	-11.648531
1326.410031	-11.642822
1326.997151	-11.633882
1327.584791	-11.627758
1328.172952	-11.618962
1328.761634	-11.612417
1329.350839	-11.604117
1329.940566	-11.597343
1330.530817	-11.589523
1331.121592	-11.582251
1331.712891	-11.574665
1332.304716	-11.566922
1332.897068	-11.559800
1333.489946	-11.551881
1334.083352	-11.545229
1334.677287	-11.536986
1335.271750	-11.530527
1335.866744	-11.521945
1336.462268	-11.515836
1337.058323	-11.507220
1337.654910	-11.501505
1338.252029	-11.492798
1338.849682	-11.487176
1339.447869	-11.478307
1340.046591	-11.472894
1340.645848	-11.464140
1341.245641	-11.459020
1341.845972	-11.450345
1342.446840	-11.445254
1343.048246	-11.436516
1343.650191	-11.431535
1344.252677	-11.423004
1344.855702	-11.418263
1345.459269	-11.409879
1346.063379	-11.405132
1346.668030	-11.396742
1347.273226	-11.392050
1347.878965	-11.383935
1348.485250	-11.379474
1349.092080	-11.371579
1349.699456	-11.367078
1350.307380	-11.359225
1350.915851	-11.354805
1351.524871	-11.347290
1352.134441	-11.343141
1352.744560	-11.335851
1353.355231	-11.331712
1353.966453	-11.324469
1354.578227	-11.320501
1355.190555	-11.313598
1355.803436	-11.309984
1356.416872	-11.303215
1357.030863	-11.299662
1357.645411	-11.292939
1358.260515	-11.289654
1358.876177	-11.283284
1359.492397	-11.280316
1360.109176	-11.274083
1360.726516	-11.271116
1361.344416	-11.265077
1361.962877	-11.262311
1362.581901	-11.256778
1363.201487	-11.254072
1363.821637	-11.248829
1364.442352	-11.245938
1365.063632	-11.241140
1365.685478	-11.238292
1366.307891	-11.234140
1366.930871	-11.231085
1367.554420	-11.227343
1368.178538	-11.223976
1368.803226	-11.220849
1369.428485	-11.217392
1370.054315	-11.214869
1370.680717	-11.211080
1371.307693	-11.208925
1371.935242	-11.204873
1372.563366	-11.203272
1373.192065	-11.199157
1373.821341	-11.197915
1374.451193	-11.193542
1375.081623	-11.192492
1375.712632	-11.188106
1376.344221	-11.187354
1376.976389	-11.183121
1377.609139	-11.182278
1378.242470	-11.178133
1378.876384	-11.177050
1379.510881	-11.173409
1380.145963	-11.172098
1380.781629	-11.168960
1381.417881	-11.166992
1382.054720	-11.164303
1382.692147	-11.161832
1383.330161	-11.159903
1383.968765	-11.156965
1384.607959	-11.155390
1385.247743	-11.151828
1385.888119	-11.150593
1386.529087	-11.146952
1387.170648	-11.146002
1387.812804	-11.142164
1388.455554	-11.140923
1389.098899	-11.137080
1389.742842	-11.135790
1390.387381	-11.132379
1391.032519	-11.130550
1391.678256	-11.127261
1392.324592	-11.124711
1392.971529	-11.122110
1393.619068	-11.119095
1394.267208	-11.116942
1394.915952	-11.112969
1395.565300	-11.111096
1396.215253	-11.106896
1396.865812	-11.105427
1397.516977	-11.101021
1398.168749	-11.098997
1398.821130	-11.094771
1399.474120	-11.092401
1400.127719	-11.088998
1400.781930	-11.085664
1401.436752	-11.082607
1402.092186	-11.078378
1402.748234	-11.076136
1403.404897	-11.071546
1404.062174	-11.069275
1404.720067	-11.064225
1405.378577	-11.061642
1406.037705	-11.057266
1406.697451	-11.054170
1407.357817	-11.050207
1408.018803	-11.045962
1408.680410	-11.042794
1409.342639	-11.038176
1410.005492	-11.035561
1410.668968	-11.030339
1411.333068	-11.027467
1411.997795	-11.022616
1412.663147	-11.019500
1413.329127	-11.015300
1413.995736	-11.011023
1414.662973	-11.007486
1415.330840	-11.002620
1415.999339	-10.999832
1416.668469	-10.994587
1417.338232	-10.991518
1418.008628	-10.986657
1418.679659	-10.983195
1419.351325	-10.979350
1420.023628	-10.974968
1420.696568	-10.971833
1421.370145	-10.967015
1422.044362	-10.964422
1422.719219	-10.959777
1423.394717	-10.956720
1424.070856	-10.952628
1424.747638	-10.948827
1425.425064	-10.945621
1426.103134	-10.941040
1426.781850	-10.938051
1427.461212	-10.933140
1428.141221	-10.929902
1428.821878	-10.925463
1429.503185	-10.921415
1430.185141	-10.917507
1430.867749	-10.912712
1431.551008	-10.909434
1432.234920	-10.904569
1432.919486	-10.901172
1433.604707	-10.896677
1434.290583	-10.892849
1434.977116	-10.889337
1435.664307	-10.884944
1436.352156	-10.881669
1437.040664	-10.876945
1437.729833	-10.873528
1438.419663	-10.869003
1439.110156	-10.864371
1439.801312	-10.859672
1440.493132	-10.853884
1441.185617	-10.848946
1441.878768	-10.842074
1442.572586	-10.835655
1443.267072	-10.828246
1443.962228	-10.820519
1444.658053	-10.812878
1445.354549	-10.803607
1446.051717	-10.795355
1446.749558	-10.785982
1447.448073	-10.777167
1448.147263	-10.768051
1448.847128	-10.758444
1449.547671	-10.750197
1450.248891	-10.740959
1450.950789	-10.732808
1451.653368	-10.724174
1452.356627	-10.715813
1453.060568	-10.708247
1453.765192	-10.699409
1454.470500	-10.691405
1455.176492	-10.682218
1455.883170	-10.672928
1456.590534	-10.663005
1457.298586	-10.651113
1458.007327	-10.639308
1458.716758	-10.625226
1459.426880	-10.610268
1460.137693	-10.593799
1460.849199	-10.575208
1461.561398	-10.556464
1462.274293	-10.535303
1462.987883	-10.513647
1463.702170	-10.491212
1464.417155	-10.467609
1465.132838	-10.444792
1465.849222	-10.420917
1466.566306	-10.398014
1467.284093	-10.375906
1468.002582	-10.354052
1468.721775	-10.334354
1469.441674	-10.315079
1470.162278	-10.297798
1470.883590	-10.282319
1471.605609	-10.267594
1472.328338	-10.255268
1473.051777	-10.243492
1473.775928	-10.233034
1474.500790	-10.223716
1475.226367	-10.213825
1475.952657	-10.204816
1476.679663	-10.194992
1477.407386	-10.184159
1478.135826	-10.172663
1478.864985	-10.158778
1479.594863	-10.143703
1480.325463	-10.126304
1481.056784	-10.105870
1481.788828	-10.083640
1482.521597	-10.058156
1483.255090	-10.029953
1483.989309	-9.999196
1484.724256	-9.965300
1485.459931	-9.929638
1486.196336	-9.891496
1486.933471	-9.851384
1487.671337	-9.810701
1488.409937	-9.768958
1489.149270	-9.727429
1489.889337	-9.686928
1490.630141	-9.648100
1491.371682	-9.612660
1492.113961	-9.580901
1492.856979	-9.554484
1493.600738	-9.535009
1494.345238	-9.522560
1495.090481	-9.518755
1495.836467	-9.524194
1496.583198	-9.538817
1497.330675	-9.563190
1498.078899	-9.596377
1498.827872	-9.638046
1499.577593	-9.687485
1500.328065	-9.742553
1501.079289	-9.802500
1501.831265	-9.865583
1502.583995	-9.929148
1503.337480	-9.991751
1504.091721	-10.050724
1504.846719	-10.103327
1505.602475	-10.147471
1506.358991	-10.180163
1507.116268	-10.199621
1507.874306	-10.204715
1508.633108	-10.194475
1509.392673	-10.170357
1510.153004	-10.134562
1510.914101	-10.090224
1511.675965	-10.042738
1512.438599	-9.997227
1513.202002	-9.959370
1513.966176	-9.935748
1514.731122	-9.931321
1515.496842	-9.951011
1516.263336	-9.999598
1517.030607	-10.079832
1517.798654	-10.194388
1518.567479	-10.345409
1519.337083	-10.533590
1520.107468	-10.759942
1520.878634	-11.024716
1521.650584	-11.327544
1522.423317	-11.668521
1523.196836	-12.045732
1523.971141	-12.455817
1524.746233	-12.893199
1525.522115	-13.344319
1526.298786	-13.787081
1527.076249	-14.187113
1527.854504	-14.491812
1528.633553	-14.640121
1529.413397	-14.577801
1530.194037	-14.277092
1530.975474	-13.757015
1531.757709	-13.073222
1532.540745	-12.293664
1533.324581	-11.481899
1534.109220	-10.685745
1534.894662	-9.936803
1535.680909	-9.255457
1536.467961	-8.653887
1537.255821	-8.138941
1538.044489	-7.714605
1538.833967	-7.383312
1539.624256	-7.146723
1540.415357	-7.006001
1541.207271	-6.962548
1542.000000	-7.018379
1542.793545	-7.175743
1543.587907	-7.437829
1544.383087	-7.809509
1545.179088	-8.296922
1545.975909	-8.908535
1546.773552	-9.656912
1547.572019	-10.559406
1548.371311	-11.641113
1549.171428	-12.940984
1549.972373	-14.520255
1550.774147	-16.482164
1551.576751	-19.021414
1552.380185	-22.561895
1553.184453	-28.284544
1553.989554	-36.983285
1554.795490	-28.319614
1555.602263	-22.979699
1556.409873	-19.746924
1557.218322	-17.478806
1558.027612	-15.759709
1558.837743	-14.395223
1559.648717	-13.279530
1560.460536	-12.349245
1561.273200	-11.563258
1562.086710	-10.893518
1562.901069	-10.320454
1563.716278	-9.829692
1564.532337	-9.410232
1565.349249	-9.053765
1566.167014	-8.753711
1566.985634	-8.504421
1567.805111	-8.301254
1568.625444	-8.140328
1569.446637	-8.017817
1570.268690	-7.930238
1571.091605	-7.874569
1571.915382	-7.847512
1572.740024	-7.845759
1573.565532	-7.866408
1574.391907	-7.906161
1575.219150	-7.961575
1576.047262	-8.029677
1576.876246	-8.107208
1577.706103	-8.190767
1578.536833	-8.277700
1579.368439	-8.365299
1580.200922	-8.450894
1581.034282	-8.532836
1581.868522	-8.609720
1582.703643	-8.680307
1583.539646	-8.744475
1584.376532	-8.802418
1585.214304	-8.854432
1586.052962	-8.901744
1586.892508	-8.945618
1587.732943	-8.987270
1588.574269	-9.028396
1589.416487	-9.070387
1590.259599	-9.114377
1591.103605	-9.161673
1591.948508	-9.212918
1592.794309	-9.268512
1593.641009	-9.328932
1594.488609	-9.393852
1595.337112	-9.462977
1596.186518	-9.536137
1597.036829	-9.612506
1597.888047	-9.691599
1598.740172	-9.773260
1599.593207	-9.856761
1600.447153	-9.942003
1601.302010	-10.029210
1602.157782	-10.118172
1603.014469	-10.209285
1603.872072	-10.303009
1604.730593	-10.399464
1605.590034	-10.499195
1606.450397	-10.602498
1607.311681	-10.709354
1608.173890	-10.820040
1609.037024	-10.934404
1609.901085	-11.052094
1610.766075	-11.173056
1611.631995	-11.296727
1612.498846	-11.422583
1613.366630	-11.550429
1614.235349	-11.679648
1615.105004	-11.809759
1615.975596	-11.940588
1616.847128	-12.071586
1617.719600	-12.202408
1618.593014	-12.332787
1619.467372	-12.462185
1620.342675	-12.590345
1621.218924	-12.716927
1622.096122	-12.841328
1622.974270	-12.963510
1623.853369	-13.083214
1624.733420	-13.200049
1625.614427	-13.314319
1626.496389	-13.425910
1627.379308	-13.534922
1628.263187	-13.641859
1629.148026	-13.746579
1630.033828	-13.849624
1630.920593	-13.951325
1631.808324	-14.051535
1632.697022	-14.150933
1633.586688	-14.249482
1634.477324	-14.347194
1635.368932	-14.444578
1636.261514	-14.541231
1637.155070	-14.637414
1638.049602	-14.733156
1638.945113	-14.827864
1639.841603	-14.921844
1640.739075	-15.014571
1641.637529	-15.105628
1642.536968	-15.195095
1643.437393	-15.282182
1644.338806	-15.366923
1645.241209	-15.449004
1646.144602	-15.527804
1647.048988	-15.603571
1647.954368	-15.675698
1648.860744	-15.744143
1649.768118	-15.808940
1650.676491	-15.869644
1651.585865	-15.926613
1652.496241	-15.979653
1653.407621	-16.028749
1654.320008	-16.074307
1655.233401	-16.116096
1656.147804	-16.154546
1657.063218	-16.189739
1657.979645	-16.221671
1658.897085	-16.250782
1659.815542	-16.276928
1660.735016	-16.300287
1661.655509	-16.321062
1662.577023	-16.339003
1663.499560	-16.354408
1664.423121	-16.367133
1665.347709	-16.377070
1666.273324	-16.384474
1667.199969	-16.389015
1668.127645	-16.390824
1669.056353	-16.389909
1669.986097	-16.386037
1670.916877	-16.379514
1671.848695	-16.370124
1672.781553	-16.358010
1673.715452	-16.343300
1674.650395	-16.325890
1675.586383	-16.306141
1676.523418	-16.283848
1677.461501	-16.259435
1678.400635	-16.232904
1679.340821	-16.204355
1680.282061	-16.174182
1681.224357	-16.142154
1682.167710	-16.108772
1683.112122	-16.073955
1684.057595	-16.037831
1685.004132	-16.000617
1685.951732	-15.962162
1686.900400	-15.922779
1687.850135	-15.882291
1688.800940	-15.840862
1689.752818	-15.798591
1690.705768	-15.755397
1691.659795	-15.711620
1692.614898	-15.667187
1693.571081	-15.622280
1694.528345	-15.577049
1695.486691	-15.531564
1696.446122	-15.486030
1697.406640	-15.440389
1698.368245	-15.394882
1699.330941	-15.349425
1700.294729	-15.304061
1701.259611	-15.258974
1702.225588	-15.213968
1703.192664	-15.169235
1704.160838	-15.124668
1705.130114	-15.080371
1706.100493	-15.036293
1707.071977	-14.992385
1708.044568	-14.948865
1709.018268	-14.905438
1709.993079	-14.862398
1710.969003	-14.819568
1711.946041	-14.777110
1712.924196	-14.734933
1713.903469	-14.693033
1714.883862	-14.651566
1715.865378	-14.610252
1716.848017	-14.569412
1717.831783	-14.528789
1718.816677	-14.488620
1719.802701	-14.448761
1720.789857	-14.409255
1721.778147	-14.370217
1722.767573	-14.331460
1723.758136	-14.293237
1724.749840	-14.255267
1725.742685	-14.217863
1726.736673	-14.180799
1727.731808	-14.144282
1728.728090	-14.108200
1729.725521	-14.072718
1730.724105	-14.037830
1731.723842	-14.003399
1732.724735	-13.969595
1733.726785	-13.936291
1734.729995	-13.903539
1735.734366	-13.871083
1736.739902	-13.839103
1737.746603	-13.807473
1738.754472	-13.776153
1739.763510	-13.745051
1740.773721	-13.714247
1741.785105	-13.683713
1742.797665	-13.653376
1743.811403	-13.623218
1744.826321	-13.593280
1745.842422	-13.563575
1746.859706	-13.534040
1747.878177	-13.504624
1748.897835	-13.475417
1749.918685	-13.446356
1750.940726	-13.417550
1751.963963	-13.388813
1752.988395	-13.360363
1754.014027	-13.332049
1755.040860	-13.304131
1756.068895	-13.276373
1757.098135	-13.248998
1758.128583	-13.221853
1759.160240	-13.195214
1760.193109	-13.168874
1761.227191	-13.143044
1762.262488	-13.117582
1763.299004	-13.092715
1764.336740	-13.068332
1765.375697	-13.044581
1766.415880	-13.021411
1767.457288	-12.998888
1768.499926	-12.976967
1769.543794	-12.955686
1770.588895	-12.935084
1771.635231	-12.915115
1772.682805	-12.895759
1773.731619	-12.876893
1774.781674	-12.858635
1775.832973	-12.840870
1776.885519	-12.823607
1777.939312	-12.806546
1778.994357	-12.789760
1780.050654	-12.773173
1781.108207	-12.756979
1782.167017	-12.740898
1783.227087	-12.724989
1784.288418	-12.709106
1785.351013	-12.693479
1786.414875	-12.677932
1787.480006	-12.662515
1788.546407	-12.646984
1789.614082	-12.631483
1790.683032	-12.615917
1791.753259	-12.600520
1792.824767	-12.585184
1793.897557	-12.570074
1794.971632	-12.555071
1796.046994	-12.540330
1797.123645	-12.525695
1798.201588	-12.511197
1799.280824	-12.496676
1800.361357	-12.482238
1801.443188	-12.467778
1802.526320	-12.453385
1803.610756	-12.438920
1804.696497	-12.424543
1805.783546	-12.410250
1806.871906	-12.396264
1807.961578	-12.382474
1809.052565	-12.369010
1810.144870	-12.355683
1811.238494	-12.342603
1812.333441	-12.329635
1813.429713	-12.316948
1814.527311	-12.304567
1815.626239	-12.292630
1816.726499	-12.281048
1817.828094	-12.269806
1818.931025	-12.258864
1820.035295	-12.248346
1821.140906	-12.238249
1822.247862	-12.228540
1823.356165	-12.219235
1824.465816	-12.210308
1825.576819	-12.201828
1826.689175	-12.193723
1827.802888	-12.185996
1828.917960	-12.178592
1830.034394	-12.171566
1831.152191	-12.164844
1832.271354	-12.158411
1833.391887	-12.152164
1834.513790	-12.146179
1835.637068	-12.140410
1836.761722	-12.134838
1837.887755	-12.129276
1839.015169	-12.123636
1840.143968	-12.117904
1841.274153	-12.112275
1842.405727	-12.106821
1843.538693	-12.101527
1844.673053	-12.096263
1845.808810	-12.090895
1846.945966	-12.085470
1848.084525	-12.080038
1849.224488	-12.074746
1850.365858	-12.069531
1851.508638	-12.064429
1852.652831	-12.059374
1853.798438	-12.054429
1854.945463	-12.049653
1856.093909	-12.045095
1857.243777	-12.040775
1858.395071	-12.036731
1859.547794	-12.032973
1860.701947	-12.029501
1861.857533	-12.026302
1863.014556	-12.023291
1864.173018	-12.020456
1865.332922	-12.017707
1866.494270	-12.015111
1867.657065	-12.012644
1868.821309	-12.010359
1869.987006	-12.008206
1871.154158	-12.006127
1872.322768	-12.004095
1873.492839	-12.002050
1874.664373	-12.000078
1875.837373	-11.998123
1877.011841	-11.996238
1878.187782	-11.994339
1879.365197	-11.992388
1880.544089	-11.990425
1881.724460	-11.988507
1882.906315	-11.986837
1884.089655	-11.985501
1885.274483	-11.984601
1886.460803	-11.984074
1887.648616	-11.983778
1888.837927	-11.983600
1890.028736	-11.983417
1891.221049	-11.983225
1892.414866	-11.983092
1893.610192	-11.983147
1894.807028	-11.983505
1896.005379	-11.984253
1897.205246	-11.985390
1898.406633	-11.986912
1899.609542	-11.988784
1900.813977	-11.990965
1902.019940	-11.993462
1903.227434	-11.996237
1904.436462	-11.999309
1905.647028	-12.002674
1906.859133	-12.006349
1908.072781	-12.010334
1909.287976	-12.014598
1910.504719	-12.019172
1911.723013	-12.024004
1912.942863	-12.029080
1914.164270	-12.034354
1915.387238	-12.039739
1916.611770	-12.045198
1917.837868	-12.050662
1919.065536	-12.056112
1920.294777	-12.061503
1921.525594	-12.066799
1922.757989	-12.072036
1923.991967	-12.077216
1925.227529	-12.082451
1926.464679	-12.087820
1927.703420	-12.093389
1928.943755	-12.099249
1930.185688	-12.105356
1931.429221	-12.111696
1932.674356	-12.118203
1933.921099	-12.124820
1935.169451	-12.131630
1936.419415	-12.138663
1937.670996	-12.145969
1938.924195	-12.153564
1940.179017	-12.161354
1941.435463	-12.169262
1942.693538	-12.177143
1943.953245	-12.184897
1945.214586	-12.192482
1946.477566	-12.199901
1947.742186	-12.207287
1949.008451	-12.214791
1950.276363	-12.222559
1951.545926	-12.230713
1952.817143	-12.239292
1954.090017	-12.248262
1955.364551	-12.257523
1956.640749	-12.267022
1957.918615	-12.276764
1959.198150	-12.286807
1960.479359	-12.297266
1961.762244	-12.308225
1963.046810	-12.319730
1964.333059	-12.331758
1965.620995	-12.344270
1966.910621	-12.357207
1968.201940	-12.370493
1969.494956	-12.384137
1970.789672	-12.398161
1972.086091	-12.412564
1973.384217	-12.427347
1974.684053	-12.442494
1975.985602	-12.457964
1977.288869	-12.473724
1978.593855	-12.489755
1979.900566	-12.506060
1981.209003	-12.522606
1982.519171	-12.539308
1983.831073	-12.556070
1985.144712	-12.572768
1986.460093	-12.589311
1987.777217	-12.605764
1989.096089	-12.622330
1990.416713	-12.639213
1991.739092	-12.656543
1993.063228	-12.674315
1994.389127	-12.692347
1995.716791	-12.710435
1997.046223	-12.728447
1998.377428	-12.746370
1999.710409	-12.764349
2001.045169	-12.782550
2002.381713	-12.801060
2003.720043	-12.819879
2005.060163	-12.838855
2006.402077	-12.857801
2007.745788	-12.876649
2009.091301	-12.895435
2010.438618	-12.914295
2011.787743	-12.933442
2013.138680	-12.953040
2014.491433	-12.973131
2015.846005	-12.993614
2017.202399	-13.014346
2018.560621	-13.035271
2019.920673	-13.056430
2021.282558	-13.077978
2022.646281	-13.100102
2024.011846	-13.122840
2025.379256	-13.146083
2026.748515	-13.169664
2028.119626	-13.193468
2029.492594	-13.217540
2030.867422	-13.242050
2032.244114	-13.267140
2033.622673	-13.292767
2035.003104	-13.318764
2036.385411	-13.345036
2037.769597	-13.371630
2039.155665	-13.398655
2040.543621	-13.426189
2041.933467	-13.454266
2043.325208	-13.482918
2044.718847	-13.512211
2046.114389	-13.542228
2047.511837	-13.572965
2048.911195	-13.604310
2050.312467	-13.636126
2051.715657	-13.668280
2053.120769	-13.700701
2054.527807	-13.733471
2055.936775	-13.766768
2057.347677	-13.800652
2058.760516	-13.834955
2060.175297	-13.869376
2061.592025	-13.903693
2063.010701	-13.937883
2064.431332	-13.972003
2065.853921	-14.006039
2067.278472	-14.039986
2068.704988	-14.074019
2070.133475	-14.108375
2071.563936	-14.143088
2072.996375	-14.178018
2074.430796	-14.213077
2075.867204	-14.248276
2077.305603	-14.283675
2078.745996	-14.319370
2080.188389	-14.355462
2081.632784	-14.391923
2083.079187	-14.428542
2084.527601	-14.465089
2085.978030	-14.501569
2087.430480	-14.538276
2088.884954	-14.575582
2090.341455	-14.613694
2091.799990	-14.652523
2093.260561	-14.691791
2094.723173	-14.731273
2096.187831	-14.770876
2097.654538	-14.810649
2099.123300	-14.850903
2100.594119	-14.892089
2102.067001	-14.934405
2103.541950	-14.977707
2105.018971	-15.021772
2106.498067	-15.066434
2107.979243	-15.111610
2109.462503	-15.157478
2110.947853	-15.204379
2112.435295	-15.252366
2113.924836	-15.301214
2115.416478	-15.350858
2116.910227	-15.401353
2118.406087	-15.452644
2119.904063	-15.504732
2121.404158	-15.557680
2122.906378	-15.611448
2124.410727	-15.666032
2125.917210	-15.721452
2127.425831	-15.777524
2128.936594	-15.833912
2130.449505	-15.890125
2131.964567	-15.945567
2133.481786	-16.000078
2135.001166	-16.054114
2136.522711	-16.108287
2138.046427	-16.163024
2139.572317	-16.218301
2141.100388	-16.273679
2142.630642	-16.328766
2144.163085	-16.383419
2145.697722	-16.437875
2147.234558	-16.492795
2148.773596	-16.548595
2150.314842	-16.605003
2151.858301	-16.661481
2153.403977	-16.717611
2154.951875	-16.773211
2156.502000	-16.828333
2158.054357	-16.883256
2159.608950	-16.938440
2161.165785	-16.994324
2162.724866	-17.051263
2164.286198	-17.109375
2165.849786	-17.168613
2167.415635	-17.229405
2168.983749	-17.292695
2170.554134	-17.359556
2172.126795	-17.430570
2173.701737	-17.505409
2175.278964	-17.583375
2176.858481	-17.663621
2178.440294	-17.745492
2180.024408	-17.828782
2181.610827	-17.913029
2183.199557	-17.997298
2184.790602	-18.079842
2186.383968	-18.158403
2187.979660	-18.231440
2189.577683	-18.298645
2191.178041	-18.361053
2192.780741	-18.420166
2194.385787	-18.477290
2195.993185	-18.533602
2197.602939	-18.590591
2199.215054	-18.650383
2200.829537	-18.714852
2202.446392	-18.784873
2204.065624	-18.860142
2205.687239	-18.939916
2207.311242	-19.023637
2208.937638	-19.110623
2210.566433	-19.199562
2212.197631	-19.288802
2213.831239	-19.377369
2215.467261	-19.465149
2217.105703	-19.552341
2218.746570	-19.638564
2220.389867	-19.723164
2222.035601	-19.805806
2223.683776	-19.886887
2225.334398	-19.967310
2226.987472	-20.048083
2228.643004	-20.129722
2230.300999	-20.212031
2231.961463	-20.294272
2233.624402	-20.375755
2235.289820	-20.456289
2236.957723	-20.535936
2238.628118	-20.614513
2240.301009	-20.691268
2241.976402	-20.765728
2243.654303	-20.838162
2245.334717	-20.909827
2247.017650	-20.981944
2248.703108	-21.055615
2250.391096	-21.131649
2252.081620	-21.211167
2253.774686	-21.295015
2255.470300	-21.384332
2257.168467	-21.480719
2258.869193	-21.586385
2260.572484	-21.702000
2262.278345	-21.825586
2263.986783	-21.953456
2265.697804	-22.083402
2267.411412	-22.215541
2269.127615	-22.350150
2270.846417	-22.484726
2272.567826	-22.614436
2274.291846	-22.735258
2276.018484	-22.846397
2277.747745	-22.949331
2279.479637	-23.045194
2281.214164	-23.133778
2282.951333	-23.215174
2284.691149	-23.291679
2286.433619	-23.367303
2288.178750	-23.445418
2289.926546	-23.526990
2291.677014	-23.611179
2293.430161	-23.697656
2295.185992	-23.787187
2296.944513	-23.880742
2298.705732	-23.977765
2300.469653	-24.075928
2302.236283	-24.171679
2304.005629	-24.262694
2305.777696	-24.349538
2307.552492	-24.434400
2309.330022	-24.518455
2311.110292	-24.601826
2312.893310	-24.686392
2314.679080	-24.775715
2316.467611	-24.871420
2318.258907	-24.971474
2320.052976	-25.073357
2321.849824	-25.176758
2323.649457	-25.281817
2325.451883	-25.387017
2327.257106	-25.491134
2329.065135	-25.595942
2330.875975	-25.704569
2332.689633	-25.817406
2334.506116	-25.932173
2336.325430	-26.048186
2338.147581	-26.167599
2339.972578	-26.291414
2341.800425	-26.416961
2343.631130	-26.541572
2345.464700	-26.666427
2347.301141	-26.794060
2349.140461	-26.923965
2350.982665	-27.052842
2352.827760	-27.178891
2354.675754	-27.303683
2356.526653	-27.428128
2358.380464	-27.549501
2360.237195	-27.664926
2362.096851	-27.775425
2363.959440	-27.883719
2365.824968	-27.989233
2367.693444	-28.089929
2369.564873	-28.187299
2371.439263	-28.284009
2373.316620	-28.377796
2375.196953	-28.463353
2377.080267	-28.541582
2378.966570	-28.620189
2380.855869	-28.703298
2382.748171	-28.787419
2384.643484	-28.868912
2386.541815	-28.949993
2388.443170	-29.034703
2390.347557	-29.123842
2392.254984	-29.215662
2394.165457	-29.309346
2396.078984	-29.406240
2397.995572	-29.507249
2399.915229	-29.610719
2401.837961	-29.713662
2403.763777	-29.816617
2405.692684	-29.923386
2407.624689	-30.035337
2409.559800	-30.150471
2411.498023	-30.268541
2413.439368	-30.391533
2415.383840	-30.520757
2417.331449	-30.657074
2419.282201	-30.800831
2421.236104	-30.950753
2423.193165	-31.105087
2425.153393	-31.263321
2427.116795	-31.424428
2429.083378	-31.587752
2431.053151	-31.754392
2433.026121	-31.922229
2435.002297	-32.083146
2436.981685	-32.233333
2438.964293	-32.380056
2440.950131	-32.527617
2442.939204	-32.669031
2444.931522	-32.798285
2446.927092	-32.917599
2448.925923	-33.029497
2450.928022	-33.132875
2452.933397	-33.228525
2454.942056	-33.319823
2456.954008	-33.407472
2458.969260	-33.488779
2460.987821	-33.564076
2463.009699	-33.638288
2465.034902	-33.715883
2467.063437	-33.796696
2469.095315	-33.879267
2471.130542	-33.964198
2473.169127	-34.053175
2475.211078	-34.149132
2477.256404	-34.256346
2479.305112	-34.373919
2481.357212	-34.493449
2483.412713	-34.613275
2485.471621	-34.744492
2487.533946	-34.888166
2489.599696	-35.026926
2491.668880	-35.157392
2493.741507	-35.301689
2495.817585	-35.470958
2497.897122	-35.650536
2499.980127	-35.829723
2502.066609	-36.018149
2504.156578	-36.226681
2506.250040	-36.452108
2508.347006	-36.685763
2510.447483	-36.928977
2512.551482	-37.186045
2514.659010	-37.442580
2516.770076	-37.678688
2518.884690	-37.903199
2521.002861	-38.134044
2523.124597	-38.357673
2525.249907	-38.549501
2527.378801	-38.708564
2529.511287	-38.845029
2531.647375	-38.963943
2533.787074	-39.064224
2535.930393	-39.139210
2538.077340	-39.201102
2540.227927	-39.270353
2542.382160	-39.325541
2544.540051	-39.339604
2546.701608	-39.344113
2548.866840	-39.372461
2551.035757	-39.404558
2553.208369	-39.413374
2555.384684	-39.418650
2557.564713	-39.449106
2559.748465	-39.485844
2561.935948	-39.512354
2564.127174	-39.557620
2566.322152	-39.625548
2568.520890	-39.681508
2570.723399	-39.736175
2572.929689	-39.828299
2575.139769	-39.939354
2577.353649	-40.031820
2579.571340	-40.127621
2581.792849	-40.260582
2584.018189	-40.418825
2586.247368	-40.575083
2588.480396	-40.734488
2590.717284	-40.932514
2592.958041	-41.183805
2595.202678	-41.454944
2597.451204	-41.722806
2599.703630	-42.018553
2601.959966	-42.371420
2604.220222	-42.742165
2606.484408	-43.072257
2608.752535	-43.388288
2611.024612	-43.741362
2613.300651	-44.086706
2615.580661	-44.390040
2617.864653	-44.688058
2620.152638	-44.948004
2622.444625	-45.149547
2624.740626	-45.376465
2627.040651	-45.602832
2629.344710	-45.711203
2631.652814	-45.766142
2633.964974	-45.879074
2636.281200	-45.980967
2638.601504	-46.009140
2640.925896	-46.054050
2643.254386	-46.177216
2645.586987	-46.267276
2647.923707	-46.208188
2650.264559	-46.150983
2652.609554	-46.241509
2654.958702	-46.323868
2657.312015	-46.270024
2659.669503	-46.190247
2662.031178	-46.181604
2664.397051	-46.208664
2666.767132	-46.172462
2669.141434	-46.087710
2671.519968	-46.044996
2673.902745	-46.034600
2676.289776	-46.054385
2678.681072	-46.139389
2681.076646	-46.254229
2683.476508	-46.381404
2685.880671	-46.559934
2688.289145	-46.784234
2690.701942	-47.035980
2693.119075	-47.359491
2695.540554	-47.741288
2697.966391	-48.034383
2700.396599	-48.230489
2702.831189	-48.526705
2705.270172	-48.910378
2707.713561	-49.169748
2710.161368	-49.371912
2712.613605	-49.683805
2715.070283	-50.018082
2717.531416	-50.271939
2719.997014	-50.514136
2722.467090	-50.819734
2724.941657	-51.080322
2727.420726	-51.261772
2729.904310	-51.577631
2732.392421	-52.020115
2734.885072	-52.338857
2737.382275	-52.597986
2739.884042	-53.029998
2742.390387	-53.458165
2744.901321	-53.732838
2747.416857	-54.113330
2749.937008	-54.470360
2752.461787	-54.576563
2754.991206	-54.615152
2757.525279	-54.605689
2760.064017	-54.608377
2762.607434	-54.438545
2765.155544	-53.914099
2767.708358	-53.691628
2770.265890	-53.707389
2772.828153	-53.285017
2775.395160	-52.955202
2777.966924	-53.084824
2780.543459	-53.195783
2783.124778	-53.178562
2785.710894	-53.245163
2788.301821	-53.405724
2790.897572	-53.579618
2793.498160	-53.736460
2796.103599	-53.848811
2798.713903	-53.845528
2801.329085	-53.834178
2803.949159	-54.010442
2806.574139	-54.264348
2809.204038	-54.277177
2811.838871	-54.213630
2814.478650	-54.284834
2817.123391	-54.581081
2819.773107	-54.980025
2822.427812	-54.879715
2825.087521	-54.794461
2827.752247	-55.417447
2830.422005	-55.873352
2833.096808	-55.811705
2835.776672	-56.283640
2838.461611	-57.235107
2841.151638	-57.993790
2843.846769	-58.748339
2846.547019	-59.698922
2849.252401	-60.839854
2851.962930	-62.232332
2854.678621	-63.397313
2857.399489	-64.224260
2860.125549	-65.111440
2862.856815	-64.917592
2865.593302	-63.694414
2868.335026	-62.841159
2871.082002	-62.075905
2873.834244	-61.356821
2876.591767	-61.120066
2879.354588	-60.624918
2882.122721	-60.359396
2884.896181	-60.971082
2887.674984	-60.602503
2890.459146	-60.248150
2893.248681	-61.339277
2896.043606	-61.509535
2898.843937	-60.970413
2901.649687	-61.635652
2904.460875	-62.120777
2907.277515	-61.841880
2910.099623	-62.074700
2912.927215	-62.273736
2915.760308	-62.095063
2918.598916	-62.436582
2921.443057	-62.244673
2924.292747	-61.599814
2927.148002	-61.796602
2930.008837	-61.445908
2932.875270	-60.877241
2935.747318	-61.219946
2938.624995	-60.965397
2941.508320	-60.604847
2944.397308	-61.248916
2947.291977	-61.313780
2950.192343	-61.134091
2953.098423	-62.047646
2956.010234	-62.847905
2958.927792	-63.093028
2961.851116	-64.639728
2964.780221	-66.216758
2967.715126	-66.206417
2970.655847	-67.892317
2973.602402	-68.951530
2976.554808	-68.576486
2979.513083	-69.288071
2982.477243	-68.917902
2985.447308	-69.694711
2988.423293	-71.435085
2991.405218	-70.267747
2994.393099	-71.848158
2997.386955	-72.931626
