# 2022-03-21_22.38.40
# shape = sech2
# FWHM_ps = 0.1
# carrier_nm = 1542
# frep_MHz = 12126
# pow_mW = 8000
# GDD = 0.0
# propa_len = 0.11866666666666668
# untap_len = 0.01
# taper_len = 0.05866666666666667
# waist_len = 0.02
# uptap_len = 0.02
# untap_scale = 1.0
# waist_scale = 0.13157894736842107
# workingDir = NL_20110305_12 (Spirou)
# axis = slow
# window_ps = 10.0
# steps = 200
# points = 21700
# 
# wavelength [nm]	 power spectral density [dB]
600.043425	-82.700442
600.163550	-80.302923
600.283723	-80.473030
600.403943	-80.322218
600.524212	-84.123267
600.644529	-80.659652
600.764895	-85.553307
600.885308	-79.696481
601.005770	-83.106685
601.126280	-79.908250
601.246839	-82.709743
601.367446	-82.307321
601.488101	-80.883438
601.608804	-82.895840
601.729557	-79.341924
601.850357	-82.187900
601.971206	-79.240903
602.092104	-90.001978
602.213050	-82.395966
602.334045	-78.919194
602.455089	-77.756823
602.576181	-81.723895
602.697322	-92.004947
602.818511	-79.417846
602.939749	-79.298823
603.061036	-76.890214
603.182372	-87.736531
603.303757	-85.086556
603.425191	-78.976664
603.546673	-77.401825
603.668204	-79.121951
603.789785	-84.718898
603.911414	-82.952250
604.033092	-82.315087
604.154820	-77.192693
604.276596	-82.284347
604.398422	-82.455320
604.520297	-80.767308
604.642220	-79.962361
604.764193	-80.975367
604.886216	-86.163365
605.008287	-79.104986
605.130408	-81.384860
605.252578	-78.831487
605.374798	-83.549361
605.497066	-82.673616
605.619385	-81.014789
605.741752	-81.103690
605.864169	-78.714089
605.986636	-82.425545
606.109152	-79.848499
606.231718	-86.548731
606.354333	-79.833882
606.476998	-78.956818
606.599712	-79.992031
606.722476	-82.561234
606.845290	-84.959284
606.968154	-77.670554
607.091067	-82.158720
607.214030	-79.338444
607.337043	-83.684644
607.460106	-82.394643
607.583219	-78.331632
607.706381	-81.564789
607.829594	-79.513187
607.952856	-85.188141
608.076169	-79.515536
608.199531	-81.007571
608.322944	-81.151115
608.446407	-79.895775
608.569920	-81.867035
608.693483	-78.568093
608.817096	-85.897033
608.940759	-81.936415
609.064473	-80.155416
609.188237	-78.358533
609.312051	-78.355264
609.435916	-82.600085
609.559831	-82.480809
609.683796	-83.252861
609.807812	-77.069886
609.931878	-79.732195
610.055995	-80.752451
610.180162	-82.054325
610.304380	-83.892845
610.428648	-76.975688
610.552967	-81.643822
610.677337	-79.220807
610.801757	-83.725110
610.926228	-82.747406
611.050750	-77.978143
611.175323	-81.075442
611.299946	-77.411759
611.424620	-87.071961
611.549345	-83.206266
611.674121	-78.084865
611.798948	-79.404099
611.923826	-79.647813
612.048755	-87.673932
612.173734	-77.155306
612.298765	-78.022261
612.423847	-79.047908
612.548980	-87.129884
612.674165	-79.886934
612.799400	-73.667803
612.924687	-78.321712
613.050025	-82.504356
613.175414	-80.278563
613.300854	-78.087115
613.426346	-75.372925
613.551889	-83.567432
613.677484	-83.694138
613.803130	-78.736990
613.928827	-77.176663
614.054576	-80.242462
614.180377	-90.088907
614.306229	-77.216576
614.432132	-80.437663
614.558087	-79.243048
614.684094	-81.692973
614.810153	-83.627196
614.936263	-76.994774
615.062425	-82.302489
615.188639	-80.044051
615.314904	-81.002216
615.441222	-80.256283
615.567591	-78.640152
615.694012	-85.276897
615.820486	-78.968723
615.947011	-81.273804
616.073588	-80.422261
616.200217	-79.168830
616.326898	-81.780825
616.453632	-77.716288
616.580417	-86.764459
616.707255	-84.013630
616.834144	-76.293682
616.961086	-77.660346
617.088081	-78.748336
617.215127	-89.329208
617.342226	-79.346830
617.469378	-77.279394
617.596581	-79.838581
617.723837	-80.159925
617.851146	-87.287352
617.978507	-77.925467
618.105920	-77.860563
618.233386	-81.041462
618.360905	-80.775513
618.488476	-81.587132
618.616100	-76.248321
618.743777	-80.915924
618.871506	-85.965693
618.999288	-78.559039
619.127123	-80.185475
619.255011	-77.379896
619.382951	-82.584675
619.510945	-82.032196
619.638991	-78.860789
619.767090	-86.876033
619.895243	-77.522394
620.023448	-78.050142
620.151706	-80.336856
620.280017	-82.542518
620.408382	-80.275691
620.536799	-74.905327
620.665270	-79.094472
620.793794	-87.532595
620.922371	-78.252520
621.051002	-77.957201
621.179686	-75.830270
621.308423	-88.068755
621.437213	-86.616709
621.566057	-74.552383
621.694954	-78.869295
621.823905	-81.187396
621.952909	-79.870594
622.081967	-78.585437
622.211079	-75.595408
622.340244	-89.002958
622.469462	-85.434415
622.598735	-76.309426
622.728061	-78.198542
622.857441	-78.132043
622.986874	-88.955648
623.116361	-80.620493
623.245903	-75.945361
623.375498	-81.946849
623.505147	-79.978005
623.634850	-82.965553
623.764606	-82.354000
623.894417	-77.172222
624.024282	-83.444723
624.154201	-79.115827
624.284174	-80.485408
624.414202	-86.181544
624.544283	-79.412900
624.674419	-77.613305
624.804609	-76.267322
624.934853	-87.082108
625.065151	-87.421997
625.195504	-75.717561
625.325911	-78.518322
625.456373	-80.205851
625.586889	-82.617822
625.717460	-80.258004
625.848085	-76.092440
625.978764	-82.829290
626.109498	-85.376814
626.240287	-78.461640
626.371131	-84.249145
626.502029	-79.786605
626.632982	-79.680314
626.763989	-87.255697
626.895052	-78.856330
627.026169	-80.497726
627.157341	-81.533122
627.288568	-80.763952
627.419850	-85.018774
627.551187	-78.413401
627.682579	-79.301850
627.814026	-86.324431
627.945528	-81.537659
628.077085	-79.430235
628.208697	-78.972948
628.340364	-80.669252
628.472087	-89.292296
628.603865	-81.105048
628.735698	-79.629785
628.867586	-81.339257
628.999530	-78.306899
629.131529	-88.863805
629.263584	-90.884370
629.395694	-76.088542
629.527859	-76.808750
629.660080	-77.493808
629.792357	-84.764166
629.924689	-78.407291
630.057077	-73.269452
630.189520	-79.357079
630.322019	-87.553859
630.454574	-76.297307
630.587184	-76.816650
630.719851	-77.950428
630.852573	-87.161913
630.985351	-80.482527
631.118185	-75.960144
631.251075	-88.355572
631.384021	-88.099433
631.517023	-75.286294
631.650081	-77.436561
631.783195	-82.644828
631.916365	-80.500564
632.049592	-77.236235
632.182874	-77.267254
632.316213	-102.407141
632.449608	-82.492891
632.583059	-75.771200
632.716567	-79.436731
632.850131	-87.323858
632.983751	-77.693778
633.117428	-76.248823
633.251161	-76.866992
633.384951	-96.459518
633.518797	-83.483917
633.652700	-77.809485
633.786660	-83.021574
633.920676	-86.488755
634.054749	-81.277418
634.188879	-84.978224
634.323065	-86.282537
634.457308	-81.290827
634.591608	-82.096680
634.725965	-81.382129
634.860379	-83.192673
634.994850	-83.069851
635.129377	-83.293962
635.263962	-83.762477
635.398604	-79.882740
635.533303	-77.791990
635.668058	-89.585742
635.802872	-100.237468
635.937742	-82.274573
636.072669	-83.111615
636.207654	-82.410971
636.342696	-81.109069
636.477796	-90.050138
636.612953	-89.800923
636.748167	-77.568825
636.883439	-77.107509
637.018768	-80.009310
637.154155	-85.749143
637.289599	-79.294222
637.425101	-76.679097
637.560660	-79.412610
637.696277	-86.658983
637.831952	-80.360499
637.967685	-78.720502
638.103475	-83.339875
638.239324	-89.821704
638.375230	-82.365280
638.511194	-82.301842
638.647215	-98.363944
638.783295	-82.260213
638.919433	-77.644174
639.055629	-80.139121
639.191883	-84.160343
639.328195	-80.642311
639.464565	-77.697281
639.600994	-80.907163
639.737481	-90.971994
639.874025	-79.385297
640.010629	-79.290925
640.147290	-81.005415
640.284010	-85.777899
640.420789	-81.834185
640.557625	-79.125382
640.694521	-84.609500
640.831474	-93.368680
640.968487	-91.416734
641.105558	-80.696493
641.242687	-82.278224
641.379876	-83.726983
641.517123	-93.370788
641.654429	-82.653814
641.791793	-81.004281
641.929216	-86.913228
642.066699	-86.994082
642.204240	-82.919757
642.341840	-86.823753
642.479499	-84.214913
642.617217	-80.045386
642.754994	-80.024666
642.892830	-87.793614
643.030726	-81.109008
643.168680	-77.827644
643.306694	-80.221920
643.444767	-86.229182
643.582899	-82.170601
643.721091	-78.211600
643.859342	-85.701960
643.997652	-89.712761
644.136022	-80.188251
644.274451	-82.540652
644.412940	-90.728245
644.551488	-90.244552
644.690096	-79.518773
644.828763	-79.274875
644.967490	-84.604224
645.106277	-81.223444
645.245124	-76.770763
645.384030	-78.563897
645.522997	-89.058744
645.662023	-78.280475
645.801109	-76.485990
645.940255	-78.310838
646.079460	-88.678675
646.218726	-78.044788
646.358052	-76.720470
646.497438	-84.070290
646.636884	-84.800669
646.776391	-80.308876
646.915957	-78.945383
647.055584	-82.299880
647.195271	-90.594613
647.335019	-83.418872
647.474826	-79.140789
647.614695	-80.148939
647.754623	-80.780945
647.894612	-88.174848
648.034662	-79.273446
648.174772	-76.310869
648.314943	-79.461137
648.455174	-89.345003
648.595466	-79.615084
648.735819	-77.579485
648.876233	-81.892351
649.016707	-80.931171
649.157242	-78.067493
649.297838	-86.023868
649.438495	-81.550286
649.579213	-73.780459
649.719992	-74.143215
649.860832	-82.514586
650.001733	-78.360301
650.142695	-71.582900
650.283718	-73.018996
650.424803	-82.128908
650.565949	-76.469456
650.707156	-72.858096
650.848424	-74.549727
650.989754	-86.899455
651.131145	-76.918670
651.272597	-74.650755
651.414111	-80.293463
651.555687	-78.354484
651.697324	-72.889780
651.839022	-74.943292
651.980782	-89.558863
652.122604	-75.379455
652.264488	-73.663581
652.406433	-77.464391
652.548441	-80.013272
652.690510	-76.760689
652.832640	-75.021481
652.974833	-75.577552
653.117088	-76.091993
653.259405	-78.462467
653.401784	-77.880638
653.544224	-73.479085
653.686727	-75.109867
653.829293	-78.259148
653.971920	-74.437956
654.114609	-75.698000
654.257361	-78.477278
654.400175	-73.847816
654.543052	-72.444748
654.685991	-77.325018
654.828992	-80.213552
654.972056	-72.251175
655.115183	-71.771361
655.258372	-75.301726
655.401623	-77.254882
655.544937	-74.537348
655.688314	-71.935976
655.831754	-70.721822
655.975256	-79.789371
656.118822	-75.149159
656.262450	-69.898423
656.406141	-72.839737
656.549894	-79.073613
656.693711	-72.783458
656.837591	-70.927084
656.981534	-74.586043
657.125540	-75.353712
657.269610	-71.044513
657.413742	-72.359773
657.557938	-75.295888
657.702196	-72.839461
657.846519	-70.868959
657.990904	-71.729080
658.135353	-73.248581
658.279866	-73.397240
658.424441	-71.302419
658.569081	-70.250683
658.713784	-72.705116
658.858550	-74.935254
659.003381	-71.218541
659.148274	-69.205872
659.293232	-73.434652
659.438253	-74.664319
659.583339	-69.607532
659.728488	-70.289378
659.873701	-73.584018
660.018978	-72.005154
660.164318	-69.853864
660.309723	-71.382461
660.455192	-71.887442
660.600725	-69.658798
660.746323	-71.033761
660.891984	-73.897822
661.037710	-69.128956
661.183500	-67.995228
661.329354	-72.484900
661.475272	-72.856312
661.621255	-67.308620
661.767303	-69.124300
661.913415	-72.618208
662.059591	-69.604104
662.205833	-70.141606
662.352138	-70.740672
662.498509	-68.174319
662.644944	-69.248655
662.791443	-73.348688
662.938008	-69.401564
663.084638	-66.496323
663.231332	-68.921775
663.378091	-73.465891
663.524915	-68.298920
663.671804	-67.675672
663.818759	-69.125484
663.965778	-69.786773
664.112863	-68.695580
664.260012	-68.969548
664.407227	-69.794567
664.554507	-67.286364
664.701853	-68.052498
664.849264	-71.594389
664.996740	-67.873638
665.144282	-66.212586
665.291889	-68.239352
665.439561	-71.207986
665.587300	-67.557981
665.735103	-66.101048
665.882973	-68.169982
666.030908	-70.068724
666.178909	-67.439236
666.326976	-67.065641
666.475109	-67.236042
666.623307	-68.751685
666.771571	-69.335810
666.919902	-66.566497
667.068298	-65.931195
667.216761	-68.687371
667.365289	-70.259857
667.513884	-65.713753
667.662545	-65.523728
667.811272	-69.376543
667.960065	-67.481655
668.108925	-65.765430
668.257851	-68.156736
668.406843	-67.589908
668.555902	-65.433281
668.705027	-67.126257
668.854219	-69.473172
669.003478	-65.376505
669.152803	-64.887276
669.302195	-69.315495
669.451653	-67.060004
669.601179	-64.851117
669.750771	-66.977345
669.900430	-67.071041
670.050156	-65.891585
670.199949	-66.708256
670.349808	-66.213936
670.499735	-65.305685
670.649729	-66.499115
670.799790	-67.265461
670.949918	-65.199449
671.100114	-64.294515
671.250377	-66.795875
671.400707	-68.249659
671.551104	-64.428279
671.701569	-63.553718
671.852101	-67.264514
672.002700	-67.605218
672.153368	-64.278302
672.304102	-64.021510
672.454905	-66.534054
672.605775	-66.453227
672.756713	-64.596450
672.907718	-64.997448
673.058791	-65.029865
673.209933	-65.059349
673.361142	-66.625800
673.512419	-64.330388
673.663764	-63.196773
673.815177	-65.419038
673.966658	-67.300538
674.118207	-63.140133
674.269825	-62.830246
674.421510	-65.965316
674.573264	-66.068018
674.725086	-64.059682
674.876977	-63.175939
675.028936	-63.859996
675.180963	-66.908445
675.333059	-64.443686
675.485224	-62.562962
675.637457	-63.902025
675.789758	-66.197505
675.942129	-64.530543
676.094568	-62.534137
676.247075	-63.671907
676.399652	-66.092766
676.552298	-64.319446
676.705012	-62.168113
676.857795	-63.681528
677.010648	-66.494205
677.163569	-62.670304
677.316560	-62.483232
677.469619	-65.850564
677.622748	-62.728290
677.775946	-62.564866
677.929214	-65.703443
678.082551	-62.954991
678.235957	-61.915296
678.389432	-64.064159
678.542977	-64.981487
678.696592	-61.531303
678.850276	-62.052146
679.004030	-66.199493
679.157853	-62.610542
679.311746	-61.178556
679.465709	-64.017935
679.619742	-64.286559
679.773844	-61.839263
679.928017	-63.214468
680.082259	-63.236986
680.236571	-62.146319
680.390954	-63.960615
680.545406	-62.891946
680.699929	-61.339266
680.854522	-63.266719
681.009185	-64.011697
681.163918	-61.364570
681.318722	-61.827292
681.473596	-63.957635
681.628540	-62.229279
681.783555	-62.199437
681.938641	-62.729804
682.093797	-61.842437
682.249023	-62.444588
682.404321	-63.205814
682.559689	-62.002412
682.715128	-61.377539
682.870637	-62.686981
683.026218	-63.312157
683.181869	-61.362515
683.337591	-60.690812
683.493385	-63.509611
683.649249	-63.753986
683.805185	-59.320229
683.961191	-60.617967
684.117269	-67.033908
684.273418	-60.181608
684.429639	-59.162512
684.585930	-64.504271
684.742294	-62.140830
684.898728	-59.712304
685.055234	-61.939425
685.211812	-62.383310
685.368461	-60.656459
685.525182	-62.661846
685.681975	-60.945454
685.838839	-60.146677
685.995775	-63.702642
686.152783	-61.041716
686.309863	-59.763473
686.467014	-62.578919
686.624238	-61.506134
686.781534	-60.073999
686.938902	-61.901140
687.096342	-60.992993
687.253854	-60.341032
687.411438	-63.291049
687.569095	-59.642968
687.726824	-59.478971
687.884626	-65.021788
688.042499	-59.236881
688.200446	-58.909010
688.358465	-64.326800
688.516556	-59.556561
688.674720	-59.662842
688.832957	-62.702545
688.991266	-59.360304
689.149649	-60.675993
689.308104	-62.599724
689.466632	-58.397513
689.625233	-60.295973
689.783906	-63.501578
689.942653	-57.889739
690.101473	-59.329028
690.260367	-64.161961
690.419333	-59.026750
690.578372	-59.049009
690.737485	-61.268146
690.896672	-61.028178
691.055931	-60.328513
691.215264	-59.032726
691.374671	-60.196262
691.534151	-62.099717
691.693704	-59.099406
691.853332	-59.368530
692.013033	-61.069636
692.172807	-60.128936
692.332656	-60.037232
692.492578	-59.805594
692.652575	-59.466962
692.812645	-60.936725
692.972789	-60.398029
693.133007	-58.135156
693.293300	-60.135304
693.453666	-61.685774
693.614107	-58.812354
693.774622	-58.793817
693.935211	-60.506346
694.095875	-60.818498
694.256613	-58.454416
694.417426	-58.818697
694.578313	-61.674658
694.739274	-59.116513
694.900311	-58.175108
695.061421	-60.606638
695.222607	-60.203082
695.383868	-58.054087
695.545203	-59.622786
695.706613	-60.551682
695.868098	-58.562223
696.029658	-59.519403
696.191293	-59.401612
696.353003	-58.978983
696.514789	-60.177606
696.676649	-58.732618
696.838585	-58.327303
697.000596	-60.388453
697.162682	-59.733070
697.324844	-57.704165
697.487081	-59.295260
697.649394	-59.843484
697.811782	-59.064724
697.974246	-59.086432
698.136786	-57.821422
698.299401	-60.233326
698.462092	-60.049435
698.624859	-56.697438
698.787702	-59.041892
698.950621	-61.388263
699.113616	-56.458946
699.276686	-58.148887
699.439833	-62.000921
699.603056	-56.679198
699.766355	-58.163194
699.929731	-60.597309
700.093183	-58.212942
700.256711	-58.254582
700.420315	-58.595051
700.583996	-59.035603
700.747754	-59.148054
700.911588	-58.206283
701.075499	-57.993901
701.239486	-59.126730
701.403550	-59.372423
701.567691	-57.626785
701.731909	-58.092617
701.896203	-59.681747
702.060575	-58.050074
702.225024	-58.102939
702.389549	-58.774950
702.554152	-58.706755
702.718832	-58.006577
702.883589	-57.979623
703.048424	-59.160701
703.213335	-58.512232
703.378324	-57.676937
703.543391	-57.954850
703.708535	-59.426210
703.873757	-58.619017
704.039056	-56.528133
704.204433	-58.781062
704.369887	-59.664740
704.535420	-56.621945
704.701030	-58.061389
704.866718	-59.083406
705.032484	-58.148889
705.198328	-57.328271
705.364250	-58.012906
705.530250	-59.466220
705.696328	-57.271712
705.862485	-57.096660
706.028720	-59.355733
706.195033	-58.598689
706.361424	-56.396239
706.527894	-58.388452
706.694442	-59.049056
706.861069	-57.578597
707.027775	-56.810123
707.194559	-58.891371
707.361422	-58.532235
707.528363	-56.437217
707.695384	-58.669665
707.862483	-58.151729
708.029661	-57.995782
708.196918	-56.957165
708.364254	-58.539089
708.531670	-58.437070
708.699164	-56.654464
708.866738	-58.183153
709.034391	-58.477333
709.202123	-57.373796
709.369935	-57.439170
709.537826	-58.171994
709.705796	-57.845535
709.873847	-57.797404
710.041976	-56.838619
710.210186	-59.125791
710.378475	-57.386731
710.546844	-56.820147
710.715292	-58.702696
710.883821	-57.732527
711.052429	-57.144657
711.221118	-57.907414
711.389887	-57.908774
711.558735	-57.471713
711.727664	-57.988236
711.896673	-56.575556
712.065763	-59.096716
712.234932	-57.435193
712.404183	-56.296602
712.573513	-58.715184
712.742924	-58.369232
712.912416	-55.809232
713.081988	-58.248351
713.251641	-58.737479
713.421375	-55.435602
713.591190	-59.141421
713.761085	-57.344560
713.931061	-57.024370
714.101119	-58.506971
714.271257	-56.666870
714.441476	-58.130998
714.611777	-57.856642
714.782159	-56.523477
714.952622	-58.583348
715.123166	-57.695890
715.293792	-56.522936
715.464499	-57.905032
715.635288	-58.310852
715.806158	-57.061835
715.977110	-56.626719
716.148143	-59.365764
716.319259	-56.932842
716.490456	-56.245633
716.661735	-59.523820
716.833096	-57.033603
717.004538	-56.692724
717.176063	-58.472297
717.347670	-57.361302
717.519359	-57.708339
717.691130	-57.057452
717.862984	-57.884167
718.034920	-58.063233
718.206938	-56.579435
718.379039	-58.013022
718.551222	-58.222172
718.723488	-56.613894
718.895836	-57.513824
719.068267	-58.667622
719.240781	-56.583753
719.413377	-57.417267
719.586057	-58.405650
719.758819	-57.353663
719.931664	-57.028032
720.104593	-57.875040
720.277604	-58.188822
720.450699	-56.481878
720.623876	-58.167897
720.797137	-58.041705
720.970482	-56.553114
721.143910	-58.450910
721.317421	-57.179794
721.491016	-57.868374
721.664694	-57.598456
721.838456	-56.880551
722.012302	-59.153568
722.186231	-56.529593
722.360244	-56.747724
722.534342	-60.296376
722.708523	-55.924503
722.882788	-56.948666
723.057137	-59.618594
723.231570	-56.047591
723.406088	-58.252846
723.580689	-57.597819
723.755375	-57.737018
723.930146	-57.571363
724.105000	-56.736520
724.279940	-59.206301
724.454963	-57.055014
724.630072	-56.798291
724.805265	-58.792053
724.980543	-57.767343
725.155905	-56.273967
725.331353	-58.287458
725.506885	-58.792759
725.682503	-56.209970
725.858205	-57.707835
726.033993	-59.008940
726.209865	-56.476891
726.385823	-57.142377
726.561866	-59.481005
726.737995	-56.541797
726.914209	-57.423843
727.090508	-58.624541
727.266893	-56.935448
727.443364	-57.953516
727.619920	-57.386829
727.796562	-58.605479
727.973290	-56.660936
728.150103	-57.647567
728.327003	-58.758686
728.503988	-55.935275
728.681060	-59.152030
728.858218	-57.354234
729.035461	-56.469951
729.212791	-59.070838
729.390208	-56.461727
729.567710	-58.767461
729.745299	-56.897379
729.922975	-56.812934
730.100737	-59.867322
730.278586	-55.227136
730.456521	-58.372307
730.634543	-58.295318
730.812652	-55.771746
730.990848	-58.624637
731.169130	-57.784105
731.347500	-56.814906
731.525957	-57.159103
731.704500	-58.675420
731.883131	-56.588821
732.061850	-57.275141
732.240655	-58.176194
732.419548	-56.360012
732.598528	-58.098921
732.777596	-57.229565
732.956751	-57.006100
733.135994	-57.806535
733.315325	-56.898211
733.494744	-57.266804
733.674250	-57.728521
733.853844	-56.072825
734.033526	-58.705812
734.213296	-56.467034
734.393154	-56.128258
734.573101	-59.178621
734.753135	-55.757443
734.933258	-56.935557
735.113469	-57.900399
735.293769	-56.706551
735.474157	-56.123642
735.654633	-57.965811
735.835198	-56.722911
736.015852	-55.708288
736.196594	-58.711447
736.377426	-55.823108
736.558346	-56.100596
736.739355	-58.261827
736.920453	-55.377805
737.101640	-56.883905
737.282916	-57.170566
737.464282	-55.747856
737.645736	-57.336778
737.827280	-55.680678
738.008914	-57.350324
738.190637	-55.699790
738.372449	-56.017411
738.554351	-57.411793
738.736342	-55.137921
738.918424	-57.198894
739.100595	-55.460143
739.282855	-56.640642
739.465206	-55.649091
739.647647	-56.032768
739.830178	-56.742620
740.012799	-54.685339
740.195510	-57.048254
740.378311	-55.582248
740.561203	-54.447949
740.744185	-57.485030
740.927258	-55.148619
741.110421	-54.534497
741.293674	-57.353367
741.477018	-54.783533
741.660453	-54.840497
741.843979	-56.179369
742.027596	-55.022785
742.211303	-54.679229
742.395102	-56.274760
742.578991	-54.949223
742.762972	-54.267661
742.947044	-56.245352
743.131207	-54.338839
743.315461	-54.411419
743.499807	-55.763457
743.684244	-54.471223
743.868773	-54.621712
744.053394	-55.127710
744.238106	-54.273731
744.422910	-54.782881
744.607805	-54.055135
744.792793	-55.108780
744.977872	-53.631106
745.163044	-55.087603
745.348307	-54.168744
745.533663	-53.541486
745.719111	-55.144026
745.904651	-52.935020
746.090283	-55.248781
746.276008	-52.873683
746.461826	-54.931852
746.647735	-53.362067
746.833738	-53.349754
747.019833	-54.785680
747.206021	-52.213888
747.392302	-54.922891
747.578676	-52.859664
747.765143	-53.644844
747.951703	-53.358680
748.138356	-53.501796
748.325102	-53.443057
748.511941	-52.586126
748.698874	-54.098952
748.885900	-52.364276
749.073019	-53.088495
749.260232	-53.495960
749.447539	-52.453317
749.634939	-52.735980
749.822433	-53.569571
750.010021	-52.075017
750.197703	-52.417023
750.385479	-53.526982
750.573348	-51.336710
750.761312	-53.410642
750.949370	-52.177212
751.137523	-51.949761
751.325769	-52.721627
751.514110	-52.249723
751.702545	-51.890165
751.891075	-51.879097
752.079700	-52.939068
752.268419	-50.644629
752.457233	-53.331758
752.646142	-51.154484
752.835145	-51.655923
753.024244	-52.146153
753.213437	-51.414046
753.402726	-51.712325
753.592110	-51.145796
753.781589	-52.454267
753.971163	-50.339305
754.160833	-52.246033
754.350598	-51.204792
754.540459	-50.534518
754.730415	-52.284571
754.920467	-50.669482
755.110615	-50.629607
755.300858	-52.094702
755.491198	-50.154325
755.681633	-51.010076
755.872164	-51.399641
756.062792	-50.149489
756.253515	-51.025877
756.444335	-50.992887
756.635252	-50.304864
756.826264	-50.673179
757.017373	-50.829969
757.208579	-50.183463
757.399881	-50.377133
757.591280	-50.899236
757.782776	-49.640163
757.974368	-50.686076
758.166058	-50.344518
758.357844	-49.500140
758.549728	-51.000053
758.741708	-49.529871
758.933786	-50.084873
759.125961	-50.043805
759.318233	-50.036731
759.510603	-49.263055
759.703071	-50.714831
759.895635	-49.020804
760.088298	-49.980480
760.281058	-49.866524
760.473916	-49.019098
760.666872	-50.044566
760.859926	-49.352035
761.053078	-49.342534
761.246328	-49.344536
761.439676	-49.799481
761.633122	-48.485420
761.826667	-50.077735
762.020310	-48.941414
762.214052	-48.748203
762.407892	-49.816339
762.601831	-48.598915
762.795868	-48.902063
762.990004	-49.476390
763.184239	-48.485405
763.378573	-48.718220
763.573006	-49.483875
763.767538	-48.120055
763.962169	-48.876086
764.156900	-49.177308
764.351729	-47.829039
764.546658	-49.164516
764.741687	-48.587871
764.936815	-47.912712
765.132042	-49.064142
765.327370	-48.244471
765.522797	-47.722927
765.718324	-49.461911
765.913950	-47.275355
766.109677	-48.859828
766.305504	-48.003833
766.501431	-47.998766
766.697458	-48.234929
766.893586	-48.117756
767.089814	-47.730415
767.286142	-48.253346
767.482571	-47.857054
767.679100	-47.479671
767.875730	-48.481350
768.072461	-47.203176
768.269293	-48.145249
768.466225	-47.514868
768.663259	-47.960611
768.860393	-46.967847
769.057629	-48.847731
769.254966	-46.312791
769.452404	-48.474654
769.649944	-47.057823
769.847585	-46.963180
770.045328	-48.061149
770.243172	-46.740959
770.441118	-47.616426
770.639166	-47.168546
770.837315	-47.248275
771.035567	-46.983196
771.233920	-47.609716
771.432376	-46.519815
771.630934	-47.668942
771.829594	-46.640363
772.028356	-47.081794
772.227220	-46.992933
772.426188	-46.854717
772.625257	-46.702949
772.824430	-47.122184
773.023705	-46.525062
773.223083	-46.625750
773.422563	-47.232710
773.622147	-45.953367
773.821834	-47.403064
774.021624	-46.159944
774.221517	-46.658915
774.421513	-46.622021
774.621613	-46.352337
774.821816	-46.429528
775.022122	-46.592474
775.222532	-46.033024
775.423046	-46.576999
775.623664	-46.246804
775.824385	-45.859389
776.025211	-46.913690
776.226140	-45.468984
776.427173	-46.841726
776.628311	-45.631729
776.829553	-46.571056
777.030899	-45.498506
777.232350	-46.750055
777.433905	-45.206806
777.635564	-46.688017
777.837328	-45.345707
778.039197	-46.101709
778.241171	-45.840183
778.443250	-45.529417
778.645433	-46.007251
778.847722	-45.750028
779.050116	-45.303756
779.252615	-46.335055
779.455219	-44.946717
779.657929	-46.074023
779.860744	-45.315783
780.063665	-45.355277
780.266691	-45.791086
780.469823	-44.986180
780.673061	-45.829332
780.876405	-45.028579
781.079855	-45.558825
781.283410	-45.053319
781.487072	-45.489386
781.690840	-45.022813
781.894715	-45.147529
782.098695	-45.400322
782.302783	-44.609856
782.506976	-45.657678
782.711277	-44.533725
782.915684	-45.241253
783.120198	-44.964392
783.324818	-44.652546
783.529546	-45.210808
783.734381	-44.667292
783.939322	-44.704740
784.144372	-45.103688
784.349528	-44.340408
784.554792	-44.989731
784.760163	-44.559752
784.965642	-44.359487
785.171228	-45.079298
785.376922	-43.882274
785.582724	-45.200768
785.788634	-43.962168
785.994651	-44.799325
786.200777	-44.145345
786.407011	-44.614026
786.613353	-43.993934
786.819804	-44.781372
787.026363	-43.616529
787.233030	-45.027880
787.439806	-43.476293
787.646691	-44.680131
787.853684	-43.775633
788.060786	-44.194009
788.267997	-43.959615
788.475317	-44.021453
788.682746	-43.897573
788.890285	-43.976653
789.097932	-43.799258
789.305689	-43.811599
789.513555	-43.907181
789.721531	-43.587023
789.929617	-43.894173
790.137812	-43.562742
790.346117	-43.706070
790.554531	-43.577362
790.763056	-43.586145
790.971691	-43.455766
791.180436	-43.663019
791.389291	-43.079093
791.598256	-43.928053
791.807332	-42.765715
792.016518	-44.004645
792.225815	-42.695182
792.435222	-43.757392
792.644740	-42.820034
792.854369	-43.502657
793.064109	-42.785800
793.273960	-43.487126
793.483922	-42.623739
793.693995	-43.459609
793.904180	-42.533458
794.114475	-43.320387
794.324882	-42.560262
794.535401	-43.137086
794.746031	-42.524016
794.956774	-43.051430
795.167627	-42.416218
795.378593	-43.026586
795.589671	-42.283424
795.800861	-42.917637
796.012162	-42.334860
796.223577	-42.589434
796.435103	-42.495991
796.646742	-42.339960
796.858493	-42.505866
797.070357	-42.266727
797.282334	-42.329504
797.494423	-42.308515
797.706626	-42.163246
797.918941	-42.264953
798.131369	-42.065393
798.343911	-42.139847
798.556566	-42.083946
798.769334	-41.927300
798.982215	-42.081964
799.195210	-41.812493
799.408319	-41.995146
799.621541	-41.738204
799.834877	-41.905901
800.048327	-41.623451
800.261890	-41.876633
800.475568	-41.467955
800.689360	-41.854758
800.903266	-41.316520
801.117287	-41.834124
801.331422	-41.199246
801.545671	-41.690757
801.760036	-41.214594
801.974514	-41.456027
802.189108	-41.277116
802.403816	-41.224519
802.618640	-41.293425
802.833578	-41.101097
803.048632	-41.178403
803.263800	-41.111140
803.479085	-40.961859
803.694484	-41.107260
803.909999	-40.869894
804.125630	-40.929689
804.341376	-40.910949
804.557239	-40.691814
804.773217	-40.925426
804.989311	-40.577678
805.205521	-40.776615
805.421847	-40.580585
805.638290	-40.575229
805.854849	-40.549357
806.071524	-40.537197
806.288316	-40.319829
806.505225	-40.617639
806.722250	-40.093833
806.939393	-40.607562
807.156652	-39.992996
807.374028	-40.453608
807.591521	-39.991705
807.809132	-40.270830
808.026859	-39.987587
808.244705	-40.154810
808.462667	-39.897553
808.680748	-40.091088
808.898946	-39.799899
809.117261	-40.026290
809.335695	-39.687900
809.554246	-39.978172
809.772916	-39.570076
809.991704	-39.897858
810.210610	-39.520285
810.429634	-39.736995
810.648777	-39.526737
810.868039	-39.552721
811.087419	-39.511680
811.306918	-39.448891
811.526535	-39.390206
811.746272	-39.414638
811.966127	-39.263682
812.186102	-39.327029
812.406196	-39.218771
812.626409	-39.171516
812.846742	-39.199352
813.067194	-39.031651
813.287766	-39.131819
813.508457	-38.961833
813.729269	-39.008549
813.950200	-38.930020
814.171251	-38.852432
814.392422	-38.949281
814.613714	-38.647991
814.835126	-38.986016
815.056658	-38.494800
815.278311	-38.915207
815.500084	-38.457257
815.721978	-38.733856
815.943993	-38.498941
816.166128	-38.547115
816.388385	-38.486073
816.610762	-38.427745
816.833261	-38.433492
817.055881	-38.308658
817.278623	-38.382027
817.501486	-38.208123
817.724471	-38.300972
817.947577	-38.134518
818.170805	-38.199499
818.394155	-38.050477
818.617627	-38.135526
818.841221	-37.934766
819.064937	-38.060962
819.288775	-37.875738
819.512736	-37.912082
819.736819	-37.879816
819.961025	-37.745548
820.185354	-37.861197
820.409805	-37.607179
820.634379	-37.818511
820.859076	-37.499587
821.083897	-37.740914
821.308840	-37.442189
821.533907	-37.599419
821.759097	-37.441337
821.984411	-37.440912
822.209848	-37.415137
822.435409	-37.341484
822.661093	-37.337290
822.886902	-37.281487
823.112834	-37.236420
823.338891	-37.250817
823.565072	-37.105892
823.791377	-37.241984
824.017807	-36.985499
824.244361	-37.186770
824.471039	-36.936464
824.697843	-37.078985
824.924771	-36.905374
825.151824	-36.977299
825.379002	-36.867095
825.606306	-36.879157
825.833734	-36.821335
826.061288	-36.806278
826.288967	-36.722986
826.516772	-36.793437
826.744703	-36.598233
826.972759	-36.757365
827.200941	-36.527103
827.429249	-36.657129
827.657683	-36.506635
827.886243	-36.528876
828.114930	-36.516210
828.343743	-36.358234
828.572682	-36.556945
828.801748	-36.198146
829.030941	-36.547413
829.260260	-36.098032
829.489706	-36.491526
829.719280	-36.031406
829.948980	-36.402621
830.178808	-36.000491
830.408763	-36.270884
830.638845	-36.001775
830.869055	-36.125694
831.099393	-36.006024
831.329858	-35.975542
831.560451	-36.029102
831.791173	-35.831584
832.022022	-36.024184
832.252999	-35.742169
832.484105	-35.963494
832.715339	-35.696242
832.946702	-35.861292
833.178193	-35.687184
833.409813	-35.732974
833.641561	-35.683783
833.873439	-35.628060
834.105445	-35.657695
834.337581	-35.536450
834.569846	-35.638233
834.802241	-35.441950
835.034764	-35.610642
835.267418	-35.366054
835.500201	-35.569055
835.733114	-35.297810
835.966157	-35.495544
836.199329	-35.293265
836.432632	-35.348029
836.666065	-35.340660
836.899629	-35.185687
837.133323	-35.387443
837.367147	-35.039362
837.601102	-35.393533
837.835188	-34.971214
838.069405	-35.289132
838.303752	-35.000918
838.538231	-35.109868
838.772841	-35.086517
839.007582	-34.909593
839.242455	-35.157741
839.477459	-34.782220
839.712595	-35.110264
839.947863	-34.779323
840.183263	-34.951396
840.418794	-34.849058
840.654458	-34.768701
840.890254	-34.900224
841.126182	-34.664425
841.362242	-34.841920
841.598435	-34.663564
841.834761	-34.704639
842.071220	-34.697613
842.307811	-34.583479
842.544536	-34.681889
842.781393	-34.539283
843.018384	-34.592250
843.255508	-34.542583
843.492765	-34.480602
843.730156	-34.539036
843.967681	-34.410361
844.205339	-34.473899
844.443132	-34.407366
844.681058	-34.362522
844.919118	-34.418594
845.157313	-34.266613
845.395642	-34.393995
845.634105	-34.219820
845.872703	-34.326139
846.111436	-34.191141
846.350303	-34.271202
846.589306	-34.140476
846.828443	-34.227361
847.067716	-34.108690
847.307124	-34.129222
847.546667	-34.163553
847.786345	-33.946299
848.026160	-34.264610
848.266110	-33.798541
848.506195	-34.257421
848.746417	-33.812501
848.986775	-34.051740
849.227269	-33.997221
849.467899	-33.760435
849.708666	-34.164049
849.949569	-33.613197
850.190609	-34.101141
850.431785	-33.711757
850.673099	-33.820784
850.914549	-33.929926
851.156137	-33.582004
851.397861	-33.993787
851.639723	-33.561254
851.881723	-33.827606
852.123860	-33.692495
852.366135	-33.633981
852.608547	-33.755700
852.851098	-33.585708
853.093786	-33.662436
853.336613	-33.644853
853.579578	-33.538159
853.822681	-33.666398
854.065923	-33.499739
854.309304	-33.597634
854.552823	-33.520298
854.796481	-33.527873
855.040278	-33.494156
855.284215	-33.513974
855.528290	-33.448515
855.772505	-33.466797
856.016859	-33.478166
856.261353	-33.335327
856.505987	-33.556861
856.750760	-33.237180
856.995673	-33.523976
857.240727	-33.294597
857.485920	-33.328772
857.731254	-33.457070
857.976729	-33.135791
858.222343	-33.522591
858.468099	-33.111350
858.713995	-33.380847
858.960032	-33.245611
859.206211	-33.184809
859.452530	-33.333459
859.698991	-33.118216
859.945593	-33.266851
860.192336	-33.176399
860.439222	-33.124218
860.686248	-33.248202
860.933417	-33.040706
861.180728	-33.229114
861.428181	-33.055392
861.675776	-33.123248
861.923514	-33.135952
862.171394	-32.978811
862.419417	-33.222487
862.667582	-32.877918
862.915890	-33.219912
863.164342	-32.901814
863.412936	-33.074885
863.661674	-33.035072
863.910555	-32.900288
864.159579	-33.111609
864.408747	-32.873545
864.658059	-32.988076
864.907515	-33.013684
865.157114	-32.799066
865.406858	-33.103873
865.656746	-32.775703
865.906778	-32.975689
866.156955	-32.930659
866.407277	-32.772758
866.657743	-33.036549
866.908354	-32.725372
867.159110	-32.950003
867.410011	-32.821746
867.661057	-32.811583
867.912249	-32.878237
868.163586	-32.778108
868.415069	-32.823048
868.666697	-32.817248
868.918472	-32.745088
869.170392	-32.841967
869.422458	-32.689810
869.674671	-32.853679
869.927030	-32.639997
870.179536	-32.839755
870.432188	-32.656234
870.684987	-32.717040
870.937933	-32.774431
871.191026	-32.567607
871.444266	-32.798123
871.697653	-32.615542
871.951188	-32.587281
872.204870	-32.811106
872.458700	-32.429507
872.712677	-32.750944
872.966803	-32.613915
873.221076	-32.423208
873.475498	-32.832779
873.730068	-32.355321
873.984787	-32.620451
874.239654	-32.629844
874.494669	-32.337916
874.749834	-32.677130
875.005147	-32.458652
875.260610	-32.378193
875.516222	-32.648506
875.771983	-32.323138
876.027894	-32.453377
876.283954	-32.524024
876.540164	-32.294969
876.796524	-32.441735
877.053033	-32.446634
877.309693	-32.254214
877.566503	-32.429904
877.823464	-32.369682
878.080575	-32.223342
878.337837	-32.402211
878.595249	-32.319239
878.852813	-32.148905
879.110528	-32.449629
879.368393	-32.173911
879.626410	-32.183980
879.884579	-32.406264
880.142899	-32.079665
880.401371	-32.218798
880.659994	-32.339257
880.918770	-32.010242
881.177698	-32.250641
881.436778	-32.264158
881.696010	-31.935734
881.955395	-32.337795
882.214933	-32.083896
882.474623	-31.996134
882.734467	-32.293499
882.994463	-31.987588
883.254613	-32.037694
883.514916	-32.231391
883.775372	-31.907832
884.035982	-32.094017
884.296746	-32.121151
884.557664	-31.882498
884.818735	-32.122717
885.079961	-31.987530
885.341341	-31.932580
885.602876	-32.040972
885.864565	-31.958747
886.126409	-31.910223
886.388407	-31.990600
886.650561	-31.939506
886.912870	-31.840632
887.175334	-32.013865
887.437953	-31.833215
887.700728	-31.855317
887.963658	-31.968719
888.226745	-31.757857
888.489987	-31.873365
888.753385	-31.895936
889.016940	-31.704847
889.280651	-31.890131
889.544518	-31.797902
889.808543	-31.688287
890.072723	-31.889504
890.337061	-31.673468
890.601556	-31.752434
890.866208	-31.766982
891.131017	-31.676464
891.395984	-31.710764
891.661109	-31.716879
891.926391	-31.638422
892.191831	-31.694517
892.457429	-31.646698
892.723186	-31.625544
892.989100	-31.655157
893.255173	-31.599531
893.521405	-31.585434
893.787796	-31.652634
894.054345	-31.492762
894.321053	-31.631026
894.587921	-31.536958
894.854948	-31.512597
895.122134	-31.547375
895.389480	-31.523972
895.656986	-31.465995
895.924651	-31.489394
896.192477	-31.498414
896.460463	-31.436826
896.728609	-31.382556
896.996915	-31.543018
897.265382	-31.323430
897.534010	-31.346891
897.802799	-31.535398
898.071749	-31.229249
898.340860	-31.314753
898.610132	-31.506972
898.879566	-31.144724
899.149162	-31.292112
899.418919	-31.447355
899.688838	-31.087508
899.958919	-31.256747
900.229162	-31.377739
900.499568	-31.034479
900.770136	-31.243825
901.040867	-31.251909
901.311761	-31.034018
901.582817	-31.203786
901.854037	-31.104183
902.125420	-31.077301
902.396966	-31.109797
902.668676	-30.995509
902.940550	-31.093087
903.212587	-31.026129
903.484788	-30.896010
903.757153	-31.072180
904.029683	-30.983587
904.302377	-30.755793
904.575236	-31.088764
904.848259	-30.887746
905.121447	-30.688499
905.394800	-31.026960
905.668319	-30.833733
905.942002	-30.613243
906.215852	-30.965049
906.489866	-30.753504
906.764047	-30.583286
907.038393	-30.868028
907.312906	-30.670490
907.587584	-30.566841
907.862429	-30.770988
908.137441	-30.560353
908.412619	-30.569235
908.687964	-30.669681
908.963476	-30.441285
909.239155	-30.561493
909.515002	-30.572373
909.791015	-30.329215
910.067197	-30.520335
910.343546	-30.484600
910.620063	-30.230706
910.896748	-30.445965
911.173601	-30.388613
911.450623	-30.155610
911.727813	-30.356232
912.005171	-30.261209
912.282699	-30.113812
912.560395	-30.260849
912.838261	-30.097756
913.116296	-30.099640
913.394500	-30.159501
913.672874	-29.935808
913.951418	-30.067394
914.230131	-30.075986
914.509015	-29.786562
914.788068	-30.002823
915.067292	-30.005136
915.346687	-29.664561
915.626252	-29.913265
915.905988	-29.929750
916.185895	-29.578919
916.465973	-29.805868
916.746223	-29.848096
917.026644	-29.507745
917.307236	-29.711018
917.588000	-29.740669
917.868937	-29.468382
918.150045	-29.589911
918.431325	-29.673051
918.712778	-29.387353
918.994404	-29.516719
919.276202	-29.563445
919.558173	-29.349000
919.840317	-29.405084
920.122634	-29.492260
920.405125	-29.279585
920.687789	-29.323963
920.970627	-29.397970
921.253639	-29.220347
921.536824	-29.242303
921.820184	-29.314609
922.103718	-29.137225
922.387427	-29.189121
922.671310	-29.210072
922.955368	-29.064796
923.239601	-29.117151
923.524009	-29.134285
923.808592	-28.954321
924.093351	-29.070616
924.378285	-29.045057
924.663396	-28.855575
924.948682	-28.984736
925.234144	-28.994979
925.519782	-28.742312
925.805597	-28.873554
926.091589	-28.948538
926.377757	-28.666106
926.664102	-28.721911
926.950624	-28.876818
927.237323	-28.635893
927.524200	-28.567264
927.811255	-28.751988
928.098487	-28.616347
928.385897	-28.465035
928.673485	-28.587962
928.961251	-28.562196
929.249196	-28.401185
929.537319	-28.459212
929.825621	-28.439519
930.114102	-28.356683
930.402762	-28.359818
930.691601	-28.322092
930.980620	-28.264194
931.269818	-28.305872
931.559196	-28.209034
931.848753	-28.164074
932.138491	-28.236535
932.428409	-28.148401
932.718508	-28.027402
933.008787	-28.174834
933.299246	-28.109780
933.589887	-27.913637
933.880709	-28.044955
934.171712	-28.124265
934.462896	-27.837347
934.754262	-27.877056
935.045810	-28.083432
935.337539	-27.857771
935.629451	-27.721367
935.921545	-27.944874
936.213822	-27.895859
936.506281	-27.652117
936.798922	-27.760323
937.091747	-27.862904
937.384755	-27.632013
937.677946	-27.617129
937.971321	-27.758825
938.264879	-27.599436
938.558621	-27.510659
938.852547	-27.628634
939.146657	-27.547950
939.440952	-27.403837
939.735431	-27.501260
940.030095	-27.456481
940.324943	-27.316647
940.619977	-27.360931
940.915196	-27.360964
941.210600	-27.195595
941.506189	-27.227968
941.801965	-27.272891
942.097926	-27.084045
942.394074	-27.042655
942.690407	-27.170484
942.986927	-27.037440
943.283634	-26.866468
943.580527	-26.974627
943.877608	-26.996639
944.174875	-26.787543
944.472330	-26.770808
944.769972	-26.856900
945.067802	-26.742369
945.365820	-26.640144
945.664026	-26.707650
945.962420	-26.651205
946.261002	-26.518341
946.559773	-26.580728
946.858733	-26.592649
947.157881	-26.407467
947.457219	-26.401688
947.756746	-26.519527
948.056462	-26.387482
948.356368	-26.253285
948.656464	-26.350300
948.956749	-26.352435
949.257225	-26.204712
949.557891	-26.203102
949.858748	-26.243025
950.159796	-26.149370
950.461034	-26.094298
950.762463	-26.158241
951.064084	-26.089570
951.365896	-25.972650
951.667900	-26.034961
951.970095	-26.061195
952.272483	-25.911263
952.575063	-25.885877
952.877835	-25.959951
953.180799	-25.881858
953.483956	-25.795240
953.787307	-25.842067
954.090850	-25.827108
954.394586	-25.700697
954.698516	-25.717230
955.002640	-25.788079
955.306957	-25.674061
955.611469	-25.551204
955.916174	-25.649605
956.221074	-25.699536
956.526169	-25.524825
956.831458	-25.454394
957.136942	-25.582214
957.442622	-25.555313
957.748496	-25.397521
958.054567	-25.418544
958.360833	-25.493726
958.667294	-25.378748
958.973952	-25.305084
959.280806	-25.401570
959.587857	-25.375968
959.895104	-25.233039
960.202548	-25.234659
960.510189	-25.337040
960.818027	-25.265965
961.126062	-25.128263
961.434295	-25.173849
961.742726	-25.234655
962.051355	-25.132532
962.360182	-25.071370
962.669207	-25.126713
962.978431	-25.098365
963.287854	-24.991154
963.597475	-25.017791
963.907296	-25.077844
964.217315	-24.968327
964.527535	-24.853951
964.837954	-24.939245
965.148573	-25.001042
965.459392	-24.854691
965.770411	-24.740623
966.081630	-24.841355
966.393051	-24.889624
966.704672	-24.721807
967.016494	-24.658507
967.328517	-24.758126
967.640742	-24.732581
967.953169	-24.582344
968.265797	-24.574566
968.578627	-24.666685
968.891660	-24.595467
969.204895	-24.428772
969.518332	-24.470952
969.831972	-24.569998
970.145816	-24.449524
970.459862	-24.301980
970.774112	-24.370750
971.088565	-24.438122
971.403223	-24.293899
971.718084	-24.190700
972.033149	-24.282796
972.348419	-24.303140
972.663893	-24.132394
972.979572	-24.066799
973.295456	-24.189420
973.611546	-24.187482
973.927840	-23.987080
974.244340	-23.939471
974.561046	-24.069366
974.877958	-24.071555
975.195076	-23.878525
975.512401	-23.814362
975.829932	-23.948428
976.147670	-23.950507
976.465615	-23.761085
976.783767	-23.712811
977.102126	-23.835755
977.420693	-23.837337
977.739468	-23.650307
978.058451	-23.594551
978.377642	-23.734793
978.697041	-23.736550
979.016649	-23.552906
979.336466	-23.486162
979.656492	-23.618917
979.976727	-23.641702
980.297171	-23.461445
980.617825	-23.392871
980.938689	-23.513262
981.259763	-23.541504
981.581048	-23.377326
981.902542	-23.290005
982.224248	-23.409700
982.546164	-23.464576
982.868291	-23.304141
983.190630	-23.187715
983.513180	-23.286292
983.835942	-23.387595
984.158916	-23.250228
984.482101	-23.108876
984.805500	-23.169225
985.129110	-23.279773
985.452934	-23.197399
985.776970	-23.043422
986.101220	-23.068963
986.425683	-23.184613
986.750359	-23.130122
987.075250	-22.973258
987.400354	-22.965489
987.725673	-23.094029
988.051206	-23.079870
988.376954	-22.915346
988.702916	-22.858946
989.029094	-22.967740
989.355487	-23.026537
989.682095	-22.883686
990.008919	-22.768746
990.335959	-22.840707
990.663216	-22.928539
990.990688	-22.842563
991.318377	-22.707157
991.646283	-22.722385
991.974406	-22.820475
992.302746	-22.784753
992.631304	-22.640930
992.960079	-22.605948
993.289072	-22.708326
993.618283	-22.721807
993.947713	-22.585551
994.277361	-22.494255
994.607227	-22.559434
994.937313	-22.642812
995.267618	-22.550569
995.598142	-22.412237
995.928886	-22.405259
996.259849	-22.505586
996.591033	-22.506800
996.922437	-22.363882
997.254061	-22.287429
997.585906	-22.345854
997.917972	-22.402483
998.250260	-22.317807
998.582768	-22.199663
998.915498	-22.206335
999.248450	-22.269770
999.581624	-22.244671
999.915020	-22.118712
1000.248639	-22.067383
1000.582480	-22.131708
1000.916545	-22.160174
1001.250832	-22.065045
1001.585343	-21.942757
1001.920077	-21.960526
1002.255035	-22.038370
1002.590218	-22.023257
1002.925624	-21.892355
1003.261255	-21.809670
1003.597111	-21.866419
1003.933192	-21.924574
1004.269497	-21.866910
1004.606029	-21.740819
1004.942785	-21.711290
1005.279768	-21.779307
1005.616977	-21.798742
1005.954412	-21.709696
1006.292074	-21.612851
1006.629962	-21.628411
1006.968077	-21.690943
1007.306420	-21.673944
1007.644990	-21.571367
1007.983787	-21.507390
1008.322813	-21.552282
1008.662067	-21.598120
1009.001549	-21.554614
1009.341259	-21.452839
1009.681199	-21.426321
1010.021367	-21.480568
1010.361765	-21.505006
1010.702392	-21.441880
1011.043250	-21.352522
1011.384337	-21.353353
1011.725654	-21.407932
1012.067202	-21.421130
1012.408980	-21.342075
1012.750989	-21.267488
1013.093230	-21.279681
1013.435702	-21.332984
1013.778405	-21.334998
1014.121341	-21.256507
1014.464508	-21.197766
1014.807908	-21.208988
1015.151540	-21.254784
1015.495405	-21.243335
1015.839503	-21.173790
1016.183835	-21.129603
1016.528400	-21.145717
1016.873198	-21.179362
1017.218231	-21.151393
1017.563498	-21.088477
1017.908999	-21.054410
1018.254735	-21.077738
1018.600707	-21.101805
1018.946913	-21.066123
1019.293354	-21.004053
1019.640032	-20.970686
1019.986945	-20.999698
1020.334094	-21.015366
1020.681480	-20.982219
1021.029102	-20.913397
1021.376961	-20.884428
1021.725058	-20.908303
1022.073391	-20.924414
1022.421962	-20.890662
1022.770772	-20.817536
1023.119819	-20.787678
1023.469104	-20.801299
1023.818628	-20.826274
1024.168391	-20.789557
1024.518393	-20.722642
1024.868634	-20.676599
1025.219115	-20.685711
1025.569836	-20.707415
1025.920796	-20.678703
1026.271997	-20.617085
1026.623438	-20.559521
1026.975121	-20.562841
1027.327044	-20.573288
1027.679208	-20.561081
1028.031614	-20.493982
1028.384262	-20.439692
1028.737152	-20.423601
1029.090284	-20.439895
1029.443659	-20.431029
1029.797276	-20.374462
1030.151137	-20.313365
1030.505240	-20.281663
1030.859587	-20.297074
1031.214178	-20.294562
1031.569013	-20.259810
1031.924093	-20.189396
1032.279417	-20.153557
1032.634985	-20.149641
1032.990799	-20.163806
1033.346858	-20.138343
1033.703162	-20.082102
1034.059712	-20.033333
1034.416509	-20.020206
1034.773551	-20.038401
1035.130841	-20.027105
1035.488377	-19.989145
1035.846160	-19.929063
1036.204190	-19.911176
1036.562468	-19.917780
1036.920994	-19.933416
1037.279768	-19.906041
1037.638790	-19.857189
1037.998061	-19.817967
1038.357581	-19.817742
1038.717350	-19.840557
1039.077368	-19.835472
1039.437636	-19.803260
1039.798154	-19.750246
1040.158922	-19.740977
1040.519940	-19.751397
1040.881209	-19.774286
1041.242729	-19.749957
1041.604501	-19.712086
1041.966524	-19.673762
1042.328798	-19.681793
1042.691325	-19.700343
1043.054103	-19.708413
1043.417135	-19.677002
1043.780419	-19.633689
1044.143956	-19.617318
1044.507746	-19.628642
1044.871791	-19.653032
1045.236088	-19.640836
1045.600641	-19.607610
1045.965447	-19.567221
1046.330508	-19.567298
1046.695824	-19.580436
1047.061395	-19.598245
1047.427222	-19.571466
1047.793304	-19.538668
1048.159642	-19.504909
1048.526237	-19.515873
1048.893088	-19.528577
1049.260196	-19.535175
1049.627561	-19.500848
1049.995183	-19.465428
1050.363063	-19.442088
1050.731201	-19.451433
1051.099597	-19.463177
1051.468251	-19.455518
1051.837164	-19.419640
1052.206336	-19.378059
1052.575767	-19.360863
1052.945458	-19.361066
1053.315409	-19.367673
1053.685619	-19.342848
1054.056090	-19.305077
1054.426821	-19.255760
1054.797814	-19.240183
1055.169067	-19.227758
1055.540582	-19.225918
1055.912359	-19.185032
1056.284398	-19.140884
1056.656698	-19.087523
1057.029262	-19.068930
1057.402088	-19.049064
1057.775177	-19.035031
1058.148530	-18.986728
1058.522146	-18.940037
1058.896027	-18.885488
1059.270171	-18.864823
1059.644580	-18.841418
1060.019254	-18.824548
1060.394193	-18.775108
1060.769397	-18.732281
1061.144867	-18.683196
1061.520602	-18.665353
1061.896604	-18.644713
1062.272872	-18.630407
1062.649407	-18.589780
1063.026210	-18.554325
1063.403279	-18.516096
1063.780616	-18.504630
1064.158221	-18.493807
1064.536094	-18.487794
1064.914235	-18.459481
1065.292645	-18.433048
1065.671325	-18.408670
1066.050273	-18.404697
1066.429491	-18.406517
1066.808979	-18.407231
1067.188738	-18.395628
1067.568766	-18.378602
1067.949066	-18.367151
1068.329636	-18.367802
1068.710478	-18.378751
1069.091592	-18.385605
1069.472977	-18.384956
1069.854635	-18.374894
1070.236565	-18.372420
1070.618768	-18.373939
1071.001243	-18.387235
1071.383993	-18.393785
1071.767016	-18.396012
1072.150313	-18.385429
1072.533884	-18.382608
1072.917730	-18.380134
1073.301850	-18.387291
1073.686246	-18.386909
1074.070917	-18.382720
1074.455864	-18.366147
1074.841087	-18.353548
1075.226586	-18.342058
1075.612362	-18.334649
1075.998415	-18.326520
1076.384745	-18.311747
1076.771353	-18.288939
1077.158238	-18.260541
1077.545401	-18.239875
1077.932843	-18.217899
1078.320564	-18.204000
1078.708564	-18.179291
1079.096842	-18.155860
1079.485401	-18.115624
1079.874240	-18.089546
1080.263358	-18.056255
1080.652757	-18.040441
1081.042438	-18.008954
1081.432399	-17.987950
1081.822641	-17.945106
1082.213166	-17.917560
1082.603972	-17.877174
1082.995061	-17.859907
1083.386433	-17.827152
1083.778087	-17.806266
1084.170025	-17.764054
1084.562246	-17.738118
1084.954751	-17.698883
1085.347541	-17.676393
1085.740615	-17.641240
1086.133973	-17.620871
1086.527617	-17.585622
1086.921546	-17.559400
1087.315761	-17.521017
1087.710262	-17.497325
1088.105050	-17.466983
1088.500124	-17.447133
1088.895485	-17.416132
1089.291134	-17.391172
1089.687070	-17.359702
1090.083294	-17.337340
1090.479806	-17.313637
1090.876607	-17.295516
1091.273696	-17.275760
1091.671075	-17.255570
1092.068744	-17.234608
1092.466702	-17.212073
1092.864950	-17.197559
1093.263489	-17.181759
1093.662319	-17.174331
1094.061440	-17.157315
1094.460852	-17.148086
1094.860555	-17.128615
1095.260551	-17.122794
1095.660840	-17.108656
1096.061421	-17.108800
1096.462295	-17.095318
1096.863462	-17.092139
1097.264923	-17.075341
1097.666678	-17.070324
1098.068727	-17.057846
1098.471071	-17.057161
1098.873710	-17.051317
1099.276644	-17.048079
1099.679874	-17.039569
1100.083400	-17.026634
1100.487222	-17.017481
1100.891340	-17.003591
1101.295756	-17.003258
1101.700468	-16.992432
1102.105478	-16.993874
1102.510787	-16.976973
1102.916393	-16.971455
1103.322298	-16.951431
1103.728502	-16.944978
1104.135005	-16.931422
1104.541807	-16.924695
1104.948909	-16.913916
1105.356312	-16.899303
1105.764015	-16.887318
1106.172019	-16.868154
1106.580324	-16.859506
1106.988931	-16.841525
1107.397840	-16.832955
1107.807051	-16.811547
1108.216564	-16.796819
1108.626380	-16.773377
1109.036500	-16.758594
1109.446923	-16.740316
1109.857649	-16.726192
1110.268680	-16.706655
1110.680016	-16.684422
1111.091657	-16.659453
1111.503602	-16.633656
1111.915854	-16.613947
1112.328411	-16.592124
1112.741275	-16.576370
1113.154445	-16.548316
1113.567922	-16.525342
1113.981706	-16.490504
1114.395798	-16.467501
1114.810198	-16.440530
1115.224906	-16.421691
1115.639923	-16.399628
1116.055249	-16.370623
1116.470884	-16.344098
1116.886829	-16.307970
1117.303084	-16.288405
1117.719650	-16.260783
1118.136526	-16.247658
1118.553713	-16.222022
1118.971212	-16.197437
1119.389022	-16.168821
1119.807145	-16.140224
1120.225580	-16.124553
1120.644328	-16.104091
1121.063389	-16.095077
1121.482763	-16.070927
1121.902452	-16.052330
1122.322454	-16.025446
1122.742771	-16.009207
1123.163404	-15.996714
1123.584351	-15.986636
1124.005614	-15.977462
1124.427193	-15.957305
1124.849089	-15.941970
1125.271301	-15.918889
1125.693830	-15.911878
1126.116677	-15.898516
1126.539842	-15.894141
1126.963324	-15.879181
1127.387126	-15.862960
1127.811246	-15.848612
1128.235685	-15.829178
1128.660444	-15.823851
1129.085522	-15.803170
1129.510922	-15.795289
1129.936641	-15.773081
1130.362682	-15.760678
1130.789044	-15.749514
1131.215728	-15.732438
1131.642734	-15.722447
1132.070063	-15.689333
1132.497714	-15.672088
1132.925689	-15.645182
1133.353987	-15.637236
1133.782610	-15.630528
1134.211556	-15.614463
1134.640827	-15.595960
1135.070424	-15.554541
1135.500345	-15.529714
1135.930593	-15.505052
1136.361166	-15.501191
1136.792067	-15.498201
1137.223294	-15.482637
1137.654848	-15.460271
1138.086730	-15.419787
1138.518940	-15.397045
1138.951479	-15.377452
1139.384346	-15.377522
1139.817543	-15.374904
1140.251069	-15.361922
1140.684925	-15.343304
1141.119111	-15.311050
1141.553628	-15.297071
1141.988475	-15.282165
1142.423655	-15.283896
1142.859166	-15.282399
1143.295009	-15.272188
1143.731185	-15.263638
1144.167694	-15.240156
1144.604536	-15.234178
1145.041711	-15.224094
1145.479221	-15.223975
1145.917065	-15.225837
1146.355245	-15.215917
1146.793759	-15.214765
1147.232609	-15.198010
1147.671795	-15.193237
1148.111317	-15.186917
1148.551177	-15.181516
1148.991373	-15.183829
1149.431907	-15.172732
1149.872779	-15.170232
1150.313989	-15.156699
1150.755538	-15.147711
1151.197426	-15.141405
1151.639653	-15.129787
1152.082220	-15.127927
1152.525128	-15.113770
1152.968376	-15.105782
1153.411966	-15.091687
1153.855897	-15.076013
1154.300169	-15.068327
1154.744784	-15.049641
1155.189742	-15.043190
1155.635042	-15.025946
1156.080687	-15.009850
1156.526674	-14.997299
1156.973007	-14.973600
1157.419683	-14.964929
1157.866705	-14.944490
1158.314072	-14.929033
1158.761786	-14.916178
1159.209845	-14.890423
1159.658251	-14.879901
1160.107004	-14.857101
1160.556104	-14.840527
1161.005553	-14.828131
1161.455349	-14.803763
1161.905494	-14.792788
1162.355989	-14.770530
1162.806832	-14.752893
1163.258026	-14.740653
1163.709570	-14.717933
1164.161464	-14.707472
1164.613710	-14.687541
1165.066307	-14.670709
1165.519256	-14.658069
1165.972558	-14.637407
1166.426212	-14.627366
1166.880219	-14.609293
1167.334580	-14.594172
1167.789295	-14.581648
1168.244364	-14.562175
1168.699788	-14.553068
1169.155567	-14.535597
1169.611702	-14.521632
1170.068193	-14.510357
1170.525041	-14.489873
1170.982245	-14.481770
1171.439807	-14.464710
1171.897726	-14.450350
1172.356004	-14.441265
1172.814640	-14.419330
1173.273635	-14.410235
1173.732989	-14.394935
1174.192703	-14.376981
1174.652778	-14.370537
1175.113213	-14.349497
1175.574009	-14.336488
1176.035167	-14.323988
1176.496687	-14.302226
1176.958569	-14.295204
1177.420814	-14.277543
1177.883422	-14.260709
1178.346394	-14.250863
1178.809730	-14.227976
1179.273430	-14.216393
1179.737496	-14.202552
1180.201927	-14.183632
1180.666723	-14.174788
1181.131886	-14.154745
1181.597416	-14.138669
1182.063312	-14.126525
1182.529576	-14.106712
1182.996209	-14.097192
1183.463209	-14.081487
1183.930579	-14.063903
1184.398317	-14.052971
1184.866426	-14.032637
1185.334904	-14.020641
1185.803754	-14.008741
1186.272974	-13.990672
1186.742566	-13.981428
1187.212529	-13.963202
1187.682865	-13.947002
1188.153574	-13.937699
1188.624656	-13.919207
1189.096112	-13.909182
1189.567942	-13.896870
1190.040147	-13.877015
1190.512726	-13.867743
1190.985681	-13.851177
1191.459012	-13.836581
1191.932720	-13.829010
1192.406804	-13.810210
1192.881265	-13.797916
1193.356104	-13.784934
1193.831322	-13.766316
1194.306918	-13.757943
1194.782893	-13.743440
1195.259248	-13.727888
1195.735982	-13.717783
1196.213097	-13.698400
1196.690593	-13.685695
1197.168471	-13.675114
1197.646730	-13.657300
1198.125371	-13.647991
1198.604395	-13.632287
1199.083803	-13.613828
1199.563594	-13.605451
1200.043769	-13.588488
1200.524329	-13.574976
1201.005273	-13.566358
1201.486604	-13.545648
1201.968320	-13.533582
1202.450422	-13.522994
1202.932912	-13.504092
1203.415789	-13.496325
1203.899054	-13.483237
1204.382707	-13.463635
1204.866748	-13.456108
1205.351179	-13.440936
1205.836000	-13.425495
1206.321211	-13.419824
1206.806812	-13.401977
1207.292805	-13.387703
1207.779189	-13.380170
1208.265965	-13.361971
1208.753134	-13.352826
1209.240696	-13.344106
1209.728651	-13.324757
1210.217000	-13.316445
1210.705744	-13.304698
1211.194883	-13.287808
1211.684417	-13.282755
1212.174347	-13.268634
1212.664673	-13.251927
1213.155396	-13.246123
1213.646516	-13.230178
1214.138034	-13.217163
1214.629951	-13.212324
1215.122266	-13.194235
1215.614980	-13.181399
1216.108095	-13.175254
1216.601609	-13.157358
1217.095524	-13.147787
1217.589841	-13.141019
1218.084559	-13.121627
1218.579679	-13.112196
1219.075202	-13.104388
1219.571128	-13.086929
1220.067458	-13.079685
1220.564191	-13.070259
1221.061330	-13.052215
1221.558874	-13.045369
1222.056823	-13.035907
1222.555178	-13.020406
1223.053940	-13.014820
1223.553109	-13.003468
1224.052686	-12.988116
1224.552671	-12.983855
1225.053065	-12.973328
1225.553867	-12.960097
1226.055079	-12.956273
1226.556702	-12.944303
1227.058735	-12.931848
1227.561179	-12.930133
1228.064035	-12.919519
1228.567303	-12.907846
1229.070983	-12.905994
1229.575077	-12.895155
1230.079585	-12.884638
1230.584506	-12.884836
1231.089842	-12.875351
1231.595594	-12.864380
1232.101761	-12.864040
1232.608345	-12.855766
1233.115345	-12.846396
1233.622762	-12.846984
1234.130597	-12.839235
1234.638851	-12.829199
1235.147523	-12.829483
1235.656615	-12.823620
1236.166126	-12.815018
1236.676058	-12.814999
1237.186411	-12.808760
1237.697185	-12.800154
1238.208381	-12.800769
1238.719999	-12.796073
1239.232040	-12.787646
1239.744505	-12.787554
1240.257394	-12.782647
1240.770708	-12.774385
1241.284446	-12.775577
1241.798610	-12.771590
1242.313201	-12.762155
1242.828218	-12.762366
1243.343662	-12.759752
1243.859534	-12.750625
1244.375834	-12.750557
1244.892563	-12.748749
1245.409721	-12.738580
1245.927309	-12.737179
1246.445327	-12.737423
1246.963777	-12.728016
1247.482657	-12.724381
1248.001970	-12.724661
1248.521716	-12.715995
1249.041894	-12.711156
1249.562506	-12.711928
1250.083553	-12.703867
1250.605034	-12.696677
1251.126950	-12.696811
1251.649302	-12.690246
1252.172091	-12.681920
1252.695316	-12.680777
1253.218979	-12.674200
1253.743079	-12.664365
1254.267619	-12.662298
1254.792597	-12.656651
1255.318015	-12.645017
1255.843874	-12.640276
1256.370173	-12.635297
1256.896913	-12.622952
1257.424095	-12.615649
1257.951720	-12.610713
1258.479787	-12.597409
1259.008298	-12.586932
1259.537254	-12.581792
1260.066654	-12.569268
1260.596499	-12.555215
1261.126790	-12.548161
1261.657527	-12.536803
1262.188711	-12.520643
1262.720342	-12.511206
1263.252422	-12.500384
1263.784950	-12.482869
1264.317928	-12.470572
1264.851355	-12.460403
1265.385232	-12.442961
1265.919560	-12.427117
1266.454340	-12.416551
1266.989572	-12.400371
1267.525256	-12.381956
1268.061394	-12.370172
1268.597985	-12.355140
1269.135031	-12.335357
1269.672531	-12.321331
1270.210487	-12.308050
1270.748899	-12.288259
1271.287768	-12.270933
1271.827094	-12.258476
1272.366877	-12.240430
1272.907119	-12.220795
1273.447820	-12.207091
1273.988981	-12.191193
1274.530601	-12.170721
1275.072683	-12.154851
1275.615226	-12.140647
1276.158230	-12.120595
1276.701697	-12.102114
1277.245627	-12.088582
1277.790021	-12.070429
1278.334879	-12.049761
1278.880202	-12.034867
1279.425991	-12.019393
1279.972245	-11.998340
1280.518966	-11.980517
1281.066155	-11.966749
1281.613811	-11.947409
1282.161936	-11.926765
1282.710529	-11.912390
1283.259593	-11.896198
1283.809126	-11.874653
1284.359131	-11.857231
1284.909607	-11.843653
1285.460555	-11.824324
1286.011976	-11.803767
1286.563870	-11.789643
1287.116237	-11.774299
1287.669080	-11.753485
1288.222397	-11.736467
1288.776191	-11.723410
1289.330460	-11.705606
1289.885207	-11.686426
1290.440431	-11.672778
1290.996133	-11.658671
1291.552314	-11.640002
1292.108975	-11.624180
1292.666115	-11.612311
1293.223737	-11.596578
1293.781839	-11.578933
1294.340424	-11.566724
1294.899491	-11.554908
1295.459041	-11.538070
1296.019075	-11.523300
1296.579593	-11.513378
1297.140597	-11.500706
1297.702086	-11.484496
1298.264061	-11.472631
1298.826524	-11.463898
1299.389474	-11.450420
1299.952912	-11.435903
1300.516839	-11.426885
1301.081255	-11.417997
1301.646162	-11.404541
1302.211559	-11.392708
1302.777448	-11.385542
1303.343829	-11.376178
1303.910702	-11.363663
1304.478069	-11.354874
1305.045930	-11.348705
1305.614285	-11.338894
1306.183136	-11.328524
1306.752483	-11.322443
1307.322326	-11.316607
1307.892666	-11.307306
1308.463504	-11.299235
1309.034841	-11.295585
1309.606677	-11.290235
1310.179012	-11.281476
1310.751849	-11.276297
1311.325186	-11.274556
1311.899025	-11.269410
1312.473366	-11.262208
1313.048211	-11.259606
1313.623559	-11.259108
1314.199412	-11.254706
1314.775770	-11.249204
1315.352634	-11.248557
1315.930004	-11.249244
1316.507881	-11.245459
1317.086266	-11.241687
1317.665159	-11.242975
1318.244562	-11.244019
1318.824474	-11.241090
1319.404897	-11.239216
1319.985831	-11.241567
1320.567276	-11.243176
1321.149234	-11.240990
1321.731706	-11.240528
1322.314691	-11.244286
1322.898190	-11.246009
1323.482205	-11.244323
1324.066736	-11.245670
1324.651783	-11.250257
1325.237347	-11.251996
1325.823430	-11.251313
1326.410031	-11.253793
1326.997151	-11.258943
1327.584791	-11.261351
1328.172952	-11.261182
1328.761634	-11.264496
1329.350839	-11.270625
1329.940566	-11.273188
1330.530817	-11.273628
1331.121592	-11.277904
1331.712891	-11.284227
1332.304716	-11.287165
1332.897068	-11.288354
1333.489946	-11.292956
1334.083352	-11.299505
1334.677287	-11.302880
1335.271750	-11.304290
1335.866744	-11.309163
1336.462268	-11.315964
1337.058323	-11.319307
1337.654910	-11.320960
1338.252029	-11.325960
1338.849682	-11.332692
1339.447869	-11.336123
1340.046591	-11.337901
1340.645848	-11.342707
1341.245641	-11.349280
1341.845972	-11.353030
1342.446840	-11.354672
1343.048246	-11.359042
1343.650191	-11.365634
1344.252677	-11.369372
1344.855702	-11.371007
1345.459269	-11.375143
1346.063379	-11.381176
1346.668030	-11.385127
1347.273226	-11.387071
1347.878965	-11.390523
1348.485250	-11.396095
1349.092080	-11.400434
1349.699456	-11.402361
1350.307380	-11.405215
1350.915851	-11.410479
1351.524871	-11.414962
1352.134441	-11.416879
1352.744560	-11.419247
1353.355231	-11.424084
1353.966453	-11.428663
1354.578227	-11.430829
1355.190555	-11.432688
1355.803436	-11.436898
1356.416872	-11.441838
1357.030863	-11.444489
1357.645411	-11.445889
1358.260515	-11.449603
1358.876177	-11.454984
1359.492397	-11.458312
1360.109176	-11.459809
1360.726516	-11.463203
1361.344416	-11.468856
1361.962877	-11.473239
1362.581901	-11.475470
1363.201487	-11.478792
1363.821637	-11.484489
1364.442352	-11.490078
1365.063632	-11.493701
1365.685478	-11.497136
1366.307891	-11.502792
1366.930871	-11.509602
1367.554420	-11.514956
1368.178538	-11.518968
1368.803226	-11.524494
1369.428485	-11.532420
1370.054315	-11.539671
1370.680717	-11.544629
1371.307693	-11.550333
1371.935242	-11.558965
1372.563366	-11.567779
1373.192065	-11.574300
1373.821341	-11.580647
1374.451193	-11.589491
1375.081623	-11.599573
1375.712632	-11.608287
1376.344221	-11.615810
1376.976389	-11.624706
1377.609139	-11.635786
1378.242470	-11.646795
1378.876384	-11.655994
1379.510881	-11.665183
1380.145963	-11.676932
1380.781629	-11.690043
1381.417881	-11.701344
1382.054720	-11.711414
1382.692147	-11.723717
1383.330161	-11.738424
1383.968765	-11.752260
1384.607959	-11.764188
1385.247743	-11.777088
1385.888119	-11.792811
1386.529087	-11.809290
1387.170648	-11.823930
1387.812804	-11.837728
1388.455554	-11.853839
1389.098899	-11.872413
1389.742842	-11.890157
1390.387381	-11.905706
1391.032519	-11.922275
1391.678256	-11.942130
1392.324592	-11.962677
1392.971529	-11.981081
1393.619068	-11.999062
1394.267208	-12.019643
1394.915952	-12.042295
1395.565300	-12.064072
1396.215253	-12.084247
1396.865812	-12.105362
1397.516977	-12.129334
1398.168749	-12.153976
1398.821130	-12.176542
1399.474120	-12.198610
1400.127719	-12.223468
1400.781930	-12.250227
1401.436752	-12.275626
1402.092186	-12.299649
1402.748234	-12.325094
1403.404897	-12.353187
1404.062174	-12.381864
1404.720067	-12.408729
1405.378577	-12.434845
1406.037705	-12.463423
1406.697451	-12.494353
1407.357817	-12.523906
1408.018803	-12.551402
1408.680410	-12.580230
1409.342639	-12.611697
1410.005492	-12.643304
1410.668968	-12.673227
1411.333068	-12.702787
1411.997795	-12.734322
1412.663147	-12.767714
1413.329127	-12.800353
1413.995736	-12.831226
1414.662973	-12.863062
1415.330840	-12.897454
1415.999339	-12.931895
1416.668469	-12.964413
1417.338232	-12.996376
1418.008628	-13.029844
1418.679659	-13.064873
1419.351325	-13.099218
1420.023628	-13.131438
1420.696568	-13.163743
1421.370145	-13.198779
1422.044362	-13.234760
1422.719219	-13.268780
1423.394717	-13.301823
1424.070856	-13.336728
1424.747638	-13.373802
1425.425064	-13.410658
1426.103134	-13.445453
1426.781850	-13.479542
1427.461212	-13.515636
1428.141221	-13.553283
1428.821878	-13.589139
1429.503185	-13.622201
1430.185141	-13.654991
1430.867749	-13.689821
1431.551008	-13.725967
1432.234920	-13.760183
1432.919486	-13.791610
1433.604707	-13.823843
1434.290583	-13.859760
1434.977116	-13.897408
1435.664307	-13.933481
1436.352156	-13.967711
1437.040664	-14.003058
1437.729833	-14.042412
1438.419663	-14.083918
1439.110156	-14.122600
1439.801312	-14.157872
1440.493132	-14.193722
1441.185617	-14.232388
1441.878768	-14.271350
1442.572586	-14.306503
1443.267072	-14.337164
1443.962228	-14.367229
1444.658053	-14.400196
1445.354549	-14.434377
1446.051717	-14.466050
1446.749558	-14.494658
1447.448073	-14.524126
1448.147263	-14.558639
1448.847128	-14.597625
1449.547671	-14.636700
1450.248891	-14.674244
1450.950789	-14.713694
1451.653368	-14.758623
1452.356627	-14.808021
1453.060568	-14.857134
1453.765192	-14.903005
1454.470500	-14.947650
1455.176492	-14.993841
1455.883170	-15.040296
1456.590534	-15.083192
1457.298586	-15.119927
1458.007327	-15.151923
1458.716758	-15.181918
1459.426880	-15.210044
1460.137693	-15.234492
1460.849199	-15.254914
1461.561398	-15.273331
1462.274293	-15.292521
1462.987883	-15.313495
1463.702170	-15.335772
1464.417155	-15.360504
1465.132838	-15.389956
1465.849222	-15.424829
1466.566306	-15.464734
1467.284093	-15.509414
1468.002582	-15.559346
1468.721775	-15.615099
1469.441674	-15.674862
1470.162278	-15.735715
1470.883590	-15.796662
1471.605609	-15.857500
1472.328338	-15.916790
1473.051777	-15.971171
1473.775928	-16.016781
1474.500790	-16.052551
1475.226367	-16.079595
1475.952657	-16.096862
1476.679663	-16.101660
1477.407386	-16.092444
1478.135826	-16.070376
1478.864985	-16.038868
1479.594863	-15.999749
1480.325463	-15.951992
1481.056784	-15.896393
1481.788828	-15.836713
1482.521597	-15.777258
1483.255090	-15.720245
1483.989309	-15.665075
1484.724256	-15.612513
1485.459931	-15.566395
1486.196336	-15.529928
1486.933471	-15.503300
1487.671337	-15.484628
1488.409937	-15.473083
1489.149270	-15.470506
1489.889337	-15.477759
1490.630141	-15.492292
1491.371682	-15.510090
1492.113961	-15.528558
1492.856979	-15.547293
1493.600738	-15.565025
1494.345238	-15.577061
1495.090481	-15.578570
1495.836467	-15.566923
1496.583198	-15.541100
1497.330675	-15.499515
1498.078899	-15.438073
1498.827872	-15.353377
1499.577593	-15.245487
1500.328065	-15.114942
1501.079289	-14.961532
1501.831265	-14.784375
1502.583995	-14.583895
1503.337480	-14.363794
1504.091721	-14.127767
1504.846719	-13.878311
1505.602475	-13.618547
1506.358991	-13.352863
1507.116268	-13.087047
1507.874306	-12.826457
1508.633108	-12.574790
1509.392673	-12.336316
1510.153004	-12.116081
1510.914101	-11.918944
1511.675965	-11.749162
1512.438599	-11.609791
1513.202002	-11.504185
1513.966176	-11.436637
1514.731122	-11.410655
1515.496842	-11.429243
1516.263336	-11.494995
1517.030607	-11.610717
1517.798654	-11.780169
1518.567479	-12.005770
1519.337083	-12.288808
1520.107468	-12.629794
1520.878634	-13.027674
1521.650584	-13.478336
1522.423317	-13.970245
1523.196836	-14.480711
1523.971141	-14.973283
1524.746233	-15.392676
1525.522115	-15.664946
1526.298786	-15.713949
1527.076249	-15.492594
1527.854504	-15.008472
1528.633553	-14.317261
1529.413397	-13.494613
1530.194037	-12.612129
1530.975474	-11.723382
1531.757709	-10.861900
1532.540745	-10.046607
1533.324581	-9.287434
1534.109220	-8.589588
1534.894662	-7.954908
1535.680909	-7.382678
1536.467961	-6.871587
1537.255821	-6.420450
1538.044489	-6.027920
1538.833967	-5.692380
1539.624256	-5.411814
1540.415357	-5.184724
1541.207271	-5.009798
1542.000000	-4.885450
1542.793545	-4.809792
1543.587907	-4.780773
1544.383087	-4.796628
1545.179088	-4.855366
1545.975909	-4.954491
1546.773552	-5.091218
1547.572019	-5.262812
1548.371311	-5.466542
1549.171428	-5.699435
1549.972373	-5.958152
1550.774147	-6.239630
1551.576751	-6.541154
1552.380185	-6.860264
1553.184453	-7.194563
1553.989554	-7.542091
1554.795490	-7.901713
1555.602263	-8.272846
1556.409873	-8.655086
1557.218322	-9.048344
1558.027612	-9.453060
1558.837743	-9.870127
1559.648717	-10.300051
1560.460536	-10.743052
1561.273200	-11.199493
1562.086710	-11.669779
1562.901069	-12.153840
1563.716278	-12.650664
1564.532337	-13.159711
1565.349249	-13.680468
1566.167014	-14.211891
1566.985634	-14.752081
1567.805111	-15.299115
1568.625444	-15.851217
1569.446637	-16.404487
1570.268690	-16.952385
1571.091605	-17.487134
1571.915382	-17.997810
1572.740024	-18.468652
1573.565532	-18.878762
1574.391907	-19.207268
1575.219150	-19.433801
1576.047262	-19.539895
1576.876246	-19.517369
1577.706103	-19.371754
1578.536833	-19.117449
1579.368439	-18.774918
1580.200922	-18.368816
1581.034282	-17.923924
1581.868522	-17.459276
1582.703643	-16.989722
1583.539646	-16.527727
1584.376532	-16.082029
1585.214304	-15.657328
1586.052962	-15.256867
1586.892508	-14.883229
1587.732943	-14.537559
1588.574269	-14.219331
1589.416487	-13.928158
1590.259599	-13.663822
1591.103605	-13.425213
1591.948508	-13.210557
1592.794309	-13.018675
1593.641009	-12.848582
1594.488609	-12.698282
1595.337112	-12.565786
1596.186518	-12.450017
1597.036829	-12.349278
1597.888047	-12.261342
1598.740172	-12.184551
1599.593207	-12.117874
1600.447153	-12.059167
1601.302010	-12.006599
1602.157782	-11.959218
1603.014469	-11.915758
1603.872072	-11.874449
1604.730593	-11.834516
1605.590034	-11.795364
1606.450397	-11.755925
1607.311681	-11.715567
1608.173890	-11.674417
1609.037024	-11.632009
1609.901085	-11.588272
1610.766075	-11.543590
1611.631995	-11.498283
1612.498846	-11.452512
1613.366630	-11.407008
1614.235349	-11.362459
1615.105004	-11.319268
1615.975596	-11.278143
1616.847128	-11.239934
1617.719600	-11.205201
1618.593014	-11.174250
1619.467372	-11.147879
1620.342675	-11.126640
1621.218924	-11.110425
1622.096122	-11.099554
1622.974270	-11.094624
1623.853369	-11.095003
1624.733420	-11.100589
1625.614427	-11.111700
1626.496389	-11.127596
1627.379308	-11.147533
1628.263187	-11.171758
1629.148026	-11.199431
1630.033828	-11.229507
1630.920593	-11.262130
1631.808324	-11.296571
1632.697022	-11.331817
1633.586688	-11.367897
1634.477324	-11.404516
1635.368932	-11.440709
1636.261514	-11.476747
1637.155070	-11.512721
1638.049602	-11.547949
1638.945113	-11.582961
1639.841603	-11.618212
1640.739075	-11.653261
1641.637529	-11.688864
1642.536968	-11.725614
1643.437393	-11.763260
1644.338806	-11.802555
1645.241209	-11.843952
1646.144602	-11.887331
1647.048988	-11.933036
1647.954368	-11.981394
1648.860744	-12.032051
1649.768118	-12.085096
1650.676491	-12.140469
1651.585865	-12.197721
1652.496241	-12.256746
1653.407621	-12.317131
1654.320008	-12.378594
1655.233401	-12.440910
1656.147804	-12.503576
1657.063218	-12.566468
1657.979645	-12.629562
1658.897085	-12.692269
1659.815542	-12.754879
1660.735016	-12.817472
1661.655509	-12.879646
1662.577023	-12.942124
1663.499560	-13.004753
1664.423121	-13.067636
1665.347709	-13.131314
1666.273324	-13.195649
1667.199969	-13.260912
1668.127645	-13.327333
1669.056353	-13.394767
1669.986097	-13.463290
1670.916877	-13.532956
1671.848695	-13.603415
1672.781553	-13.674832
1673.715452	-13.746901
1674.650395	-13.819397
1675.586383	-13.892416
1676.523418	-13.965371
1677.461501	-14.038518
1678.400635	-14.111559
1679.340821	-14.184223
1680.282061	-14.256836
1681.224357	-14.328952
1682.167710	-14.400827
1683.112122	-14.472562
1684.057595	-14.543895
1685.004132	-14.615259
1685.951732	-14.686433
1686.900400	-14.757396
1687.850135	-14.828421
1688.800940	-14.899018
1689.752818	-14.969351
1690.705768	-15.039269
1691.659795	-15.108403
1692.614898	-15.176901
1693.571081	-15.244408
1694.528345	-15.310903
1695.486691	-15.376352
1696.446122	-15.440603
1697.406640	-15.503714
1698.368245	-15.565618
1699.330941	-15.626329
1700.294729	-15.685858
1701.259611	-15.744152
1702.225588	-15.801224
1703.192664	-15.856922
1704.160838	-15.911203
1705.130114	-15.963869
1706.100493	-16.014837
1707.071977	-16.063871
1708.044568	-16.110902
1709.018268	-16.155683
1709.993079	-16.198067
1710.969003	-16.238067
1711.946041	-16.275429
1712.924196	-16.310294
1713.903469	-16.342475
1714.883862	-16.372131
1715.865378	-16.399214
1716.848017	-16.423755
1717.831783	-16.445870
1718.816677	-16.465425
1719.802701	-16.482487
1720.789857	-16.496938
1721.778147	-16.508757
1722.767573	-16.517827
1723.758136	-16.524293
1724.749840	-16.528064
1725.742685	-16.529274
1726.736673	-16.528148
1727.731808	-16.524675
1728.728090	-16.519297
1729.725521	-16.511877
1730.724105	-16.502833
1731.723842	-16.492090
1732.724735	-16.479686
1733.726785	-16.465778
1734.729995	-16.450147
1735.734366	-16.433046
1736.739902	-16.414346
1737.746603	-16.394178
1738.754472	-16.372557
1739.763510	-16.349556
1740.773721	-16.325146
1741.785105	-16.299421
1742.797665	-16.272330
1743.811403	-16.243855
1744.826321	-16.214119
1745.842422	-16.182984
1746.859706	-16.150660
1747.878177	-16.117022
1748.897835	-16.082124
1749.918685	-16.045922
1750.940726	-16.008367
1751.963963	-15.969468
1752.988395	-15.929272
1754.014027	-15.887826
1755.040860	-15.845269
1756.068895	-15.801714
1757.098135	-15.757313
1758.128583	-15.712201
1759.160240	-15.666436
1760.193109	-15.620163
1761.227191	-15.573447
1762.262488	-15.526340
1763.299004	-15.478958
1764.336740	-15.431317
1765.375697	-15.383512
1766.415880	-15.335616
1767.457288	-15.287628
1768.499926	-15.239718
1769.543794	-15.191798
1770.588895	-15.143993
1771.635231	-15.096297
1772.682805	-15.048739
1773.731619	-15.001398
1774.781674	-14.954294
1775.832973	-14.907469
1776.885519	-14.861012
1777.939312	-14.814874
1778.994357	-14.769073
1780.050654	-14.723575
1781.108207	-14.678300
1782.167017	-14.633240
1783.227087	-14.588368
1784.288418	-14.543617
1785.351013	-14.499061
1786.414875	-14.454634
1787.480006	-14.410354
1788.546407	-14.366232
1789.614082	-14.322249
1790.683032	-14.278392
1791.753259	-14.234692
1792.824767	-14.191100
1793.897557	-14.147671
1794.971632	-14.104391
1796.046994	-14.061297
1797.123645	-14.018473
1798.201588	-13.975981
1799.280824	-13.933926
1800.361357	-13.892433
1801.443188	-13.851518
1802.526320	-13.811267
1803.610756	-13.771658
1804.696497	-13.732676
1805.783546	-13.694345
1806.871906	-13.656703
1807.961578	-13.619738
1809.052565	-13.583545
1810.144870	-13.548068
1811.238494	-13.513293
1812.333441	-13.479183
1813.429713	-13.445684
1814.527311	-13.412780
1815.626239	-13.380506
1816.726499	-13.348822
1817.828094	-13.317769
1818.931025	-13.287349
1820.035295	-13.257502
1821.140906	-13.228173
1822.247862	-13.199303
1823.356165	-13.170777
1824.465816	-13.142600
1825.576819	-13.114732
1826.689175	-13.087165
1827.802888	-13.059949
1828.917960	-13.033073
1830.034394	-13.006507
1831.152191	-12.980258
1832.271354	-12.954266
1833.391887	-12.928500
1834.513790	-12.902956
1835.637068	-12.877573
1836.761722	-12.852336
1837.887755	-12.827217
1839.015169	-12.802170
1840.143968	-12.777199
1841.274153	-12.752335
1842.405727	-12.727593
1843.538693	-12.703032
1844.673053	-12.678732
1845.808810	-12.654696
1846.945966	-12.630943
1848.084525	-12.607441
1849.224488	-12.584100
1850.365858	-12.560899
1851.508638	-12.537819
1852.652831	-12.514842
1853.798438	-12.492029
1854.945463	-12.469414
1856.093909	-12.447005
1857.243777	-12.424833
1858.395071	-12.402897
1859.547794	-12.381199
1860.701947	-12.359808
1861.857533	-12.338789
1863.014556	-12.318222
1864.173018	-12.298225
1865.332922	-12.278861
1866.494270	-12.260155
1867.657065	-12.242121
1868.821309	-12.224715
1869.987006	-12.207850
1871.154158	-12.191502
1872.322768	-12.175652
1873.492839	-12.160275
1874.664373	-12.145366
1875.837373	-12.130875
1877.011841	-12.116706
1878.187782	-12.102818
1879.365197	-12.089180
1880.544089	-12.075748
1881.724460	-12.062520
1882.906315	-12.049458
1884.089655	-12.036491
1885.274483	-12.023602
1886.460803	-12.010781
1887.648616	-11.998051
1888.837927	-11.985499
1890.028736	-11.973239
1891.221049	-11.961331
1892.414866	-11.949822
1893.610192	-11.938714
1894.807028	-11.927890
1896.005379	-11.917244
1897.205246	-11.906695
1898.406633	-11.896207
1899.609542	-11.885773
1900.813977	-11.875449
1902.019940	-11.865243
1903.227434	-11.855169
1904.436462	-11.845223
1905.647028	-11.835355
1906.859133	-11.825451
1908.072781	-11.815396
1909.287976	-11.805082
1910.504719	-11.794471
1911.723013	-11.783687
1912.942863	-11.772914
1914.164270	-11.762348
1915.387238	-11.752127
1916.611770	-11.742286
1917.837868	-11.732743
1919.065536	-11.723395
1920.294777	-11.714173
1921.525594	-11.705053
1922.757989	-11.696087
1923.991967	-11.687393
1925.227529	-11.679067
1926.464679	-11.671164
1927.703420	-11.663710
1928.943755	-11.656648
1930.185688	-11.649894
1931.429221	-11.643391
1932.674356	-11.637102
1933.921099	-11.631000
1935.169451	-11.625152
1936.419415	-11.619680
1937.670996	-11.614724
1938.924195	-11.610383
1940.179017	-11.606679
1941.435463	-11.603529
1942.693538	-11.600802
1943.953245	-11.598414
1945.214586	-11.596344
1946.477566	-11.594607
1947.742186	-11.593271
1949.008451	-11.592411
1950.276363	-11.592086
1951.545926	-11.592314
1952.817143	-11.593025
1954.090017	-11.594018
1955.364551	-11.595075
1956.640749	-11.596052
1957.918615	-11.596950
1959.198150	-11.597886
1960.479359	-11.599027
1961.762244	-11.600486
1963.046810	-11.602225
1964.333059	-11.604145
1965.620995	-11.606103
1966.910621	-11.608052
1968.201940	-11.610058
1969.494956	-11.612280
1970.789672	-11.614862
1972.086091	-11.617837
1973.384217	-11.621155
1974.684053	-11.624686
1975.985602	-11.628274
1977.288869	-11.631797
1978.593855	-11.635182
1979.900566	-11.638439
1981.209003	-11.641659
1982.519171	-11.644971
1983.831073	-11.648460
1985.144712	-11.652132
1986.460093	-11.655962
1987.777217	-11.659961
1989.096089	-11.664169
1990.416713	-11.668656
1991.739092	-11.673504
1993.063228	-11.678792
1994.389127	-11.684589
1995.716791	-11.690935
1997.046223	-11.697814
1998.377428	-11.705170
1999.710409	-11.712954
2001.045169	-11.721194
2002.381713	-11.730045
2003.720043	-11.739694
2005.060163	-11.750267
2006.402077	-11.761735
2007.745788	-11.773956
2009.091301	-11.786776
2010.438618	-11.800103
2011.787743	-11.813901
2013.138680	-11.828185
2014.491433	-11.842945
2015.846005	-11.858143
2017.202399	-11.873704
2018.560621	-11.889506
2019.920673	-11.905415
2021.282558	-11.921285
2022.646281	-11.937073
2024.011846	-11.952872
2025.379256	-11.968845
2026.748515	-11.985128
2028.119626	-12.001782
2029.492594	-12.018783
2030.867422	-12.036074
2032.244114	-12.053556
2033.622673	-12.071061
2035.003104	-12.088422
2036.385411	-12.105562
2037.769597	-12.122595
2039.155665	-12.139710
2040.543621	-12.157010
2041.933467	-12.174453
2043.325208	-12.191909
2044.718847	-12.209258
2046.114389	-12.226421
2047.511837	-12.243410
2048.911195	-12.260340
2050.312467	-12.277376
2051.715657	-12.294657
2053.120769	-12.312232
2054.527807	-12.330101
2055.936775	-12.348281
2057.347677	-12.366831
2058.760516	-12.385800
2060.175297	-12.405286
2061.592025	-12.425438
2063.010701	-12.446433
2064.431332	-12.468369
2065.853921	-12.491235
2067.278472	-12.515032
2068.704988	-12.539837
2070.133475	-12.565788
2071.563936	-12.592964
2072.996375	-12.621325
2074.430796	-12.650761
2075.867204	-12.681166
2077.305603	-12.712453
2078.745996	-12.744498
2080.188389	-12.777213
2081.632784	-12.810650
2083.079187	-12.844980
2084.527601	-12.880255
2085.978030	-12.916306
2087.430480	-12.952818
2088.884954	-12.989598
2090.341455	-13.026688
2091.799990	-13.064271
2093.260561	-13.102371
2094.723173	-13.140731
2096.187831	-13.179006
2097.654538	-13.217052
2099.123300	-13.254974
2100.594119	-13.292977
2102.067001	-13.331197
2103.541950	-13.369698
2105.018971	-13.408486
2106.498067	-13.447465
2107.979243	-13.486452
2109.462503	-13.525295
2110.947853	-13.564011
2112.435295	-13.602781
2113.924836	-13.641672
2115.416478	-13.680606
2116.910227	-13.719466
2118.406087	-13.758236
2119.904063	-13.797028
2121.404158	-13.836082
2122.906378	-13.875651
2124.410727	-13.915800
2125.917210	-13.956358
2127.425831	-13.997101
2128.936594	-14.038040
2130.449505	-14.079657
2131.964567	-14.122613
2133.481786	-14.167307
2135.001166	-14.213594
2136.522711	-14.260997
2138.046427	-14.309147
2139.572317	-14.358178
2141.100388	-14.408684
2142.630642	-14.461223
2144.163085	-14.515774
2145.697722	-14.571673
2147.234558	-14.628240
2148.773596	-14.685485
2150.314842	-14.744003
2151.858301	-14.804310
2153.403977	-14.866313
2154.951875	-14.929467
2156.502000	-14.993149
2158.054357	-15.056973
2159.608950	-15.120981
2161.165785	-15.185548
2162.724866	-15.250936
2164.286198	-15.316891
2165.849786	-15.382760
2167.415635	-15.448054
2168.983749	-15.512825
2170.554134	-15.577645
2172.126795	-15.643072
2173.701737	-15.709174
2175.278964	-15.775417
2176.858481	-15.841227
2178.440294	-15.906690
2180.024408	-15.972536
2181.610827	-16.039357
2183.199557	-16.107002
2184.790602	-16.174762
2186.383968	-16.242176
2187.979660	-16.309378
2189.577683	-16.376923
2191.178041	-16.445265
2192.780741	-16.514321
2194.385787	-16.583391
2195.993185	-16.651839
2197.602939	-16.719949
2199.215054	-16.788846
2200.829537	-16.859460
2202.446392	-16.931670
2204.065624	-17.004760
2205.687239	-17.078255
2207.311242	-17.152343
2208.937638	-17.227654
2210.566433	-17.304945
2212.197631	-17.384590
2213.831239	-17.466279
2215.467261	-17.549397
2217.105703	-17.633831
2218.746570	-17.720124
2220.389867	-17.808718
2222.035601	-17.899363
2223.683776	-17.991462
2225.334398	-18.084663
2226.987472	-18.179139
2228.643004	-18.275321
2230.300999	-18.373195
2231.961463	-18.472206
2233.624402	-18.571592
2235.289820	-18.670972
2236.957723	-18.770304
2238.628118	-18.869662
2240.301009	-18.969114
2241.976402	-19.068575
2243.654303	-19.167622
2245.334717	-19.265949
2247.017650	-19.363773
2248.703108	-19.461493
2250.391096	-19.559034
2252.081620	-19.655901
2253.774686	-19.751906
2255.470300	-19.847665
2257.168467	-19.944087
2258.869193	-20.041243
2260.572484	-20.137764
2262.278345	-20.231974
2263.986783	-20.323843
2265.697804	-20.414927
2267.411412	-20.506708
2269.127615	-20.599382
2270.846417	-20.692126
2272.567826	-20.784227
2274.291846	-20.876472
2276.018484	-20.970732
2277.747745	-21.067690
2279.479637	-21.166035
2281.214164	-21.265270
2282.951333	-21.367401
2284.691149	-21.474471
2286.433619	-21.586036
2288.178750	-21.700653
2289.926546	-21.817807
2291.677014	-21.938028
2293.430161	-22.062872
2295.185992	-22.193489
2296.944513	-22.327786
2298.705732	-22.462052
2300.469653	-22.596079
2302.236283	-22.732318
2304.005629	-22.870126
2305.777696	-23.005727
2307.552492	-23.137636
2309.330022	-23.268075
2311.110292	-23.398932
2312.893310	-23.529274
2314.679080	-23.656413
2316.467611	-23.778560
2318.258907	-23.896926
2320.052976	-24.014160
2321.849824	-24.130635
2323.649457	-24.245120
2325.451883	-24.358194
2327.257106	-24.471810
2329.065135	-24.587106
2330.875975	-24.703535
2332.689633	-24.819101
2334.506116	-24.932722
2336.325430	-25.045855
2338.147581	-25.160297
2339.972578	-25.275207
2341.800425	-25.388802
2343.631130	-25.500794
2345.464700	-25.611962
2347.301141	-25.722909
2349.140461	-25.833385
2350.982665	-25.943239
2352.827760	-26.053711
2354.675754	-26.167996
2356.526653	-26.287309
2358.380464	-26.409587
2360.237195	-26.534544
2362.096851	-26.665814
2363.959440	-26.805299
2365.824968	-26.952232
2367.693444	-27.106693
2369.564873	-27.267989
2371.439263	-27.433383
2373.316620	-27.602619
2375.196953	-27.777015
2377.080267	-27.955361
2378.966570	-28.133852
2380.855869	-28.310463
2382.748171	-28.486542
2384.643484	-28.663365
2386.541815	-28.838231
2388.443170	-29.006241
2390.347557	-29.166936
2392.254984	-29.324523
2394.165457	-29.478491
2396.078984	-29.623262
2397.995572	-29.758583
2399.915229	-29.889642
2401.837961	-30.017539
2403.763777	-30.139286
2405.692684	-30.254502
2407.624689	-30.363877
2409.559800	-30.466114
2411.498023	-30.562083
2413.439368	-30.657396
2415.383840	-30.755834
2417.331449	-30.856072
2419.282201	-30.955093
2421.236104	-31.050583
2423.193165	-31.142920
2425.153393	-31.238896
2427.116795	-31.344643
2429.083378	-31.456569
2431.053151	-31.568722
2433.026121	-31.686861
2435.002297	-31.821272
2436.981685	-31.969710
2438.964293	-32.125034
2440.950131	-32.288124
2442.939204	-32.463123
2444.931522	-32.652236
2446.927092	-32.853471
2448.925923	-33.063015
2450.928022	-33.282079
2452.933397	-33.511361
2454.942056	-33.746010
2456.954008	-33.989358
2458.969260	-34.244782
2460.987821	-34.496236
2463.009699	-34.732896
2465.034902	-34.962984
2467.063437	-35.186920
2469.095315	-35.388494
2471.130542	-35.558084
2473.169127	-35.705610
2475.211078	-35.842395
2477.256404	-35.953007
2479.305112	-36.024528
2481.357212	-36.079206
2483.412713	-36.137832
2485.471621	-36.189504
2487.533946	-36.223232
2489.599696	-36.259419
2491.668880	-36.322618
2493.741507	-36.396679
2495.817585	-36.458240
2497.897122	-36.526698
2499.980127	-36.615774
2502.066609	-36.703325
2504.156578	-36.783558
2506.250040	-36.874906
2508.347006	-36.976100
2510.447483	-37.069454
2512.551482	-37.160592
2514.659010	-37.286195
2516.770076	-37.452385
2518.884690	-37.619870
2521.002861	-37.789517
2523.124597	-38.005350
2525.249907	-38.264374
2527.378801	-38.524187
2529.511287	-38.792015
2531.647375	-39.110804
2533.787074	-39.466797
2535.930393	-39.802548
2538.077340	-40.135245
2540.227927	-40.511676
2542.382160	-40.895523
2544.540051	-41.245048
2546.701608	-41.575246
2548.866840	-41.890676
2551.035757	-42.164906
2553.208369	-42.380459
2555.384684	-42.566738
2557.564713	-42.719406
2559.748465	-42.797172
2561.935948	-42.839317
2564.127174	-42.869975
2566.322152	-42.841464
2568.520890	-42.783782
2570.723399	-42.754997
2572.929689	-42.742368
2575.139769	-42.706962
2577.353649	-42.661664
2579.571340	-42.653463
2581.792849	-42.653158
2584.018189	-42.626744
2586.247368	-42.613186
2588.480396	-42.627388
2590.717284	-42.648215
2592.958041	-42.630689
2595.202678	-42.625629
2597.451204	-42.660747
2599.703630	-42.752018
2601.959966	-42.815350
2604.220222	-42.916173
2606.484408	-43.032247
2608.752535	-43.284519
2611.024612	-43.467512
2613.300651	-43.745516
2615.580661	-44.029044
2617.864653	-44.502268
2620.152638	-44.896300
2622.444625	-45.383935
2624.740626	-45.854512
2627.040651	-46.444079
2629.344710	-47.010560
2631.652814	-47.473398
2633.964974	-48.069948
2636.281200	-48.551425
2638.601504	-48.978668
2640.925896	-49.376656
2643.254386	-49.636582
2645.586987	-50.126839
2647.923707	-50.157644
2650.264559	-50.268359
2652.609554	-50.513299
2654.958702	-50.579507
2657.312015	-50.465619
2659.669503	-50.288504
2662.031178	-50.287240
2664.397051	-50.290842
2666.767132	-49.955847
2669.141434	-50.030003
2671.519968	-49.973890
2673.902745	-49.697945
2676.289776	-49.444462
2678.681072	-49.261075
2681.076646	-49.113631
2683.476508	-48.795375
2685.880671	-48.594873
2688.289145	-48.444732
2690.701942	-48.261333
2693.119075	-48.215614
2695.540554	-48.196763
2697.966391	-48.234443
2700.396599	-48.694056
2702.831189	-48.652735
2705.270172	-48.887580
2707.713561	-49.742923
2710.161368	-49.905022
2712.613605	-50.097599
2715.070283	-51.127762
2717.531416	-51.475079
2719.997014	-51.685968
2722.467090	-52.622670
2724.941657	-53.214464
2727.420726	-53.227795
2729.904310	-54.199102
2732.392421	-54.609412
2734.885072	-54.737988
2737.382275	-56.168596
2739.884042	-55.640593
2742.390387	-56.111867
2744.901321	-57.716067
2747.416857	-56.667993
2749.937008	-58.175369
2752.461787	-58.352968
2754.991206	-58.285821
2757.525279	-60.948600
2760.064017	-59.325582
2762.607434	-60.277529
2765.155544	-60.327948
2767.708358	-59.346372
2770.265890	-58.727995
2772.828153	-57.953579
2775.395160	-56.884312
2777.966924	-55.988950
2780.543459	-55.549267
2783.124778	-55.069547
2785.710894	-54.758276
2788.301821	-54.131177
2790.897572	-54.455069
2793.498160	-54.940943
2796.103599	-54.739997
2798.713903	-55.042393
2801.329085	-55.675702
2803.949159	-56.175913
2806.574139	-55.995955
2809.204038	-56.736304
2811.838871	-56.931215
2814.478650	-57.473924
2817.123391	-57.846963
2819.773107	-58.329034
2822.427812	-58.943428
2825.087521	-58.385899
2827.752247	-59.207579
2830.422005	-60.056454
2833.096808	-58.536388
2835.776672	-59.265345
2838.461611	-60.115219
2841.151638	-59.541707
2843.846769	-60.489775
2846.547019	-60.365972
2849.252401	-62.582821
2851.962930	-62.264566
2854.678621	-64.039350
2857.399489	-65.642830
2860.125549	-67.136783
2862.856815	-74.005787
2865.593302	-75.109580
2868.335026	-75.965624
2871.082002	-71.699045
2873.834244	-67.950467
2876.591767	-64.906326
2879.354588	-65.108101
2882.122721	-63.708119
2884.896181	-62.948057
2887.674984	-62.360340
2890.459146	-63.569565
2893.248681	-63.045282
2896.043606	-63.376961
2898.843937	-63.118863
2901.649687	-64.032001
2904.460875	-63.964499
2907.277515	-64.087492
2910.099623	-65.198377
2912.927215	-65.007193
2915.760308	-66.812194
2918.598916	-64.947700
2921.443057	-68.179503
2924.292747	-66.757642
2927.148002	-66.816113
2930.008837	-66.758301
2932.875270	-66.367892
2935.747318	-64.795480
2938.624995	-65.591954
2941.508320	-64.754704
2944.397308	-63.929870
2947.291977	-65.128428
2950.192343	-63.646047
2953.098423	-65.264696
2956.010234	-65.347776
2958.927792	-65.872859
2961.851116	-67.347139
2964.780221	-69.234768
2967.715126	-73.324297
2970.655847	-73.554785
2973.602402	-86.803683
2976.554808	-87.053535
2979.513083	-82.768276
2982.477243	-78.755989
2985.447308	-78.472866
2988.423293	-75.331102
2991.405218	-75.838580
2994.393099	-74.392390
2997.386955	-76.836691
