# 2022-03-22_02.00.20
# shape = sech2
# FWHM_ps = 0.1
# carrier_nm = 1542
# frep_MHz = 12126
# pow_mW = 8000
# GDD = 0.0
# propa_len = 0.16
# untap_len = 0.01
# taper_len = 0.1
# waist_len = 0.02
# uptap_len = 0.02
# untap_scale = 1.0
# waist_scale = 0.11578947368421054
# workingDir = NL_20110305_12 (Spirou)
# axis = slow
# window_ps = 10.0
# steps = 200
# points = 21700
# 
# wavelength [nm]	 power spectral density [dB]
600.043425	-87.134929
600.163550	-86.052719
600.283723	-86.849353
600.403943	-85.785981
600.524212	-86.805738
600.644529	-89.357427
600.764895	-87.272696
600.885308	-92.201605
601.005770	-87.344273
601.126280	-92.229874
601.246839	-90.971716
601.367446	-88.820739
601.488101	-92.407398
601.608804	-87.166188
601.729557	-89.719261
601.850357	-86.606564
601.971206	-87.313298
602.092104	-89.014956
602.213050	-85.273155
602.334045	-87.904312
602.455089	-86.867083
602.576181	-85.103654
602.697322	-88.330698
602.818511	-84.377030
602.939749	-88.510319
603.061036	-85.620089
603.182372	-85.981201
603.303757	-86.144218
603.425191	-85.708438
603.546673	-86.904106
603.668204	-84.313946
603.789785	-85.658944
603.911414	-85.120510
604.033092	-83.161704
604.154820	-85.961949
604.276596	-83.685210
604.398422	-85.926334
604.520297	-84.241118
604.642220	-85.775408
604.764193	-86.504671
604.886216	-84.688833
605.008287	-89.681144
605.130408	-87.438814
605.252578	-88.842638
605.374798	-90.814234
605.497066	-88.544550
605.619385	-92.320587
605.741752	-89.394012
605.864169	-93.735513
605.986636	-88.222177
606.109152	-89.596862
606.231718	-92.885072
606.354333	-87.542617
606.476998	-90.319927
606.599712	-87.954060
606.722476	-86.219249
606.845290	-88.217259
606.968154	-84.750372
607.091067	-88.951550
607.214030	-85.201648
607.337043	-88.892756
607.460106	-88.200008
607.583219	-86.575744
607.706381	-89.312662
607.829594	-88.197677
607.952856	-89.637931
608.076169	-86.679006
608.199531	-91.239589
608.322944	-87.111908
608.446407	-87.558063
608.569920	-88.807282
608.693483	-86.755837
608.817096	-91.816949
608.940759	-87.393125
609.064473	-95.870599
609.188237	-89.657119
609.312051	-91.927684
609.435916	-94.821680
609.559831	-92.691849
609.683796	-104.187374
609.807812	-94.261881
609.931878	-95.125876
610.055995	-92.768881
610.180162	-100.494295
610.304380	-89.874216
610.428648	-105.693843
610.552967	-92.177112
610.677337	-107.896177
610.801757	-91.103597
610.926228	-101.511181
611.050750	-89.854382
611.175323	-90.872070
611.299946	-90.346101
611.424620	-88.807461
611.549345	-90.331528
611.674121	-85.846830
611.798948	-89.862431
611.923826	-86.693985
612.048755	-87.520558
612.173734	-90.059884
612.298765	-86.217895
612.423847	-93.878604
612.548980	-89.263863
612.674165	-91.611181
612.799400	-92.228466
612.924687	-90.511367
613.050025	-107.413017
613.175414	-88.586412
613.300854	-99.774152
613.426346	-93.402353
613.551889	-89.710985
613.677484	-116.339648
613.803130	-91.834175
613.928827	-106.757330
614.054576	-92.168677
614.180377	-107.081520
614.306229	-93.848804
614.432132	-93.583169
614.558087	-89.507776
614.684094	-94.227227
614.810153	-118.440732
614.936263	-95.919468
615.062425	-94.087125
615.188639	-94.369640
615.314904	-94.965863
615.441222	-89.094000
615.567591	-96.457992
615.694012	-87.589194
615.820486	-91.105725
615.947011	-85.716955
616.073588	-85.561831
616.200217	-85.052212
616.326898	-82.879105
616.453632	-85.355581
616.580417	-83.273859
616.707255	-87.834610
616.834144	-83.946575
616.961086	-92.041388
617.088081	-91.417528
617.215127	-88.637469
617.342226	-90.285015
617.469378	-92.748119
617.596581	-98.990110
617.723837	-89.617072
617.851146	-92.928553
617.978507	-93.597232
618.105920	-98.827237
618.233386	-88.911742
618.360905	-96.630137
618.488476	-89.985428
618.616100	-97.917282
618.743777	-93.062971
618.871506	-106.443153
618.999288	-96.832854
619.127123	-100.933653
619.255011	-96.317138
619.382951	-100.042699
619.510945	-93.869316
619.638991	-93.962164
619.767090	-105.943415
619.895243	-106.402557
620.023448	-89.267601
620.151706	-104.424592
620.280017	-87.303830
620.408382	-89.005830
620.536799	-86.706093
620.665270	-85.287754
620.793794	-86.943271
620.922371	-83.347757
621.051002	-86.164694
621.179686	-84.952001
621.308423	-86.363295
621.437213	-83.800564
621.566057	-88.722085
621.694954	-89.846314
621.823905	-89.123458
621.952909	-94.064318
622.081967	-95.853111
622.211079	-100.453716
622.340244	-92.771735
622.469462	-95.490447
622.598735	-94.321883
622.728061	-98.199506
622.857441	-90.057397
622.986874	-131.463456
623.116361	-103.210689
623.245903	-91.417379
623.375498	-93.321328
623.505147	-98.853698
623.634850	-95.032723
623.764606	-95.334086
623.894417	-96.449828
624.024282	-104.129700
624.154201	-89.617691
624.284174	-96.983948
624.414202	-90.616518
624.544283	-96.431489
624.674419	-88.271869
624.804609	-91.753226
624.934853	-87.413763
625.065151	-86.954090
625.195504	-82.405543
625.325911	-86.006456
625.456373	-84.031359
625.586889	-80.319682
625.717460	-81.706345
625.848085	-80.603741
625.978764	-81.814052
626.109498	-78.436428
626.240287	-82.037241
626.371131	-80.052923
626.502029	-79.219016
626.632982	-78.489762
626.763989	-80.584091
626.895052	-79.336474
627.026169	-78.774626
627.157341	-80.420133
627.288568	-79.158930
627.419850	-83.815661
627.551187	-79.981583
627.682579	-82.704024
627.814026	-84.264084
627.945528	-82.638148
628.077085	-82.521272
628.208697	-89.018914
628.340364	-86.857067
628.472087	-81.532814
628.603865	-88.105853
628.735698	-83.042205
628.867586	-84.130165
628.999530	-83.819939
629.131529	-86.220955
629.263584	-86.337523
629.395694	-84.235060
629.527859	-85.105415
629.660080	-86.192441
629.792357	-94.785782
629.924689	-83.094310
630.057077	-86.919283
630.189520	-88.399187
630.322019	-85.648113
630.454574	-85.282041
630.587184	-90.729412
630.719851	-91.761644
630.852573	-83.418326
630.985351	-89.377265
631.118185	-88.137485
631.251075	-89.610013
631.384021	-83.915392
631.517023	-85.958345
631.650081	-84.367245
631.783195	-86.218776
631.916365	-83.396337
632.049592	-83.126536
632.182874	-85.237626
632.316213	-83.017087
632.449608	-82.975542
632.583059	-82.778098
632.716567	-90.754917
632.850131	-79.904424
632.983751	-81.569442
633.117428	-84.037102
633.251161	-78.688890
633.384951	-78.753437
633.518797	-78.550750
633.652700	-78.682670
633.786660	-76.569077
633.920676	-77.133730
634.054749	-74.883093
634.188879	-77.703855
634.323065	-76.181573
634.457308	-75.335389
634.591608	-74.599804
634.725965	-76.890465
634.860379	-75.604995
634.994850	-75.590639
635.129377	-76.117001
635.263962	-76.942866
635.398604	-77.401599
635.533303	-75.885251
635.668058	-78.800558
635.802872	-78.902559
635.937742	-81.282490
636.072669	-79.141042
636.207654	-85.104037
636.342696	-80.688061
636.477796	-83.606106
636.612953	-86.299233
636.748167	-82.652980
636.883439	-89.767760
637.018768	-84.853863
637.154155	-86.985742
637.289599	-84.257559
637.425101	-84.438483
637.560660	-79.979781
637.696277	-81.792246
637.831952	-82.129949
637.967685	-77.470031
638.103475	-80.164213
638.239324	-81.690175
638.375230	-79.666833
638.511194	-79.529024
638.647215	-83.014908
638.783295	-79.064423
638.919433	-96.397572
639.055629	-87.627269
639.191883	-86.650848
639.328195	-85.780849
639.464565	-81.357140
639.600994	-87.360874
639.737481	-99.167371
639.874025	-82.961840
640.010629	-79.997545
640.147290	-86.599629
640.284010	-95.769991
640.420789	-86.994927
640.557625	-94.767101
640.694521	-97.083868
640.831474	-87.135550
640.968487	-94.652373
641.105558	-85.892646
641.242687	-85.254261
641.379876	-82.035583
641.517123	-81.324369
641.654429	-81.124275
641.791793	-84.430272
641.929216	-80.104680
642.066699	-85.098851
642.204240	-90.310000
642.341840	-87.043180
642.479499	-84.428391
642.617217	-88.823705
642.754994	-93.041595
642.892830	-92.920163
643.030726	-91.864857
643.168680	-86.308011
643.306694	-88.888596
643.444767	-82.539871
643.582899	-80.829920
643.721091	-83.169094
643.859342	-83.558661
643.997652	-80.636717
644.136022	-83.207831
644.274451	-79.402070
644.412940	-82.576932
644.551488	-90.441137
644.690096	-85.952842
644.828763	-80.978440
644.967490	-86.282948
645.106277	-91.901165
645.245124	-99.635109
645.384030	-90.499991
645.522997	-93.665213
645.662023	-90.591988
645.801109	-87.639583
645.940255	-88.354063
646.079460	-99.648135
646.218726	-84.687357
646.358052	-86.909670
646.497438	-89.088417
646.636884	-94.181682
646.776391	-88.889458
646.915957	-89.654487
647.055584	-81.464024
647.195271	-81.031629
647.335019	-87.397198
647.474826	-83.047022
647.614695	-79.081863
647.754623	-93.730268
647.894612	-84.758017
648.034662	-96.515205
648.174772	-88.802052
648.314943	-85.854912
648.455174	-85.693938
648.595466	-85.247063
648.735819	-99.287316
648.876233	-86.032475
649.016707	-82.295278
649.157242	-84.142608
649.297838	-95.014894
649.438495	-92.052342
649.579213	-94.738810
649.719992	-88.171129
649.860832	-91.864034
650.001733	-89.645110
650.142695	-79.049139
650.283718	-78.845059
650.424803	-78.543535
650.565949	-78.921395
650.707156	-76.592632
650.848424	-78.833197
650.989754	-94.448727
651.131145	-87.771643
651.272597	-85.589827
651.414111	-89.784394
651.555687	-97.852543
651.697324	-86.042527
651.839022	-84.643439
651.980782	-80.645636
652.122604	-88.932454
652.264488	-82.463952
652.406433	-83.941586
652.548441	-87.253306
652.690510	-81.948668
652.832640	-90.899732
652.974833	-87.035812
653.117088	-98.891599
653.259405	-87.584972
653.401784	-88.061166
653.544224	-90.726452
653.686727	-88.240127
653.829293	-98.594172
653.971920	-97.207714
654.114609	-86.316114
654.257361	-87.026174
654.400175	-85.077237
654.543052	-80.256087
654.685991	-80.594139
654.828992	-79.307313
654.972056	-78.826565
655.115183	-78.366633
655.258372	-77.078547
655.401623	-79.999640
655.544937	-82.575789
655.688314	-85.494603
655.831754	-86.864017
655.975256	-91.593534
656.118822	-79.190695
656.262450	-78.444258
656.406141	-80.847910
656.549894	-77.725161
656.693711	-78.414072
656.837591	-77.312333
656.981534	-81.991316
657.125540	-83.179070
657.269610	-84.876163
657.413742	-86.144840
657.557938	-81.210909
657.702196	-78.965693
657.846519	-79.255974
657.990904	-76.976084
658.135353	-74.180059
658.279866	-73.638131
658.424441	-74.452589
658.569081	-75.832452
658.713784	-76.356133
658.858550	-79.948810
659.003381	-84.455039
659.148274	-81.545019
659.293232	-77.011076
659.438253	-75.553529
659.583339	-74.201879
659.728488	-72.853061
659.873701	-73.651683
660.018978	-73.942943
660.164318	-75.908281
660.309723	-77.262142
660.455192	-78.581620
660.600725	-82.532824
660.746323	-82.256223
660.891984	-84.205414
661.037710	-81.664638
661.183500	-88.113955
661.329354	-87.500984
661.475272	-82.230972
661.621255	-80.743873
661.767303	-81.020893
661.913415	-81.994474
662.059591	-83.778852
662.205833	-80.271127
662.352138	-80.682324
662.498509	-82.687569
662.644944	-88.022690
662.791443	-81.367577
662.938008	-77.172815
663.084638	-77.089905
663.231332	-78.686480
663.378091	-79.389740
663.524915	-74.677181
663.671804	-76.099358
663.818759	-79.150644
663.965778	-88.784774
664.112863	-80.736238
664.260012	-79.373520
664.407227	-81.680176
664.554507	-84.473377
664.701853	-78.995121
664.849264	-77.823584
664.996740	-78.825811
665.144282	-82.628677
665.291889	-79.926812
665.439561	-75.421732
665.587300	-75.889094
665.735103	-78.390611
665.882973	-79.553899
666.030908	-75.331007
666.178909	-74.321852
666.326976	-74.860314
666.475109	-79.614287
666.623307	-82.305420
666.771571	-81.051513
666.919902	-83.278336
667.068298	-93.422698
667.216761	-80.303892
667.365289	-76.172156
667.513884	-76.234702
667.662545	-78.610772
667.811272	-80.035052
667.960065	-74.786061
668.108925	-74.654877
668.257851	-75.432700
668.406843	-78.223376
668.555902	-74.517049
668.705027	-73.323097
668.854219	-73.009840
669.003478	-74.601938
669.152803	-74.282296
669.302195	-74.604642
669.451653	-77.840868
669.601179	-81.289376
669.750771	-81.898310
669.900430	-83.467726
670.050156	-81.476467
670.199949	-79.012743
670.349808	-77.447242
670.499735	-78.040099
670.649729	-81.156854
670.799790	-85.107834
670.949918	-86.519908
671.100114	-87.651617
671.250377	-85.286258
671.400707	-88.001360
671.551104	-83.070826
671.701569	-79.628715
671.852101	-82.074523
672.002700	-90.705468
672.153368	-93.418123
672.304102	-87.430984
672.454905	-96.636658
672.605775	-87.564391
672.756713	-83.642018
672.907718	-79.167585
673.058791	-79.705082
673.209933	-84.779497
673.361142	-82.892137
673.512419	-76.755669
673.663764	-76.914902
673.815177	-75.528669
673.966658	-77.099482
674.118207	-81.178339
674.269825	-84.995267
674.421510	-82.456745
674.573264	-77.865622
674.725086	-76.684678
674.876977	-75.674917
675.028936	-80.726154
675.180963	-82.426506
675.333059	-83.238089
675.485224	-90.928874
675.637457	-82.214441
675.789758	-82.976911
675.942129	-78.515880
676.094568	-78.726190
676.247075	-78.051007
676.399652	-85.924329
676.552298	-82.994980
676.705012	-81.792931
676.857795	-77.832814
677.010648	-78.629203
677.163569	-76.785670
677.316560	-75.725529
677.469619	-79.655380
677.622748	-80.033423
677.775946	-88.568619
677.929214	-85.359473
678.082551	-79.290291
678.235957	-76.294233
678.389432	-75.126965
678.542977	-74.385375
678.696592	-72.382452
678.850276	-72.205244
679.004030	-71.085680
679.157853	-71.005954
679.311746	-73.371803
679.465709	-74.523684
679.619742	-74.644311
679.773844	-74.164267
679.928017	-79.211233
680.082259	-84.324764
680.236571	-85.560395
680.390954	-78.324921
680.545406	-76.892167
680.699929	-78.819621
680.854522	-79.557002
681.009185	-84.565807
681.163918	-81.563183
681.318722	-78.294112
681.473596	-76.469983
681.628540	-82.968698
681.783555	-82.240534
681.938641	-83.560820
682.093797	-93.190759
682.249023	-83.123174
682.404321	-76.343203
682.559689	-74.288026
682.715128	-77.665830
682.870637	-78.551266
683.026218	-77.574288
683.181869	-74.149606
683.337591	-76.470987
683.493385	-75.509062
683.649249	-80.694555
683.805185	-92.742996
683.961191	-80.494139
684.117269	-89.011952
684.273418	-88.627313
684.429639	-77.408427
684.585930	-79.050028
684.742294	-73.868445
684.898728	-72.912050
685.055234	-74.998230
685.211812	-77.310566
685.368461	-75.897416
685.525182	-73.448813
685.681975	-75.918545
685.838839	-73.690721
685.995775	-76.823382
686.152783	-80.752065
686.309863	-78.423834
686.467014	-76.135315
686.624238	-77.364219
686.781534	-78.023715
686.938902	-82.006233
687.096342	-80.205756
687.253854	-80.025554
687.411438	-81.575238
687.569095	-80.662639
687.726824	-82.460822
687.884626	-88.712545
688.042499	-76.341107
688.200446	-76.813773
688.358465	-85.439596
688.516556	-77.156993
688.674720	-75.774324
688.832957	-77.253235
688.991266	-76.590758
689.149649	-77.159334
689.308104	-79.269085
689.466632	-86.522576
689.625233	-89.924589
689.783906	-91.909785
689.942653	-79.801570
690.101473	-77.260036
690.260367	-73.307635
690.419333	-71.710836
690.578372	-73.289710
690.737485	-83.561182
690.896672	-78.506523
691.055931	-74.095564
691.215264	-75.135697
691.374671	-73.146946
691.534151	-77.064321
691.693704	-87.032820
691.853332	-76.699023
692.013033	-76.240102
692.172807	-77.400417
692.332656	-79.509043
692.492578	-77.214822
692.652575	-79.359696
692.812645	-91.560401
692.972789	-81.784010
693.133007	-79.599921
693.293300	-77.875985
693.453666	-81.986333
693.614107	-73.802175
693.774622	-73.789939
693.935211	-79.374006
694.095875	-81.533645
694.256613	-83.155211
694.417426	-86.901588
694.578313	-81.612221
694.739274	-75.086774
694.900311	-75.290437
695.061421	-79.054865
695.222607	-81.190518
695.383868	-103.523658
695.545203	-83.489512
695.706613	-85.233382
695.868098	-102.265481
696.029658	-88.742981
696.191293	-95.229778
696.353003	-79.775243
696.514789	-75.396503
696.676649	-81.585936
696.838585	-82.779640
697.000596	-76.470541
697.162682	-77.300557
697.324844	-75.800551
697.487081	-74.519537
697.649394	-74.460967
697.811782	-83.620905
697.974246	-77.012602
698.136786	-74.018235
698.299401	-74.538061
698.462092	-72.715272
698.624859	-75.191518
698.787702	-77.657782
698.950621	-79.496958
699.113616	-78.447989
699.276686	-83.929674
699.439833	-78.159097
699.603056	-74.671132
699.766355	-74.613304
699.929731	-74.246006
700.093183	-75.344783
700.256711	-76.593763
700.420315	-89.811751
700.583996	-82.145999
700.747754	-78.483584
700.911588	-87.099833
701.075499	-79.546935
701.239486	-85.189361
701.403550	-81.412494
701.567691	-75.731927
701.731909	-78.317542
701.896203	-92.147919
702.060575	-80.842460
702.225024	-82.517350
702.389549	-76.581519
702.554152	-73.081425
702.718832	-74.808518
702.883589	-75.687858
703.048424	-73.514822
703.213335	-73.311923
703.378324	-74.356402
703.543391	-73.096395
703.708535	-74.495371
703.873757	-79.212198
704.039056	-81.452105
704.204433	-76.602909
704.369887	-76.726620
704.535420	-80.047625
704.701030	-79.135467
704.866718	-73.852416
705.032484	-71.231878
705.198328	-70.914451
705.364250	-72.462986
705.530250	-73.625514
705.696328	-72.247606
705.862485	-74.852543
706.028720	-79.858019
706.195033	-74.666170
706.361424	-81.101276
706.527894	-77.618677
706.694442	-75.290261
706.861069	-87.697694
707.027775	-76.228402
707.194559	-74.999426
707.361422	-90.488284
707.528363	-78.276377
707.695384	-78.340378
707.862483	-77.582923
708.029661	-73.590939
708.196918	-72.545586
708.364254	-70.212289
708.531670	-69.862762
708.699164	-72.567666
708.866738	-72.173986
709.034391	-70.936882
709.202123	-78.721550
709.369935	-84.159746
709.537826	-87.951694
709.705796	-76.628953
709.873847	-72.115963
710.041976	-72.544503
710.210186	-73.370213
710.378475	-69.803113
710.546844	-69.480316
710.715292	-71.190448
710.883821	-70.621021
711.052429	-73.230403
711.221118	-81.184413
711.389887	-84.098739
711.558735	-82.380914
711.727664	-98.167864
711.896673	-85.450367
712.065763	-80.683168
712.234932	-82.992528
712.404183	-80.497641
712.573513	-71.991362
712.742924	-74.031014
712.912416	-73.321176
713.081988	-68.112098
713.251641	-68.387084
713.421375	-72.372750
713.591190	-72.374968
713.761085	-71.340050
713.931061	-73.626258
714.101119	-76.906230
714.271257	-86.435860
714.441476	-76.034144
714.611777	-78.705183
714.782159	-71.124210
714.952622	-67.479204
715.123166	-70.058677
715.293792	-70.087797
715.464499	-67.103505
715.635288	-70.608312
715.806158	-74.183097
715.977110	-76.579670
716.148143	-76.813491
716.319259	-72.428129
716.490456	-75.067970
716.661735	-73.755876
716.833096	-71.878198
717.004538	-78.844515
717.176063	-79.862709
717.347670	-73.490350
717.519359	-74.358478
717.691130	-69.017939
717.862984	-68.568887
718.034920	-70.118297
718.206938	-69.429300
718.379039	-70.189705
718.551222	-71.218989
718.723488	-72.748650
718.895836	-73.611876
719.068267	-73.723555
719.240781	-75.731769
719.413377	-77.059232
719.586057	-70.608776
719.758819	-75.510302
719.931664	-72.437046
720.104593	-69.932507
720.277604	-70.052352
720.450699	-69.655933
720.623876	-72.324675
720.797137	-71.901181
720.970482	-68.159686
721.143910	-73.525784
721.317421	-74.072646
721.491016	-70.571571
721.664694	-73.718304
721.838456	-66.962736
722.012302	-67.143754
722.186231	-63.914258
722.360244	-63.478355
722.534342	-66.686589
722.708523	-65.410845
722.882788	-67.015900
723.057137	-76.125667
723.231570	-75.978320
723.406088	-90.430709
723.580689	-77.089773
723.755375	-75.738505
723.930146	-71.500638
724.105000	-66.554678
724.279940	-69.085145
724.454963	-68.849725
724.630072	-65.823279
724.805265	-67.047464
724.980543	-70.820485
725.155905	-71.781463
725.331353	-72.010730
725.506885	-68.317969
725.682503	-69.428760
725.858205	-67.672265
726.033993	-65.346308
726.209865	-68.086188
726.385823	-68.667652
726.561866	-69.131558
726.737995	-66.828318
726.914209	-66.289138
727.090508	-67.411035
727.266893	-66.230426
727.443364	-66.726945
727.619920	-73.811255
727.796562	-81.615385
727.973290	-86.917417
728.150103	-78.005678
728.327003	-74.054447
728.503988	-71.896460
728.681060	-65.239536
728.858218	-64.810804
729.035461	-67.929730
729.212791	-65.074577
729.390208	-69.011690
729.567710	-70.486704
729.745299	-73.848177
729.922975	-78.399091
730.100737	-70.290753
730.278586	-72.006793
730.456521	-67.456700
730.634543	-65.124047
730.812652	-65.552912
730.990848	-63.182176
731.169130	-66.166311
731.347500	-64.103951
731.525957	-63.613218
731.704500	-67.166619
731.883131	-66.797666
732.061850	-70.608450
732.240655	-68.921445
732.419548	-67.938267
732.598528	-71.066099
732.777596	-64.994155
732.956751	-65.541369
733.135994	-67.744895
733.315325	-67.203887
733.494744	-69.850233
733.674250	-69.353176
733.853844	-71.083217
734.033526	-77.036252
734.213296	-73.140883
734.393154	-73.185771
734.573101	-67.766346
734.753135	-67.313067
734.933258	-66.490009
735.113469	-66.042321
735.293769	-66.652141
735.474157	-67.957170
735.654633	-66.036439
735.835198	-69.977554
736.015852	-70.746936
736.196594	-71.660111
736.377426	-71.286373
736.558346	-66.639064
736.739355	-65.947903
736.920453	-63.664479
737.101640	-63.147115
737.282916	-66.361548
737.464282	-65.442424
737.645736	-70.906495
737.827280	-68.522946
738.008914	-69.215798
738.190637	-67.986666
738.372449	-63.931382
738.554351	-66.075004
738.736342	-63.073496
738.918424	-64.283794
739.100595	-63.559666
739.282855	-62.832997
739.465206	-66.108628
739.647647	-65.977273
739.830178	-69.193531
740.012799	-69.000517
740.195510	-67.703566
740.378311	-65.597910
740.561203	-63.885470
740.744185	-65.762105
740.927258	-66.950335
741.110421	-67.626602
741.293674	-72.773127
741.477018	-72.638787
741.660453	-72.510514
741.843979	-66.717974
742.027596	-65.623781
742.211303	-65.901942
742.395102	-65.221597
742.578991	-66.412738
742.762972	-68.173794
742.947044	-71.202835
743.131207	-83.578592
743.315461	-78.213485
743.499807	-72.772887
743.684244	-68.555946
743.868773	-67.659394
744.053394	-73.204455
744.238106	-72.317084
744.422910	-84.607465
744.607805	-71.345319
744.792793	-67.855372
744.977872	-68.414078
745.163044	-65.287593
745.348307	-67.347148
745.533663	-70.847527
745.719111	-75.604278
745.904651	-83.006313
746.090283	-71.616692
746.276008	-73.280670
746.461826	-69.006232
746.647735	-68.538842
746.833738	-71.236519
747.019833	-79.458328
747.206021	-89.443794
747.392302	-74.692878
747.578676	-74.671555
747.765143	-71.248293
747.951703	-69.946318
748.138356	-72.882297
748.325102	-66.568774
748.511941	-67.824987
748.698874	-65.553626
748.885900	-65.187528
749.073019	-71.921892
749.260232	-77.972470
749.447539	-80.355763
749.634939	-68.567356
749.822433	-67.515111
750.010021	-65.189419
750.197703	-63.638404
750.385479	-64.615554
750.573348	-67.510816
750.761312	-69.790715
750.949370	-73.848512
751.137523	-73.068049
751.325769	-71.222890
751.514110	-72.103566
751.702545	-69.721276
751.891075	-70.246020
752.079700	-71.470645
752.268419	-72.534036
752.457233	-75.951805
752.646142	-84.876883
752.835145	-69.501918
753.024244	-69.043481
753.213437	-67.212397
753.402726	-64.888364
753.592110	-68.650390
753.781589	-65.937353
753.971163	-69.605311
754.160833	-74.415163
754.350598	-72.340780
754.540459	-75.719214
754.730415	-67.503757
754.920467	-66.581325
755.110615	-66.396652
755.300858	-69.702984
755.491198	-67.377330
755.681633	-70.439630
755.872164	-68.726496
756.062792	-67.152852
756.253515	-71.423460
756.444335	-68.087614
756.635252	-68.578127
756.826264	-70.221055
757.017373	-64.770275
757.208579	-65.182552
757.399881	-66.967392
757.591280	-67.353893
757.782776	-68.021193
757.974368	-75.966464
758.166058	-67.606770
758.357844	-63.347657
758.549728	-64.796147
758.741708	-64.188225
758.933786	-65.493759
759.125961	-65.082016
759.318233	-67.873539
759.510603	-69.707467
759.703071	-66.301406
759.895635	-66.813639
760.088298	-64.992386
760.281058	-64.379583
760.473916	-64.211948
760.666872	-65.932754
760.859926	-69.207893
761.053078	-67.182062
761.246328	-65.458988
761.439676	-65.358558
761.633122	-66.743455
761.826667	-64.298901
762.020310	-63.887648
762.214052	-64.248425
762.407892	-65.810117
762.601831	-65.441792
762.795868	-62.578231
762.990004	-62.058661
763.184239	-60.785563
763.378573	-62.569271
763.573006	-63.381871
763.767538	-63.495071
763.962169	-61.319946
764.156900	-60.848140
764.351729	-61.849015
764.546658	-62.438602
764.741687	-62.385288
764.936815	-59.442047
765.132042	-59.151379
765.327370	-58.052773
765.522797	-58.635506
765.718324	-58.575599
765.913950	-57.667366
766.109677	-58.359519
766.305504	-60.110374
766.501431	-60.150564
766.697458	-60.166245
766.893586	-60.013963
767.089814	-59.102981
767.286142	-59.404400
767.482571	-57.976874
767.679100	-59.114226
767.875730	-59.045020
768.072461	-58.343302
768.269293	-59.419464
768.466225	-60.071646
768.663259	-58.914475
768.860393	-57.744491
769.057629	-59.750403
769.254966	-60.521070
769.452404	-60.569384
769.649944	-58.990919
769.847585	-57.140194
770.045328	-57.038747
770.243172	-56.729578
770.441118	-58.526483
770.639166	-59.217017
770.837315	-58.134129
771.035567	-57.961387
771.233920	-58.775659
771.432376	-61.470249
771.630934	-60.636218
771.829594	-59.798489
772.028356	-60.162528
772.227220	-59.931094
772.426188	-60.494000
772.625257	-60.465505
772.824430	-59.082514
773.023705	-57.236332
773.223083	-57.536194
773.422563	-58.717070
773.622147	-60.314103
773.821834	-57.812954
774.021624	-57.085761
774.221517	-56.300126
774.421513	-55.182152
774.621613	-56.029160
774.821816	-54.886230
775.022122	-56.567448
775.222532	-56.528379
775.423046	-57.950990
775.623664	-58.102777
775.824385	-57.538436
776.025211	-58.477118
776.226140	-56.100410
776.427173	-57.752937
776.628311	-57.134914
776.829553	-59.015444
777.030899	-57.569788
777.232350	-56.369099
777.433905	-55.696291
777.635564	-54.812433
777.837328	-55.188287
778.039197	-54.696472
778.241171	-56.095147
778.443250	-56.898798
778.645433	-58.656385
778.847722	-58.093659
779.050116	-58.019748
779.252615	-58.598900
779.455219	-58.095905
779.657929	-59.176575
779.860744	-57.711529
780.063665	-57.592827
780.266691	-55.174243
780.469823	-55.015155
780.673061	-55.699423
780.876405	-56.071348
781.079855	-55.899583
781.283410	-55.611050
781.487072	-58.352373
781.690840	-57.479189
781.894715	-55.558622
782.098695	-54.328556
782.302783	-54.580307
782.506976	-53.140807
782.711277	-53.629454
782.915684	-55.648150
783.120198	-57.375453
783.324818	-56.936042
783.529546	-54.481788
783.734381	-56.962301
783.939322	-54.357766
784.144372	-55.644652
784.349528	-55.069275
784.554792	-56.193283
784.760163	-57.386075
784.965642	-56.678820
785.171228	-58.052249
785.376922	-55.292851
785.582724	-55.040623
785.788634	-53.843070
785.994651	-56.361795
786.200777	-55.656972
786.407011	-56.537591
786.613353	-54.475604
786.819804	-54.969710
787.026363	-55.289428
787.233030	-55.567943
787.439806	-55.794417
787.646691	-53.677548
787.853684	-54.941888
788.060786	-53.015489
788.267997	-54.661780
788.475317	-53.819821
788.682746	-55.860373
788.890285	-54.188930
789.097932	-53.780213
789.305689	-55.407325
789.513555	-54.986238
789.721531	-55.608895
789.929617	-53.975997
790.137812	-54.982073
790.346117	-54.896609
790.554531	-55.475571
790.763056	-53.929873
790.971691	-53.362709
791.180436	-53.974149
791.389291	-55.027921
791.598256	-55.186359
791.807332	-55.062147
792.016518	-55.530426
792.225815	-54.275458
792.435222	-53.247333
792.644740	-53.005460
792.854369	-54.274260
793.064109	-53.905442
793.273960	-53.247418
793.483922	-53.795860
793.693995	-53.626968
793.904180	-54.356580
794.114475	-53.030132
794.324882	-53.120564
794.535401	-53.644244
794.746031	-54.214844
794.956774	-52.788575
795.167627	-52.314702
795.378593	-52.278483
795.589671	-51.927846
795.800861	-54.400237
796.012162	-53.143790
796.223577	-57.250927
796.435103	-53.258520
796.646742	-53.712683
796.858493	-51.093047
797.070357	-52.513383
797.282334	-52.978875
797.494423	-53.482904
797.706626	-53.134503
797.918941	-52.523279
798.131369	-52.328773
798.343911	-51.795846
798.556566	-52.778750
798.769334	-51.461824
798.982215	-54.455748
799.195210	-51.939310
799.408319	-52.926894
799.621541	-51.188829
799.834877	-52.874889
800.048327	-50.957542
800.261890	-52.672412
800.475568	-53.250254
800.689360	-53.106203
800.903266	-52.792942
801.117287	-51.659252
801.331422	-52.385297
801.545671	-51.286258
801.760036	-51.925521
801.974514	-51.715267
802.189108	-52.024312
802.403816	-51.212149
802.618640	-53.099465
802.833578	-50.638040
803.048632	-51.018562
803.263800	-50.695129
803.479085	-50.638006
803.694484	-51.273082
803.909999	-51.749800
804.125630	-52.279441
804.341376	-52.530623
804.557239	-52.397461
804.773217	-51.239082
804.989311	-51.674003
805.205521	-50.091781
805.421847	-50.420917
805.638290	-51.265869
805.854849	-51.102880
806.071524	-51.462018
806.288316	-52.550984
806.505225	-50.572836
806.722250	-50.202229
806.939393	-50.879716
807.156652	-50.095849
807.374028	-51.425198
807.591521	-51.762249
807.809132	-50.933799
808.026859	-50.072127
808.244705	-50.442316
808.462667	-49.803586
808.680748	-51.584203
808.898946	-51.071858
809.117261	-51.323671
809.335695	-49.486403
809.554246	-50.184613
809.772916	-49.063922
809.991704	-49.595952
810.210610	-50.321660
810.429634	-50.964765
810.648777	-50.785715
810.868039	-51.228810
811.087419	-49.663207
811.306918	-49.518556
811.526535	-50.310244
811.746272	-49.873223
811.966127	-50.926476
812.186102	-50.194265
812.406196	-50.607035
812.626409	-49.250962
812.846742	-50.531931
813.067194	-48.700923
813.287766	-49.735578
813.508457	-49.048071
813.729269	-50.094907
813.950200	-49.617622
814.171251	-50.724374
814.392422	-49.784915
814.613714	-50.461477
814.835126	-50.421451
815.056658	-51.118144
815.278311	-49.716710
815.500084	-48.972925
815.721978	-48.733981
815.943993	-47.845556
816.166128	-49.210137
816.388385	-49.796882
816.610762	-50.742450
816.833261	-49.462624
817.055881	-50.296858
817.278623	-49.044714
817.501486	-49.708074
817.724471	-49.405855
817.947577	-49.971166
818.170805	-48.849321
818.394155	-49.977004
818.617627	-49.674762
818.841221	-49.001135
819.064937	-49.188558
819.288775	-49.002566
819.512736	-49.079136
819.736819	-49.566100
819.961025	-49.375654
820.185354	-48.847989
820.409805	-50.059113
820.634379	-49.219599
820.859076	-50.203667
821.083897	-49.237419
821.308840	-49.497105
821.533907	-49.311007
821.759097	-50.248340
821.984411	-48.996023
822.209848	-49.835963
822.435409	-48.673651
822.661093	-49.526486
822.886902	-48.529233
823.112834	-49.220585
823.338891	-48.439660
823.565072	-49.738489
823.791377	-49.607335
824.017807	-50.597012
824.244361	-48.202563
824.471039	-48.815897
824.697843	-47.997192
824.924771	-48.850009
825.151824	-49.581005
825.379002	-49.763472
825.606306	-48.969427
825.833734	-48.930173
826.061288	-48.908642
826.288967	-48.827167
826.516772	-49.634783
826.744703	-48.679052
826.972759	-49.121251
827.200941	-48.393359
827.429249	-49.390615
827.657683	-48.718986
827.886243	-48.950059
828.114930	-47.886155
828.343743	-48.804100
828.572682	-48.351378
828.801748	-50.015294
829.030941	-48.409391
829.260260	-49.344172
829.489706	-47.573164
829.719280	-49.183311
829.948980	-47.665654
830.178808	-49.621435
830.408763	-48.748470
830.638845	-49.313814
830.869055	-48.324982
831.099393	-48.831240
831.329858	-47.195652
831.560451	-48.897423
831.791173	-48.075625
832.022022	-48.583258
832.252999	-48.381363
832.484105	-49.108648
832.715339	-47.591135
832.946702	-48.691751
833.178193	-47.483509
833.409813	-48.098309
833.641561	-47.954775
833.873439	-48.287385
834.105445	-47.867213
834.337581	-47.626000
834.569846	-47.122060
834.802241	-47.232506
835.034764	-47.288075
835.267418	-48.334631
835.500201	-48.135492
835.733114	-47.888252
835.966157	-47.580254
836.199329	-47.563992
836.432632	-47.457603
836.666065	-46.775271
836.899629	-46.349122
837.133323	-45.808227
837.367147	-47.781496
837.601102	-47.923104
837.835188	-47.975308
838.069405	-45.950284
838.303752	-45.886419
838.538231	-45.834390
838.772841	-47.394303
839.007582	-46.793111
839.242455	-46.080313
839.477459	-45.658142
839.712595	-46.879056
839.947863	-46.164391
840.183263	-46.304373
840.418794	-44.981055
840.654458	-45.509489
840.890254	-46.028172
841.126182	-48.098524
841.362242	-45.394574
841.598435	-46.212713
841.834761	-43.921582
842.071220	-45.877208
842.307811	-45.757574
842.544536	-45.890965
842.781393	-44.426114
843.018384	-44.682151
843.255508	-44.481155
843.492765	-46.404593
843.730156	-44.802880
843.967681	-45.049253
844.205339	-43.616206
844.443132	-44.910758
844.681058	-44.953172
844.919118	-45.432332
845.157313	-43.706033
845.395642	-44.462766
845.634105	-43.706269
845.872703	-44.834189
846.111436	-44.644343
846.350303	-44.121965
846.589306	-44.063462
846.828443	-43.938069
847.067716	-43.707855
847.307124	-43.640331
847.546667	-43.131342
847.786345	-43.661982
848.026160	-42.848687
848.266110	-43.861871
848.506195	-42.809004
848.746417	-43.545198
848.986775	-42.834295
849.227269	-43.929648
849.467899	-42.432161
849.708666	-43.758398
849.949569	-42.075747
850.190609	-43.122634
850.431785	-42.647398
850.673099	-42.666868
850.914549	-42.113500
851.156137	-42.874724
851.397861	-42.157446
851.639723	-42.623853
851.881723	-42.126665
852.123860	-41.671695
852.366135	-42.792319
852.608547	-42.471965
852.851098	-41.814135
853.093786	-41.394716
853.336613	-40.934339
853.579578	-42.120531
853.822681	-42.235779
854.065923	-42.472766
854.309304	-40.860348
854.552823	-41.099128
854.796481	-40.856317
855.040278	-41.941933
855.284215	-41.143284
855.528290	-42.202787
855.772505	-40.179989
856.016859	-41.202935
856.261353	-40.390569
856.505987	-40.910808
856.750760	-41.109180
856.995673	-40.841073
857.240727	-40.526903
857.485920	-41.034183
857.731254	-40.626760
857.976729	-40.734244
858.222343	-40.601144
858.468099	-40.096242
858.713995	-40.498132
858.960032	-40.461905
859.206211	-40.468794
859.452530	-40.063253
859.698991	-39.487663
859.945593	-39.822634
860.192336	-39.934871
860.439222	-40.363786
860.686248	-39.934079
860.933417	-39.693172
861.180728	-39.731818
861.428181	-40.143204
861.675776	-39.403120
861.923514	-39.913211
862.171394	-38.991730
862.419417	-39.475582
862.667582	-39.553806
862.915890	-39.112231
863.164342	-39.076873
863.412936	-39.510751
863.661674	-39.021952
863.910555	-39.507319
864.159579	-38.983332
864.408747	-38.870589
864.658059	-39.290165
864.907515	-38.995820
865.157114	-38.941784
865.406858	-38.658493
865.656746	-38.681577
865.906778	-38.566516
866.156955	-38.293424
866.407277	-39.025042
866.657743	-38.653211
866.908354	-38.630993
867.159110	-38.562476
867.410011	-38.103820
867.661057	-38.501198
867.912249	-38.615470
868.163586	-38.129221
868.415069	-38.440982
868.666697	-37.968179
868.918472	-37.818136
869.170392	-38.438037
869.422458	-38.057846
869.674671	-38.098632
869.927030	-38.203242
870.179536	-37.909088
870.432188	-37.907812
870.684987	-37.732639
870.937933	-37.858419
871.191026	-37.846495
871.444266	-37.772767
871.697653	-37.924030
871.951188	-37.452664
872.204870	-37.865658
872.458700	-37.601585
872.712677	-37.218958
872.966803	-37.537641
873.221076	-37.341392
873.475498	-37.369003
873.730068	-38.093517
873.984787	-37.083379
874.239654	-37.415806
874.494669	-37.403576
874.749834	-37.107451
875.005147	-37.187232
875.260610	-37.118187
875.516222	-37.131672
875.771983	-37.415585
876.027894	-37.057801
876.283954	-37.173563
876.540164	-36.978153
876.796524	-37.173254
877.053033	-36.785472
877.309693	-36.959689
877.566503	-37.304646
877.823464	-36.753951
878.080575	-36.977785
878.337837	-37.200831
878.595249	-36.557281
878.852813	-36.936990
879.110528	-36.801998
879.368393	-36.541882
879.626410	-37.028426
879.884579	-36.604915
880.142899	-36.890435
880.401371	-36.758371
880.659994	-36.682745
880.918770	-36.869128
881.177698	-36.663324
881.436778	-36.538693
881.696010	-36.429083
881.955395	-36.489018
882.214933	-36.959605
882.474623	-36.479904
882.734467	-36.939322
882.994463	-36.253454
883.254613	-36.289097
883.514916	-36.685549
883.775372	-36.496547
884.035982	-36.596912
884.296746	-36.590856
884.557664	-36.157731
884.818735	-36.533414
885.079961	-36.267668
885.341341	-36.465964
885.602876	-36.437135
885.864565	-36.365794
886.126409	-36.225274
886.388407	-36.234895
886.650561	-36.677714
886.912870	-36.069134
887.175334	-35.921823
887.437953	-36.634283
887.700728	-35.968821
887.963658	-36.337178
888.226745	-36.628858
888.489987	-36.054646
888.753385	-36.141203
889.016940	-36.046209
889.280651	-36.296172
889.544518	-35.860518
889.808543	-36.268599
890.072723	-36.221279
890.337061	-36.108404
890.601556	-36.372883
890.866208	-35.884709
891.131017	-35.873432
891.395984	-36.235808
891.661109	-35.690976
891.926391	-36.479621
892.191831	-35.967236
892.457429	-36.109859
892.723186	-35.785272
892.989100	-36.070516
893.255173	-36.042234
893.521405	-35.911377
893.787796	-36.297194
894.054345	-35.653314
894.321053	-35.932420
894.587921	-35.962709
894.854948	-35.783293
895.122134	-35.895366
895.389480	-35.954166
895.656986	-36.096945
895.924651	-35.774977
896.192477	-35.620623
896.460463	-35.894085
896.728609	-35.644746
896.996915	-35.927181
897.265382	-35.687232
897.534010	-36.070421
897.802799	-35.663053
898.071749	-35.510679
898.340860	-35.938591
898.610132	-35.532740
898.879566	-35.640718
899.149162	-35.707039
899.418919	-35.989049
899.688838	-35.621361
899.958919	-35.379569
900.229162	-36.234249
900.499568	-35.252188
900.770136	-35.660624
901.040867	-35.769893
901.311761	-35.956181
901.582817	-35.113397
901.854037	-35.684976
902.125420	-36.169035
902.396966	-34.882505
902.668676	-35.881698
902.940550	-35.540426
903.212587	-35.577770
903.484788	-35.393558
903.757153	-36.006247
904.029683	-35.223267
904.302377	-35.621398
904.575236	-35.778890
904.848259	-35.149572
905.121447	-35.779055
905.394800	-35.443174
905.668319	-35.133042
905.942002	-35.708221
906.215852	-35.489898
906.489866	-35.353897
906.764047	-35.371584
907.038393	-35.684091
907.312906	-34.779250
907.587584	-35.847571
907.862429	-34.998702
908.137441	-35.401873
908.412619	-35.072301
908.687964	-35.508658
908.963476	-34.946101
909.239155	-35.436319
909.515002	-35.095518
909.791015	-35.045710
910.067197	-35.506478
910.343546	-34.642599
910.620063	-35.497760
910.896748	-34.884634
911.173601	-35.413751
911.450623	-34.394812
911.727813	-35.673862
912.005171	-34.425272
912.282699	-35.491660
912.560395	-34.630787
912.838261	-35.415319
913.116296	-34.279563
913.394500	-35.002653
913.672874	-34.998684
913.951418	-34.883354
914.230131	-34.660217
914.509015	-34.773983
914.788068	-35.077159
915.067292	-34.131051
915.346687	-35.462062
915.626252	-34.415336
915.905988	-34.797765
916.185895	-34.008863
916.465973	-35.657541
916.746223	-33.914135
917.026644	-34.948459
917.307236	-34.141210
917.588000	-34.871924
917.868937	-33.889828
918.150045	-34.706940
918.431325	-34.142167
918.712778	-34.408036
918.994404	-34.067550
919.276202	-34.283559
919.558173	-34.194266
919.840317	-33.977545
920.122634	-34.106797
920.405125	-33.971546
920.687789	-34.103312
920.970627	-34.082008
921.253639	-33.475193
921.536824	-34.247640
921.820184	-33.521956
922.103718	-34.044560
922.387427	-33.268124
922.671310	-34.282324
922.955368	-32.998951
923.239601	-33.978276
923.524009	-33.164466
923.808592	-33.784593
924.093351	-33.055570
924.378285	-33.568692
924.663396	-33.103816
924.948682	-33.280514
925.234144	-33.316687
925.519782	-32.879998
925.805597	-33.353617
926.091589	-32.765452
926.377757	-33.492163
926.664102	-32.400755
926.950624	-33.639206
927.237323	-32.480202
927.524200	-33.005977
927.811255	-32.671030
928.098487	-33.038481
928.385897	-32.496328
928.673485	-32.707899
928.961251	-32.631807
929.249196	-32.383233
929.537319	-32.797630
929.825621	-31.996881
930.114102	-32.774685
930.402762	-31.953615
930.691601	-32.388214
930.980620	-32.159498
931.269818	-32.084448
931.559196	-32.276105
931.848753	-31.801852
932.138491	-32.380343
932.428409	-31.739085
932.718508	-32.232929
933.008787	-31.680121
933.299246	-32.249934
933.589887	-31.706228
933.880709	-31.803986
934.171712	-32.256547
934.462896	-31.291046
934.754262	-32.271042
935.045810	-31.348578
935.337539	-31.869240
935.629451	-31.541748
935.921545	-31.535804
936.213822	-31.824833
936.506281	-31.331189
936.798922	-31.287195
937.091747	-31.604688
937.384755	-31.144597
937.677946	-31.465862
937.971321	-31.141199
938.264879	-31.341212
938.558621	-31.251844
938.852547	-30.793884
939.146657	-31.449029
939.440952	-30.902053
939.735431	-31.214823
940.030095	-30.792508
940.324943	-31.108890
940.619977	-30.926990
940.915196	-30.904012
941.210600	-30.768404
941.506189	-30.896203
941.801965	-30.593009
942.097926	-30.696428
942.394074	-30.632700
942.690407	-30.624882
942.986927	-30.422354
943.283634	-30.309386
943.580527	-30.543322
943.877608	-30.239969
944.174875	-30.363556
944.472330	-30.136593
944.769972	-30.274295
945.067802	-30.098012
945.365820	-30.200941
945.664026	-30.017178
945.962420	-30.199594
946.261002	-29.879788
946.559773	-30.116592
946.858733	-29.922746
947.157881	-29.991646
947.457219	-29.852211
947.756746	-29.938056
948.056462	-29.996491
948.356368	-29.755435
948.656464	-29.816487
948.956749	-29.722944
949.257225	-29.721357
949.557891	-29.475206
949.858748	-29.642411
950.159796	-29.424492
950.461034	-29.605883
950.762463	-29.235337
951.064084	-29.469213
951.365896	-29.196324
951.667900	-29.197616
951.970095	-29.076359
952.272483	-29.131886
952.575063	-28.985518
952.877835	-28.974498
953.180799	-28.999083
953.483956	-28.894072
953.787307	-28.896589
954.090850	-28.637540
954.394586	-28.985121
954.698516	-28.630569
955.002640	-28.796955
955.306957	-28.577588
955.611469	-28.798009
955.916174	-28.545767
956.221074	-28.567244
956.526169	-28.516239
956.831458	-28.681313
957.136942	-28.455001
957.442622	-28.375763
957.748496	-28.501269
958.054567	-28.409248
958.360833	-28.433489
958.667294	-28.175165
958.973952	-28.514852
959.280806	-28.237861
959.587857	-28.293668
959.895104	-28.121550
960.202548	-28.408528
960.510189	-28.109018
960.818027	-28.178965
961.126062	-28.079865
961.434295	-28.221051
961.742726	-28.039252
962.051355	-28.010226
962.360182	-28.130520
962.669207	-28.021934
962.978431	-28.013679
963.287854	-27.818208
963.597475	-28.110047
963.907296	-27.846863
964.217315	-27.930130
964.527535	-27.729276
964.837954	-27.985725
965.148573	-27.738922
965.459392	-27.757759
965.770411	-27.646135
966.081630	-27.840402
966.393051	-27.662336
966.704672	-27.532662
967.016494	-27.632545
967.328517	-27.569300
967.640742	-27.576884
967.953169	-27.336106
968.265797	-27.571477
968.578627	-27.409342
968.891660	-27.401175
969.204895	-27.180385
969.518332	-27.438126
969.831972	-27.273172
970.145816	-27.228944
970.459862	-27.108773
970.774112	-27.250508
971.088565	-27.166073
971.403223	-26.994590
971.718084	-27.067550
972.033149	-27.036510
972.348419	-27.052829
972.663893	-26.796682
972.979572	-26.977590
973.295456	-26.857041
973.611546	-26.866993
973.927840	-26.633695
974.244340	-26.800158
974.561046	-26.730957
974.877958	-26.646102
975.195076	-26.478666
975.512401	-26.585836
975.829932	-26.622793
976.147670	-26.423382
976.465615	-26.333172
976.783767	-26.365679
977.102126	-26.489157
977.420693	-26.236344
977.739468	-26.196988
978.058451	-26.213298
978.377642	-26.351852
978.697041	-26.062394
979.016649	-26.064170
979.336466	-26.111208
979.656492	-26.194871
979.976727	-25.998146
980.297171	-25.942739
980.617825	-26.019251
980.938689	-26.058331
981.259763	-25.959305
981.581048	-25.802893
981.902542	-25.955320
982.224248	-25.939151
982.546164	-25.893428
982.868291	-25.680576
983.190630	-25.839041
983.513180	-25.863015
983.835942	-25.776583
984.158916	-25.585759
984.482101	-25.718896
984.805500	-25.769125
985.129110	-25.646362
985.452934	-25.532547
985.776970	-25.596484
986.101220	-25.670726
986.425683	-25.507144
986.750359	-25.470760
987.075250	-25.481973
987.400354	-25.569484
987.725673	-25.412973
988.051206	-25.374341
988.376954	-25.373538
988.702916	-25.451986
989.029094	-25.338465
989.355487	-25.265853
989.682095	-25.286749
990.008919	-25.349200
990.335959	-25.273917
990.663216	-25.130720
990.990688	-25.225514
991.318377	-25.206805
991.646283	-25.171551
991.974406	-25.025706
992.302746	-25.113505
992.631304	-25.085359
992.960079	-25.055975
993.289072	-24.895436
993.618283	-24.949451
993.947713	-24.961731
994.277361	-24.954653
994.607227	-24.772429
994.937313	-24.757175
995.267618	-24.869329
995.598142	-24.791135
995.928886	-24.661804
996.259849	-24.590162
996.591033	-24.723739
996.922437	-24.653719
997.254061	-24.590744
997.585906	-24.433268
997.917972	-24.561558
998.250260	-24.534220
998.582768	-24.468544
998.915498	-24.331652
999.248450	-24.391236
999.581624	-24.423478
999.915020	-24.343463
1000.248639	-24.261895
1000.582480	-24.238521
1000.916545	-24.317768
1001.250832	-24.205750
1001.585343	-24.167801
1001.920077	-24.114754
1002.255035	-24.198789
1002.590218	-24.094988
1002.925624	-24.067173
1003.261255	-23.997156
1003.597111	-24.071428
1003.933192	-24.008791
1004.269497	-23.938954
1004.606029	-23.906303
1004.942785	-23.954143
1005.279768	-23.936319
1005.616977	-23.849518
1005.954412	-23.826922
1006.292074	-23.818714
1006.629962	-23.894322
1006.968077	-23.780267
1007.306420	-23.760633
1007.644990	-23.720962
1007.983787	-23.840280
1008.322813	-23.759421
1008.662067	-23.701654
1009.001549	-23.657886
1009.341259	-23.788696
1009.681199	-23.732132
1010.021367	-23.656405
1010.361765	-23.630313
1010.702392	-23.715410
1011.043250	-23.708224
1011.384337	-23.610928
1011.725654	-23.592529
1012.067202	-23.605321
1012.408980	-23.677176
1012.750989	-23.576011
1013.093230	-23.523522
1013.435702	-23.508474
1013.778405	-23.587831
1014.121341	-23.525514
1014.464508	-23.438735
1014.807908	-23.407337
1015.151540	-23.462759
1015.495405	-23.437391
1015.839503	-23.370620
1016.183835	-23.303507
1016.528400	-23.304960
1016.873198	-23.370941
1017.218231	-23.269993
1017.563498	-23.209388
1017.908999	-23.162154
1018.254735	-23.278247
1018.600707	-23.180405
1018.946913	-23.136119
1019.293354	-23.057213
1019.640032	-23.142353
1019.986945	-23.114798
1020.334094	-23.063403
1020.681480	-22.972805
1021.029102	-23.011460
1021.376961	-23.064574
1021.725058	-22.969321
1022.073391	-22.910819
1022.421962	-22.890540
1022.770772	-22.960507
1023.119819	-22.898908
1023.469104	-22.853043
1023.818628	-22.756470
1024.168391	-22.852422
1024.518393	-22.815380
1024.868634	-22.777023
1025.219115	-22.676768
1025.569836	-22.701620
1025.920796	-22.724529
1026.271997	-22.712660
1026.623438	-22.611647
1026.975121	-22.576456
1027.327044	-22.629010
1027.679208	-22.627616
1028.031614	-22.596232
1028.384262	-22.475970
1028.737152	-22.534444
1029.090284	-22.569109
1029.443659	-22.586293
1029.797276	-22.449446
1030.151137	-22.466722
1030.505240	-22.494100
1030.859587	-22.588760
1031.214178	-22.461542
1031.569013	-22.429972
1031.924093	-22.453455
1032.279417	-22.546939
1032.634985	-22.496139
1032.990799	-22.421904
1033.346858	-22.428179
1033.703162	-22.477894
1034.059712	-22.505932
1034.416509	-22.443721
1034.773551	-22.399556
1035.130841	-22.390081
1035.488377	-22.499414
1035.846160	-22.446599
1036.204190	-22.395869
1036.562468	-22.313720
1036.920994	-22.429132
1037.279768	-22.413136
1037.638790	-22.375755
1037.998061	-22.288558
1038.357581	-22.331428
1038.717350	-22.361498
1039.077368	-22.345473
1039.437636	-22.259421
1039.798154	-22.238860
1040.158922	-22.307286
1040.519940	-22.309669
1040.881209	-22.240038
1041.242729	-22.176216
1041.604501	-22.229807
1041.966524	-22.226550
1042.328798	-22.227629
1042.691325	-22.136375
1043.054103	-22.146745
1043.417135	-22.134862
1043.780419	-22.173729
1044.143956	-22.073676
1044.507746	-22.070151
1044.871791	-22.039911
1045.236088	-22.064725
1045.600641	-22.021629
1045.965447	-21.995532
1046.330508	-21.937552
1046.695824	-21.939213
1047.061395	-21.934521
1047.427222	-21.900847
1047.793304	-21.888778
1048.159642	-21.814829
1048.526237	-21.830723
1048.893088	-21.827766
1049.260196	-21.829135
1049.627561	-21.725101
1049.995183	-21.750166
1050.363063	-21.736983
1050.731201	-21.810595
1051.099597	-21.689550
1051.468251	-21.669019
1051.837164	-21.682712
1052.206336	-21.756186
1052.575767	-21.688274
1052.945458	-21.636359
1053.315409	-21.631057
1053.685619	-21.704636
1054.056090	-21.695502
1054.426821	-21.625548
1054.797814	-21.627033
1055.169067	-21.628477
1055.540582	-21.691669
1055.912359	-21.630139
1056.284398	-21.629526
1056.656698	-21.585327
1057.029262	-21.654785
1057.402088	-21.630797
1057.775177	-21.646065
1058.148530	-21.559809
1058.522146	-21.611001
1058.896027	-21.587815
1059.270171	-21.632305
1059.644580	-21.562244
1060.019254	-21.560491
1060.394193	-21.536278
1060.769397	-21.567797
1061.144867	-21.577894
1061.520602	-21.515693
1061.896604	-21.490478
1062.272872	-21.489218
1062.649407	-21.546143
1063.026210	-21.461370
1063.403279	-21.454318
1063.780616	-21.409061
1064.158221	-21.454929
1064.536094	-21.392487
1064.914235	-21.392229
1065.292645	-21.306322
1065.671325	-21.321443
1066.050273	-21.287229
1066.429491	-21.286690
1066.808979	-21.203218
1067.188738	-21.192851
1067.568766	-21.139591
1067.949066	-21.147293
1068.329636	-21.115761
1068.710478	-21.063054
1069.091592	-20.998723
1069.472977	-21.012644
1069.854635	-21.004084
1070.236565	-20.937492
1070.618768	-20.900347
1071.001243	-20.847224
1071.383993	-20.880854
1071.767016	-20.829017
1072.150313	-20.803222
1072.533884	-20.731106
1072.917730	-20.758455
1073.301850	-20.708773
1073.686246	-20.733484
1074.070917	-20.650309
1074.455864	-20.646280
1074.841087	-20.621357
1075.226586	-20.651367
1075.612362	-20.605688
1075.998415	-20.589768
1076.384745	-20.521254
1076.771353	-20.573663
1077.158238	-20.575984
1077.545401	-20.536168
1077.932843	-20.484864
1078.320564	-20.501874
1078.708564	-20.524471
1079.096842	-20.508585
1079.485401	-20.468715
1079.874240	-20.461147
1080.263358	-20.472702
1080.652757	-20.459338
1081.042438	-20.489026
1081.432399	-20.429797
1081.822641	-20.429726
1082.213166	-20.395577
1082.603972	-20.461602
1082.995061	-20.407208
1083.386433	-20.365899
1083.778087	-20.325374
1084.170025	-20.373294
1084.562246	-20.327073
1084.954751	-20.287164
1085.347541	-20.244288
1085.740615	-20.240284
1086.133973	-20.190006
1086.527617	-20.203848
1086.921546	-20.147267
1087.315761	-20.101214
1087.710262	-20.051074
1088.105050	-20.071749
1088.500124	-20.048002
1088.895485	-19.965766
1089.291134	-19.909588
1089.687070	-19.909774
1090.083294	-19.878738
1090.479806	-19.812715
1090.876607	-19.788307
1091.273696	-19.668222
1091.671075	-19.662466
1092.068744	-19.644105
1092.466702	-19.581355
1092.864950	-19.466326
1093.263489	-19.467469
1093.662319	-19.395829
1094.061440	-19.399191
1094.460852	-19.338520
1094.860555	-19.278676
1095.260551	-19.218206
1095.660840	-19.258646
1096.061421	-19.207507
1096.462295	-19.186250
1096.863462	-19.138036
1097.264923	-19.110797
1097.666678	-19.111145
1098.068727	-19.140581
1098.471071	-19.048096
1098.873710	-19.033901
1099.276644	-19.010412
1099.679874	-19.010451
1100.083400	-19.005692
1100.487222	-18.950544
1100.891340	-18.903689
1101.295756	-18.908646
1101.700468	-18.903443
1102.105478	-18.897667
1102.510787	-18.865578
1102.916393	-18.818635
1103.322298	-18.862312
1103.728502	-18.858780
1104.135005	-18.882893
1104.541807	-18.845605
1104.948909	-18.837669
1105.356312	-18.880120
1105.764015	-18.903595
1106.172019	-18.885794
1106.580324	-18.885376
1106.988931	-18.835666
1107.397840	-18.892911
1107.807051	-18.853878
1108.216564	-18.846044
1108.626380	-18.777069
1109.036500	-18.743482
1109.446923	-18.716479
1109.857649	-18.704201
1110.268680	-18.632229
1110.680016	-18.560489
1111.091657	-18.499115
1111.503602	-18.500350
1111.915854	-18.443369
1112.328411	-18.388696
1112.741275	-18.315382
1113.154445	-18.293702
1113.567922	-18.254079
1113.981706	-18.243841
1114.395798	-18.181695
1114.810198	-18.128062
1115.224906	-18.075320
1115.639923	-18.084992
1116.055249	-18.038974
1116.470884	-17.961878
1116.886829	-17.904015
1117.303084	-17.864186
1117.719650	-17.824112
1118.136526	-17.752798
1118.553713	-17.708273
1118.971212	-17.595961
1119.389022	-17.556812
1119.807145	-17.525619
1120.225580	-17.456750
1120.644328	-17.393278
1121.063389	-17.322240
1121.482763	-17.315142
1121.902452	-17.279006
1122.322454	-17.269182
1122.742771	-17.228322
1123.163404	-17.205258
1123.584351	-17.240685
1124.005614	-17.250143
1124.427193	-17.267484
1124.849089	-17.272676
1125.271301	-17.290940
1125.693830	-17.335180
1126.116677	-17.391643
1126.539842	-17.394494
1126.963324	-17.412763
1127.387126	-17.427374
1127.811246	-17.463865
1128.235685	-17.484055
1128.660444	-17.467834
1129.085522	-17.440204
1129.510922	-17.430343
1129.936641	-17.406134
1130.362682	-17.407756
1130.789044	-17.321843
1131.215728	-17.261340
1131.642734	-17.230710
1132.070063	-17.174430
1132.497714	-17.112855
1132.925689	-17.067797
1133.353987	-16.951066
1133.782610	-16.923201
1134.211556	-16.892124
1134.640827	-16.815635
1135.070424	-16.761433
1135.500345	-16.709497
1135.930593	-16.655007
1136.361166	-16.665194
1136.792067	-16.604199
1137.223294	-16.562700
1137.654848	-16.534051
1138.086730	-16.517868
1138.518940	-16.515684
1138.951479	-16.495873
1139.384346	-16.450066
1139.817543	-16.437666
1140.251069	-16.437100
1140.684925	-16.440799
1141.119111	-16.405942
1141.553628	-16.387225
1141.988475	-16.355699
1142.423655	-16.369146
1142.859166	-16.354819
1143.295009	-16.323593
1143.731185	-16.293156
1144.167694	-16.268187
1144.604536	-16.271635
1145.041711	-16.261489
1145.479221	-16.208695
1145.917065	-16.184816
1146.355245	-16.167798
1146.793759	-16.174030
1147.232609	-16.140310
1147.671795	-16.108892
1148.111317	-16.079160
1148.551177	-16.081841
1148.991373	-16.070147
1149.431907	-16.055171
1149.872779	-16.025248
1150.313989	-16.001250
1150.755538	-16.003545
1151.197426	-16.016803
1151.639653	-15.982543
1152.082220	-15.953125
1152.525128	-15.946870
1152.968376	-15.959465
1153.411966	-15.948393
1153.855897	-15.918610
1154.300169	-15.883710
1154.744784	-15.881509
1155.189742	-15.882887
1155.635042	-15.864237
1156.080687	-15.813374
1156.526674	-15.779700
1156.973007	-15.761711
1157.419683	-15.760016
1157.866705	-15.714604
1158.314072	-15.658658
1158.761786	-15.611746
1159.209845	-15.595862
1159.658251	-15.570531
1160.107004	-15.520589
1160.556104	-15.449925
1161.005553	-15.416247
1161.455349	-15.394407
1161.905494	-15.363836
1162.355989	-15.303176
1162.806832	-15.251091
1163.258026	-15.212408
1163.709570	-15.213814
1164.161464	-15.172850
1164.613710	-15.124648
1165.066307	-15.082807
1165.519256	-15.067121
1165.972558	-15.063332
1166.426212	-15.035875
1166.880219	-15.002118
1167.334580	-14.975714
1167.789295	-14.981904
1168.244364	-14.973474
1168.699788	-14.941384
1169.155567	-14.935477
1169.611702	-14.921269
1170.068193	-14.944553
1170.525041	-14.921303
1170.982245	-14.902585
1171.439807	-14.881579
1171.897726	-14.908637
1172.356004	-14.907719
1172.814640	-14.899645
1173.273635	-14.871360
1173.732989	-14.857375
1174.192703	-14.866096
1174.652778	-14.871690
1175.113213	-14.851181
1175.574009	-14.836005
1176.035167	-14.823296
1176.496687	-14.803462
1176.958569	-14.784606
1177.420814	-14.771483
1177.883422	-14.765486
1178.346394	-14.753054
1178.809730	-14.710977
1179.273430	-14.647885
1179.737496	-14.640731
1180.201927	-14.654756
1180.666723	-14.639275
1181.131886	-14.570057
1181.597416	-14.490410
1182.063312	-14.463450
1182.529576	-14.496111
1182.996209	-14.490842
1183.463209	-14.404376
1183.930579	-14.311725
1184.398317	-14.285774
1184.866426	-14.310181
1185.334904	-14.319718
1185.803754	-14.243785
1186.272974	-14.148384
1186.742566	-14.118070
1187.212529	-14.147156
1187.682865	-14.154973
1188.153574	-14.107308
1188.624656	-14.030994
1189.096112	-13.993323
1189.567942	-14.020043
1190.040147	-14.040730
1190.512726	-14.008940
1190.985681	-13.956529
1191.459012	-13.932804
1191.932720	-13.945813
1192.406804	-13.975049
1192.881265	-13.962823
1193.356104	-13.924071
1193.831322	-13.910571
1194.306918	-13.930680
1194.782893	-13.942377
1195.259248	-13.939283
1195.735982	-13.916615
1196.213097	-13.907188
1196.690593	-13.919736
1197.168471	-13.929656
1197.646730	-13.908197
1198.125371	-13.893627
1198.604395	-13.893639
1199.083803	-13.893353
1199.563594	-13.883703
1200.043769	-13.864359
1200.524329	-13.843743
1201.005273	-13.844303
1201.486604	-13.845778
1201.968320	-13.820273
1202.450422	-13.793972
1202.932912	-13.784895
1203.415789	-13.784985
1203.899054	-13.775225
1204.382707	-13.757847
1204.866748	-13.727889
1205.351179	-13.718426
1205.836000	-13.725433
1206.321211	-13.716298
1206.806812	-13.685465
1207.292805	-13.669767
1207.779189	-13.661236
1208.265965	-13.657642
1208.753134	-13.647662
1209.240696	-13.623793
1209.728651	-13.594969
1210.217000	-13.589754
1210.705744	-13.585448
1211.194883	-13.563321
1211.684417	-13.536026
1212.174347	-13.515032
1212.664673	-13.499183
1213.155396	-13.488206
1213.646516	-13.472288
1214.138034	-13.436692
1214.629951	-13.411744
1215.122266	-13.404838
1215.614980	-13.393071
1216.108095	-13.362511
1216.601609	-13.337272
1217.095524	-13.316699
1217.589841	-13.308375
1218.084559	-13.296185
1218.579679	-13.267204
1219.075202	-13.236678
1219.571128	-13.233644
1220.067458	-13.228993
1220.564191	-13.201512
1221.061330	-13.175983
1221.558874	-13.167875
1222.056823	-13.161730
1222.555178	-13.147896
1223.053940	-13.128196
1223.553109	-13.108078
1224.052686	-13.105878
1224.552671	-13.102935
1225.053065	-13.082567
1225.553867	-13.060010
1226.055079	-13.062161
1226.556702	-13.059216
1227.058735	-13.038446
1227.561179	-13.022336
1228.064035	-13.022032
1228.567303	-13.012750
1229.070983	-12.997691
1229.575077	-12.986073
1230.079585	-12.974873
1230.584506	-12.968366
1231.089842	-12.956887
1231.595594	-12.937283
1232.101761	-12.924091
1232.608345	-12.922000
1233.115345	-12.904585
1233.622762	-12.878982
1234.130597	-12.868232
1234.638851	-12.865354
1235.147523	-12.841681
1235.656615	-12.815237
1236.166126	-12.804579
1236.676058	-12.794447
1237.186411	-12.772873
1237.697185	-12.747923
1238.208381	-12.728593
1238.719999	-12.716288
1239.232040	-12.703323
1239.744505	-12.673103
1240.257394	-12.647278
1240.770708	-12.638750
1241.284446	-12.628860
1241.798610	-12.595070
1242.313201	-12.569083
1242.828218	-12.562649
1243.343662	-12.550909
1243.859534	-12.521735
1244.375834	-12.497722
1244.892563	-12.487147
1245.409721	-12.475988
1245.927309	-12.456777
1246.445327	-12.431041
1246.963777	-12.416045
1247.482657	-12.410008
1248.001970	-12.398742
1248.521716	-12.368937
1249.041894	-12.352242
1249.562506	-12.355261
1250.083553	-12.343720
1250.605034	-12.312477
1251.126950	-12.301148
1251.649302	-12.305213
1252.172091	-12.290827
1252.695316	-12.267701
1253.218979	-12.256287
1253.743079	-12.257182
1254.267619	-12.246688
1254.792597	-12.228121
1255.318015	-12.215942
1255.843874	-12.213994
1256.370173	-12.208908
1256.896913	-12.193899
1257.424095	-12.176949
1257.951720	-12.177012
1258.479787	-12.178355
1259.008298	-12.159087
1259.537254	-12.144164
1260.066654	-12.147951
1260.596499	-12.148286
1261.126790	-12.128761
1261.657527	-12.118309
1262.188711	-12.122450
1262.720342	-12.121130
1263.252422	-12.104977
1263.784950	-12.097680
1264.317928	-12.100748
1264.851355	-12.097879
1265.385232	-12.088220
1265.919560	-12.080130
1266.454340	-12.081936
1266.989572	-12.082080
1267.525256	-12.075081
1268.061394	-12.064586
1268.597985	-12.067659
1269.135031	-12.071139
1269.672531	-12.062160
1270.210487	-12.051677
1270.748899	-12.057687
1271.287768	-12.062024
1271.827094	-12.047552
1272.366877	-12.040925
1272.907119	-12.049446
1273.447820	-12.049363
1273.988981	-12.032589
1274.530601	-12.031673
1275.072683	-12.038756
1275.615226	-12.032132
1276.158230	-12.018376
1276.701697	-12.019186
1277.245627	-12.023583
1277.790021	-12.011588
1278.334879	-12.003093
1278.880202	-12.004021
1279.425991	-12.001608
1279.972245	-11.990689
1280.518966	-11.985581
1281.066155	-11.982990
1281.613811	-11.978046
1282.161936	-11.970566
1282.710529	-11.964039
1283.259593	-11.959492
1283.809126	-11.954272
1284.359131	-11.949465
1284.909607	-11.940249
1285.460555	-11.935028
1286.011976	-11.933969
1286.563870	-11.926210
1287.116237	-11.914532
1287.669080	-11.914387
1288.222397	-11.912683
1288.776191	-11.900254
1289.330460	-11.892643
1289.885207	-11.894263
1290.440431	-11.889205
1290.996133	-11.873670
1291.552314	-11.871969
1292.108975	-11.873495
1292.666115	-11.861064
1293.223737	-11.849179
1293.781839	-11.850618
1294.340424	-11.846807
1294.899491	-11.830288
1295.459041	-11.825066
1296.019075	-11.825138
1296.579593	-11.814805
1297.140597	-11.799718
1297.702086	-11.797691
1298.264061	-11.794113
1298.826524	-11.778938
1299.389474	-11.768951
1299.952912	-11.768245
1300.516839	-11.758081
1301.081255	-11.742520
1301.646162	-11.739065
1302.211559	-11.733786
1302.777448	-11.721471
1303.343829	-11.711271
1303.910702	-11.706898
1304.478069	-11.701069
1305.045930	-11.687226
1305.614285	-11.681452
1306.183136	-11.679413
1306.752483	-11.669395
1307.322326	-11.659126
1307.892666	-11.655851
1308.463504	-11.653307
1309.034841	-11.642602
1309.606677	-11.635371
1310.179012	-11.636431
1310.751849	-11.630959
1311.325186	-11.618745
1311.899025	-11.617711
1312.473366	-11.620024
1313.048211	-11.609726
1313.623559	-11.601214
1314.199412	-11.605996
1314.775770	-11.602836
1315.352634	-11.590357
1315.930004	-11.590723
1316.507881	-11.595837
1317.086266	-11.586571
1317.665159	-11.578361
1318.244562	-11.584499
1318.824474	-11.585626
1319.404897	-11.574234
1319.985831	-11.575318
1320.567276	-11.583221
1321.149234	-11.576972
1321.731706	-11.571950
1322.314691	-11.579453
1322.898190	-11.584987
1323.482205	-11.578701
1324.066736	-11.579484
1324.651783	-11.591347
1325.237347	-11.592744
1325.823430	-11.589220
1326.410031	-11.597993
1326.997151	-11.611354
1327.584791	-11.606654
1328.172952	-11.609296
1328.761634	-11.626559
1329.350839	-11.632740
1329.940566	-11.628924
1330.530817	-11.639777
1331.121592	-11.658544
1331.712891	-11.655905
1332.304716	-11.657667
1332.897068	-11.678862
1333.489946	-11.690319
1334.083352	-11.682156
1334.677287	-11.695697
1335.271750	-11.720773
1335.866744	-11.717933
1336.462268	-11.718834
1337.058323	-11.743407
1337.654910	-11.758173
1338.252029	-11.752248
1338.849682	-11.766043
1339.447869	-11.793774
1340.046591	-11.797321
1340.645848	-11.796268
1341.245641	-11.821362
1341.845972	-11.842797
1342.446840	-11.838307
1343.048246	-11.851867
1343.650191	-11.878448
1344.252677	-11.886277
1344.855702	-11.888285
1345.459269	-11.909861
1346.063379	-11.929442
1346.668030	-11.933424
1347.273226	-11.942060
1347.878965	-11.964103
1348.485250	-11.978580
1349.092080	-11.981628
1349.699456	-11.997907
1350.307380	-12.016123
1350.915851	-12.024399
1351.524871	-12.034842
1352.134441	-12.050416
1352.744560	-12.065212
1353.355231	-12.075665
1353.966453	-12.085215
1354.578227	-12.100350
1355.190555	-12.116468
1355.803436	-12.125084
1356.416872	-12.133334
1357.030863	-12.150177
1357.645411	-12.165960
1358.260515	-12.169469
1358.876177	-12.179413
1359.492397	-12.201369
1360.109176	-12.208370
1360.726516	-12.209133
1361.344416	-12.228329
1361.962877	-12.246674
1362.581901	-12.244616
1363.201487	-12.250618
1363.821637	-12.275876
1364.442352	-12.284105
1365.063632	-12.278237
1365.685478	-12.295841
1366.307891	-12.317877
1366.930871	-12.313197
1367.554420	-12.314317
1368.178538	-12.342303
1368.803226	-12.348570
1369.428485	-12.340206
1370.054315	-12.357530
1370.680717	-12.377220
1371.307693	-12.371228
1371.935242	-12.377487
1372.563366	-12.394016
1373.192065	-12.399583
1373.821341	-12.404365
1374.451193	-12.409609
1375.081623	-12.419597
1375.712632	-12.431444
1376.344221	-12.431122
1376.976389	-12.434836
1377.609139	-12.452857
1378.242470	-12.458343
1378.876384	-12.453907
1379.510881	-12.466215
1380.145963	-12.482573
1380.781629	-12.481123
1381.417881	-12.479645
1382.054720	-12.498291
1382.692147	-12.509672
1383.330161	-12.500722
1383.968765	-12.510731
1384.607959	-12.532708
1385.247743	-12.527929
1385.888119	-12.527204
1386.529087	-12.549199
1387.170648	-12.556289
1387.812804	-12.551938
1388.455554	-12.563755
1389.098899	-12.579776
1389.742842	-12.581405
1390.387381	-12.583060
1391.032519	-12.597698
1391.678256	-12.607540
1392.324592	-12.608771
1392.971529	-12.616447
1393.619068	-12.628996
1394.267208	-12.640484
1394.915952	-12.640590
1395.565300	-12.649481
1396.215253	-12.669106
1396.865812	-12.674504
1397.516977	-12.670354
1398.168749	-12.691807
1398.821130	-12.706920
1399.474120	-12.704676
1400.127719	-12.707401
1400.781930	-12.734236
1401.436752	-12.739581
1402.092186	-12.735806
1402.748234	-12.750666
1403.404897	-12.767997
1404.062174	-12.774412
1404.720067	-12.775230
1405.378577	-12.788142
1406.037705	-12.810599
1406.697451	-12.817486
1407.357817	-12.812515
1408.018803	-12.832991
1408.680410	-12.860117
1409.342639	-12.852489
1410.005492	-12.850072
1410.668968	-12.884740
1411.333068	-12.899178
1411.997795	-12.884270
1412.663147	-12.897613
1413.329127	-12.929614
1413.995736	-12.933068
1414.662973	-12.923060
1415.330840	-12.938695
1415.999339	-12.967734
1416.668469	-12.968997
1417.338232	-12.958541
1418.008628	-12.981568
1418.679659	-13.011510
1419.351325	-13.005304
1420.023628	-13.002823
1420.696568	-13.032452
1421.370145	-13.047276
1422.044362	-13.042263
1422.719219	-13.052604
1423.394717	-13.067009
1424.070856	-13.078098
1424.747638	-13.091383
1425.425064	-13.093897
1426.103134	-13.100544
1426.781850	-13.127226
1427.461212	-13.136252
1428.141221	-13.128866
1428.821878	-13.137777
1429.503185	-13.166055
1430.185141	-13.166561
1430.867749	-13.157990
1431.551008	-13.172409
1432.234920	-13.205850
1432.919486	-13.207842
1433.604707	-13.196025
1434.290583	-13.228847
1434.977116	-13.257878
1435.664307	-13.241644
1436.352156	-13.243007
1437.040664	-13.275687
1437.729833	-13.278799
1438.419663	-13.268657
1439.110156	-13.288121
1439.801312	-13.307951
1440.493132	-13.313877
1441.185617	-13.328138
1441.878768	-13.349350
1442.572586	-13.362508
1443.267072	-13.371384
1443.962228	-13.384711
1444.658053	-13.390638
1445.354549	-13.384005
1446.051717	-13.390868
1446.749558	-13.401420
1447.448073	-13.390840
1448.147263	-13.396469
1448.847128	-13.426943
1449.547671	-13.431678
1450.248891	-13.434674
1450.950789	-13.470232
1451.653368	-13.485665
1452.356627	-13.475641
1453.060568	-13.485567
1453.765192	-13.493580
1454.470500	-13.472643
1455.176492	-13.454408
1455.883170	-13.456971
1456.590534	-13.451336
1457.298586	-13.436266
1458.007327	-13.449567
1458.716758	-13.477823
1459.426880	-13.484377
1460.137693	-13.502428
1460.849199	-13.544083
1461.561398	-13.551062
1462.274293	-13.544652
1462.987883	-13.558704
1463.702170	-13.544222
1464.417155	-13.503251
1465.132838	-13.485626
1465.849222	-13.465081
1466.566306	-13.428289
1467.284093	-13.415128
1468.002582	-13.426204
1468.721775	-13.435739
1469.441674	-13.455460
1470.162278	-13.505471
1470.883590	-13.556647
1471.605609	-13.589577
1472.328338	-13.635827
1473.051777	-13.676570
1473.775928	-13.672999
1474.500790	-13.664585
1475.226367	-13.654083
1475.952657	-13.602532
1476.679663	-13.550492
1477.407386	-13.518266
1478.135826	-13.473081
1478.864985	-13.442777
1479.594863	-13.451454
1480.325463	-13.470672
1481.056784	-13.503527
1481.788828	-13.570253
1482.521597	-13.646126
1483.255090	-13.707886
1483.989309	-13.768190
1484.724256	-13.811058
1485.459931	-13.797569
1486.196336	-13.744244
1486.933471	-13.657974
1487.671337	-13.504615
1488.409937	-13.317047
1489.149270	-13.127314
1489.889337	-12.909426
1490.630141	-12.696678
1491.371682	-12.526107
1492.113961	-12.371516
1492.856979	-12.250861
1493.600738	-12.195616
1494.345238	-12.179196
1495.090481	-12.201062
1495.836467	-12.285041
1496.583198	-12.409024
1497.330675	-12.551194
1498.078899	-12.725584
1498.827872	-12.916033
1499.577593	-13.080194
1500.328065	-13.228653
1501.079289	-13.354955
1501.831265	-13.414192
1502.583995	-13.431625
1503.337480	-13.428594
1504.091721	-13.373173
1504.846719	-13.309864
1505.602475	-13.275503
1506.358991	-13.244410
1507.116268	-13.258325
1507.874306	-13.352958
1508.633108	-13.499996
1509.392673	-13.728962
1510.153004	-14.074717
1510.914101	-14.505331
1511.675965	-15.027866
1512.438599	-15.665462
1513.202002	-16.344164
1513.966176	-16.986953
1514.731122	-17.513884
1515.496842	-17.698167
1516.263336	-17.430408
1517.030607	-16.774079
1517.798654	-15.806260
1518.567479	-14.723552
1519.337083	-13.658920
1520.107468	-12.632590
1520.878634	-11.696797
1521.650584	-10.872667
1522.423317	-10.126186
1523.196836	-9.469068
1523.971141	-8.908458
1524.746233	-8.409957
1525.522115	-7.981385
1526.298786	-7.629153
1527.076249	-7.325715
1527.854504	-7.078243
1528.633553	-6.893677
1529.413397	-6.751326
1530.194037	-6.654464
1530.975474	-6.611561
1531.757709	-6.606215
1532.540745	-6.636260
1533.324581	-6.713708
1534.109220	-6.821955
1534.894662	-6.955700
1535.680909	-7.131815
1536.467961	-7.332008
1537.255821	-7.551555
1538.044489	-7.810732
1538.833967	-8.093004
1539.624256	-8.396115
1540.415357	-8.742735
1541.207271	-9.122210
1542.000000	-9.532325
1542.793545	-10.002569
1543.587907	-10.527976
1544.383087	-11.103973
1545.179088	-11.774022
1545.975909	-12.534584
1546.773552	-13.384969
1547.572019	-14.389159
1548.371311	-15.546985
1549.171428	-16.874150
1549.972373	-18.470424
1550.774147	-20.345468
1551.576751	-22.471384
1552.380185	-24.714072
1553.184453	-26.186102
1553.989554	-25.645884
1554.795490	-23.800787
1555.602263	-21.850915
1556.409873	-20.108278
1557.218322	-18.653135
1558.027612	-17.487031
1558.837743	-16.503586
1559.648717	-15.690082
1560.460536	-15.044341
1561.273200	-14.495111
1562.086710	-14.059841
1562.901069	-13.731748
1563.716278	-13.463764
1564.532337	-13.288468
1565.349249	-13.181691
1566.167014	-13.121581
1566.985634	-13.140374
1567.805111	-13.198160
1568.625444	-13.299707
1569.446637	-13.458896
1570.268690	-13.632182
1571.091605	-13.845337
1571.915382	-14.079782
1572.740024	-14.307401
1573.565532	-14.554307
1574.391907	-14.772740
1575.219150	-14.968418
1576.047262	-15.140977
1576.876246	-15.248345
1577.706103	-15.324038
1578.536833	-15.336767
1579.368439	-15.293468
1580.200922	-15.218536
1581.034282	-15.083778
1581.868522	-14.933810
1582.703643	-14.756179
1583.539646	-14.560142
1584.376532	-14.374190
1585.214304	-14.174110
1586.052962	-13.993880
1586.892508	-13.823059
1587.732943	-13.660776
1588.574269	-13.529049
1589.416487	-13.402093
1590.259599	-13.302807
1591.103605	-13.220960
1591.948508	-13.149339
1592.794309	-13.104830
1593.641009	-13.062185
1594.488609	-13.036748
1595.337112	-13.019351
1596.186518	-13.000092
1597.036829	-12.993697
1597.888047	-12.977764
1598.740172	-12.965954
1599.593207	-12.951814
1600.447153	-12.928284
1601.302010	-12.910255
1602.157782	-12.880470
1603.014469	-12.854239
1603.872072	-12.827030
1604.730593	-12.797107
1605.590034	-12.778152
1606.450397	-12.756821
1607.311681	-12.748939
1608.173890	-12.747626
1609.037024	-12.754450
1609.901085	-12.777721
1610.766075	-12.805242
1611.631995	-12.851835
1612.498846	-12.905831
1613.366630	-12.972935
1614.235349	-13.054354
1615.105004	-13.140577
1615.975596	-13.243657
1616.847128	-13.348140
1617.719600	-13.463600
1618.593014	-13.582957
1619.467372	-13.702516
1620.342675	-13.829148
1621.218924	-13.947891
1622.096122	-14.071392
1622.974270	-14.186039
1623.853369	-14.297493
1624.733420	-14.404690
1625.614427	-14.501123
1626.496389	-14.598303
1627.379308	-14.683670
1628.263187	-14.771683
1629.148026	-14.854155
1630.033828	-14.937669
1630.920593	-15.024141
1631.808324	-15.108997
1632.697022	-15.202778
1633.586688	-15.294009
1634.477324	-15.395037
1635.368932	-15.494865
1636.261514	-15.600200
1637.155070	-15.706384
1638.049602	-15.810634
1638.945113	-15.917187
1639.841603	-16.014030
1640.739075	-16.112164
1641.637529	-16.195606
1642.536968	-16.276256
1643.437393	-16.342931
1644.338806	-16.400992
1645.241209	-16.451193
1646.144602	-16.487491
1647.048988	-16.522737
1647.954368	-16.542617
1648.860744	-16.565247
1649.768118	-16.576707
1650.676491	-16.589762
1651.585865	-16.598732
1652.496241	-16.604701
1653.407621	-16.611986
1654.320008	-16.611553
1655.233401	-16.613802
1656.147804	-16.605416
1657.063218	-16.597035
1657.979645	-16.577625
1658.897085	-16.555427
1659.815542	-16.523543
1660.735016	-16.487604
1661.655509	-16.444481
1662.577023	-16.397244
1663.499560	-16.347018
1664.423121	-16.292624
1665.347709	-16.240131
1666.273324	-16.181774
1667.199969	-16.128510
1668.127645	-16.068111
1669.056353	-16.013047
1669.986097	-15.951159
1670.916877	-15.891776
1671.848695	-15.827881
1672.781553	-15.763153
1673.715452	-15.696599
1674.650395	-15.627278
1675.586383	-15.558481
1676.523418	-15.487449
1677.461501	-15.418581
1678.400635	-15.347730
1679.340821	-15.280588
1680.282061	-15.210678
1681.224357	-15.146188
1682.167710	-15.076850
1683.112122	-15.013801
1684.057595	-14.945908
1685.004132	-14.883680
1685.951732	-14.818468
1686.900400	-14.756168
1687.850135	-14.694093
1688.800940	-14.632238
1689.752818	-14.572620
1690.705768	-14.512395
1691.659795	-14.455158
1692.614898	-14.398083
1693.571081	-14.343606
1694.528345	-14.289073
1695.486691	-14.237492
1696.446122	-14.184248
1697.406640	-14.135535
1698.368245	-14.083383
1699.330941	-14.037304
1700.294729	-13.988027
1701.259611	-13.944216
1702.225588	-13.898464
1703.192664	-13.855936
1704.160838	-13.812976
1705.130114	-13.771741
1706.100493	-13.730547
1707.071977	-13.691636
1708.044568	-13.652275
1709.018268	-13.615964
1709.993079	-13.578349
1710.969003	-13.543471
1711.946041	-13.507641
1712.924196	-13.473340
1713.903469	-13.439713
1714.883862	-13.406466
1715.865378	-13.374813
1716.848017	-13.343172
1717.831783	-13.312718
1718.816677	-13.283095
1719.802701	-13.253802
1720.789857	-13.226470
1721.778147	-13.199005
1722.767573	-13.173229
1723.758136	-13.147730
1724.749840	-13.122832
1725.742685	-13.098854
1726.736673	-13.074806
1727.731808	-13.052355
1728.728090	-13.030311
1729.725521	-13.009634
1730.724105	-12.990165
1731.723842	-12.971077
1732.724735	-12.953225
1733.726785	-12.934953
1734.729995	-12.917487
1735.734366	-12.900161
1736.739902	-12.883331
1737.746603	-12.867404
1738.754472	-12.851732
1739.763510	-12.837223
1740.773721	-12.823063
1741.785105	-12.809262
1742.797665	-12.796360
1743.811403	-12.783080
1744.826321	-12.771049
1745.842422	-12.758535
1746.859706	-12.747353
1747.878177	-12.736316
1748.897835	-12.726261
1749.918685	-12.716809
1750.940726	-12.708369
1751.963963	-12.700562
1752.988395	-12.693961
1754.014027	-12.687225
1755.040860	-12.682142
1756.068895	-12.676310
1757.098135	-12.672489
1758.128583	-12.667957
1759.160240	-12.665536
1760.193109	-12.662502
1761.227191	-12.660752
1762.262488	-12.658391
1763.299004	-12.656888
1764.336740	-12.654733
1765.375697	-12.653790
1766.415880	-12.651849
1767.457288	-12.651760
1768.499926	-12.649968
1769.543794	-12.649999
1770.588895	-12.648310
1771.635231	-12.648061
1772.682805	-12.647228
1773.731619	-12.647176
1774.781674	-12.647377
1775.832973	-12.647775
1776.885519	-12.648240
1777.939312	-12.649149
1778.994357	-12.649819
1780.050654	-12.651435
1781.108207	-12.652964
1782.167017	-12.655316
1783.227087	-12.658370
1784.288418	-12.661296
1785.351013	-12.665300
1786.414875	-12.668589
1787.480006	-12.673320
1788.546407	-12.677724
1789.614082	-12.682896
1790.683032	-12.688230
1791.753259	-12.693774
1792.824767	-12.699704
1793.897557	-12.706356
1794.971632	-12.712761
1796.046994	-12.720548
1797.123645	-12.727091
1798.201588	-12.735298
1799.280824	-12.742938
1800.361357	-12.751484
1801.443188	-12.760911
1802.526320	-12.769240
1803.610756	-12.780021
1804.696497	-12.788748
1805.783546	-12.800552
1806.871906	-12.810879
1807.961578	-12.822881
1809.052565	-12.834501
1810.144870	-12.845463
1811.238494	-12.857813
1812.333441	-12.868531
1813.429713	-12.881536
1814.527311	-12.893339
1815.626239	-12.906739
1816.726499	-12.919590
1817.828094	-12.932267
1818.931025	-12.944881
1820.035295	-12.957019
1821.140906	-12.969977
1822.247862	-12.983139
1823.356165	-12.997242
1824.465816	-13.011541
1825.576819	-13.026234
1826.689175	-13.040531
1827.802888	-13.055319
1828.917960	-13.069901
1830.034394	-13.085347
1831.152191	-13.100925
1832.271354	-13.117271
1833.391887	-13.133494
1834.513790	-13.150202
1835.637068	-13.167029
1836.761722	-13.184079
1837.887755	-13.201087
1839.015169	-13.217986
1840.143968	-13.235258
1841.274153	-13.252640
1842.405727	-13.270665
1843.538693	-13.288411
1844.673053	-13.306853
1845.808810	-13.324473
1846.945966	-13.342643
1848.084525	-13.359967
1849.224488	-13.378100
1850.365858	-13.396546
1851.508638	-13.415899
1852.652831	-13.436343
1853.798438	-13.456909
1854.945463	-13.478278
1856.093909	-13.499190
1857.243777	-13.521115
1858.395071	-13.543040
1859.547794	-13.566127
1860.701947	-13.589634
1861.857533	-13.614110
1863.014556	-13.638646
1864.173018	-13.663280
1865.332922	-13.687810
1866.494270	-13.712437
1867.657065	-13.737640
1868.821309	-13.763178
1869.987006	-13.789665
1871.154158	-13.816063
1872.322768	-13.843204
1873.492839	-13.869761
1874.664373	-13.896529
1875.837373	-13.922792
1877.011841	-13.949112
1878.187782	-13.976058
1879.365197	-14.002961
1880.544089	-14.030207
1881.724460	-14.056232
1882.906315	-14.081948
1884.089655	-14.106781
1885.274483	-14.131166
1886.460803	-14.155668
1887.648616	-14.180253
1888.837927	-14.205497
1890.028736	-14.230330
1891.221049	-14.254395
1892.414866	-14.277249
1893.610192	-14.299519
1894.807028	-14.321957
1896.005379	-14.344927
1897.205246	-14.368110
1898.406633	-14.391020
1899.609542	-14.413392
1900.813977	-14.434911
1902.019940	-14.456445
1903.227434	-14.477370
1904.436462	-14.498819
1905.647028	-14.520298
1906.859133	-14.542485
1908.072781	-14.565325
1909.287976	-14.588086
1910.504719	-14.610841
1911.723013	-14.632354
1912.942863	-14.654252
1914.164270	-14.676380
1915.387238	-14.698974
1916.611770	-14.721156
1917.837868	-14.742176
1919.065536	-14.761839
1920.294777	-14.780642
1921.525594	-14.798801
1922.757989	-14.816601
1923.991967	-14.834189
1925.227529	-14.850478
1926.464679	-14.866075
1927.703420	-14.880310
1928.943755	-14.893766
1930.185688	-14.906117
1931.429221	-14.917000
1932.674356	-14.926879
1933.921099	-14.935669
1935.169451	-14.943012
1936.419415	-14.948312
1937.670996	-14.951592
1938.924195	-14.952663
1940.179017	-14.952897
1941.435463	-14.952039
1942.693538	-14.949630
1943.953245	-14.946020
1945.214586	-14.940520
1946.477566	-14.934097
1947.742186	-14.927122
1949.008451	-14.919924
1950.276363	-14.911953
1951.545926	-14.903003
1952.817143	-14.892905
1954.090017	-14.882291
1955.364551	-14.871324
1956.640749	-14.859631
1957.918615	-14.847542
1959.198150	-14.834971
1960.479359	-14.822181
1961.762244	-14.808600
1963.046810	-14.794376
1964.333059	-14.779757
1965.620995	-14.765262
1966.910621	-14.751539
1968.201940	-14.737805
1969.494956	-14.723401
1970.789672	-14.707817
1972.086091	-14.691558
1973.384217	-14.675521
1974.684053	-14.659635
1975.985602	-14.643411
1977.288869	-14.626430
1978.593855	-14.608916
1979.900566	-14.590511
1981.209003	-14.571507
1982.519171	-14.551331
1983.831073	-14.530030
1985.144712	-14.507847
1986.460093	-14.484988
1987.777217	-14.460600
1989.096089	-14.433733
1990.416713	-14.404779
1991.739092	-14.375191
1993.063228	-14.345789
1994.389127	-14.315653
1995.716791	-14.283402
1997.046223	-14.249297
1998.377428	-14.214481
1999.710409	-14.179970
2001.045169	-14.145505
2002.381713	-14.110538
2003.720043	-14.074928
2005.060163	-14.038862
2006.402077	-14.003205
2007.745788	-13.967693
2009.091301	-13.932522
2010.438618	-13.897947
2011.787743	-13.863931
2013.138680	-13.829574
2014.491433	-13.794450
2015.846005	-13.759452
2017.202399	-13.725927
2018.560621	-13.693866
2019.920673	-13.661768
2021.282558	-13.629542
2022.646281	-13.597729
2024.011846	-13.567584
2025.379256	-13.539382
2026.748515	-13.511857
2028.119626	-13.483848
2029.492594	-13.455544
2030.867422	-13.428099
2032.244114	-13.401833
2033.622673	-13.376196
2035.003104	-13.350790
2036.385411	-13.325562
2037.769597	-13.300449
2039.155665	-13.275102
2040.543621	-13.249310
2041.933467	-13.223163
2043.325208	-13.196699
2044.718847	-13.168928
2046.114389	-13.139869
2047.511837	-13.110829
2048.911195	-13.082821
2050.312467	-13.054918
2051.715657	-13.025545
2053.120769	-12.995067
2054.527807	-12.965091
2055.936775	-12.936280
2057.347677	-12.907378
2058.760516	-12.877724
2060.175297	-12.848437
2061.592025	-12.820869
2063.010701	-12.795074
2064.431332	-12.769660
2065.853921	-12.743943
2067.278472	-12.718436
2068.704988	-12.693725
2070.133475	-12.669467
2071.563936	-12.645793
2072.996375	-12.623019
2074.430796	-12.601326
2075.867204	-12.580792
2077.305603	-12.561834
2078.745996	-12.544407
2080.188389	-12.527994
2081.632784	-12.512089
2083.079187	-12.495769
2084.527601	-12.479949
2085.978030	-12.465591
2087.430480	-12.452392
2088.884954	-12.439122
2090.341455	-12.426012
2091.799990	-12.414104
2093.260561	-12.403431
2094.723173	-12.392957
2096.187831	-12.382478
2097.654538	-12.372405
2099.123300	-12.362669
2100.594119	-12.352931
2102.067001	-12.343224
2103.541950	-12.333505
2105.018971	-12.323103
2106.498067	-12.311753
2107.979243	-12.300254
2109.462503	-12.289718
2110.947853	-12.279698
2112.435295	-12.269148
2113.924836	-12.258275
2115.416478	-12.248447
2116.910227	-12.239838
2118.406087	-12.231011
2119.904063	-12.221496
2121.404158	-12.212844
2122.906378	-12.205877
2124.410727	-12.199234
2125.917210	-12.191912
2127.425831	-12.184816
2128.936594	-12.178931
2130.449505	-12.174006
2131.964567	-12.169232
2133.481786	-12.164193
2135.001166	-12.158970
2136.522711	-12.153625
2138.046427	-12.148428
2139.572317	-12.143549
2141.100388	-12.138631
2142.630642	-12.134627
2144.163085	-12.133643
2145.697722	-12.136920
2147.234558	-12.143681
2148.773596	-12.153763
2150.314842	-12.168916
2151.858301	-12.189627
2153.403977	-12.213234
2154.951875	-12.237163
2156.502000	-12.261654
2158.054357	-12.286928
2159.608950	-12.311010
2161.165785	-12.331730
2162.724866	-12.349033
2164.286198	-12.363530
2165.849786	-12.376236
2167.415635	-12.386794
2168.983749	-12.394406
2170.554134	-12.399987
2172.126795	-12.405153
2173.701737	-12.411978
2175.278964	-12.418848
2176.858481	-12.424242
2178.440294	-12.431174
2180.024408	-12.440739
2181.610827	-12.452326
2183.199557	-12.462727
2184.790602	-12.473365
2186.383968	-12.487070
2187.979660	-12.502254
2189.577683	-12.518582
2191.178041	-12.535174
2192.780741	-12.555445
2194.385787	-12.579428
2195.993185	-12.606950
2197.602939	-12.637287
2199.215054	-12.669581
2200.829537	-12.707070
2202.446392	-12.746038
2204.065624	-12.786752
2205.687239	-12.825740
2207.311242	-12.868217
2208.937638	-12.911192
2210.566433	-12.950456
2212.197631	-12.985097
2213.831239	-13.016762
2215.467261	-13.048137
2217.105703	-13.073741
2218.746570	-13.097576
2220.389867	-13.117447
2222.035601	-13.139860
2223.683776	-13.160454
2225.334398	-13.183175
2226.987472	-13.206325
2228.643004	-13.236859
2230.300999	-13.273954
2231.961463	-13.315051
2233.624402	-13.359678
2235.289820	-13.409563
2236.957723	-13.466487
2238.628118	-13.521725
2240.301009	-13.578586
2241.976402	-13.633429
2243.654303	-13.691863
2245.334717	-13.746619
2247.017650	-13.802971
2248.703108	-13.853988
2250.391096	-13.910898
2252.081620	-13.967303
2253.774686	-14.029050
2255.470300	-14.086744
2257.168467	-14.151959
2258.869193	-14.215937
2260.572484	-14.283983
2262.278345	-14.347156
2263.986783	-14.413899
2265.697804	-14.477938
2267.411412	-14.545877
2269.127615	-14.608460
2270.846417	-14.670454
2272.567826	-14.730641
2274.291846	-14.795273
2276.018484	-14.853936
2277.747745	-14.912301
2279.479637	-14.971441
2281.214164	-15.034277
2282.951333	-15.092894
2284.691149	-15.153393
2286.433619	-15.216560
2288.178750	-15.285465
2289.926546	-15.353256
2291.677014	-15.422707
2293.430161	-15.498660
2295.185992	-15.582857
2296.944513	-15.665845
2298.705732	-15.751545
2300.469653	-15.843369
2302.236283	-15.941986
2304.005629	-16.037979
2305.777696	-16.133557
2307.552492	-16.232386
2309.330022	-16.337290
2311.110292	-16.439695
2312.893310	-16.541529
2314.679080	-16.644935
2316.467611	-16.753101
2318.258907	-16.860828
2320.052976	-16.970695
2321.849824	-17.079651
2323.649457	-17.191130
2325.451883	-17.302549
2327.257106	-17.410837
2329.065135	-17.514114
2330.875975	-17.617141
2332.689633	-17.715745
2334.506116	-17.811354
2336.325430	-17.899765
2338.147581	-17.991743
2339.972578	-18.084240
2341.800425	-18.178183
2343.631130	-18.268075
2345.464700	-18.369694
2347.301141	-18.473712
2349.140461	-18.579866
2350.982665	-18.687968
2352.827760	-18.806769
2354.675754	-18.928634
2356.526653	-19.052786
2358.380464	-19.178496
2360.237195	-19.316744
2362.096851	-19.454989
2363.959440	-19.594146
2365.824968	-19.735710
2367.693444	-19.883988
2369.564873	-20.031088
2371.439263	-20.179115
2373.316620	-20.325356
2375.196953	-20.480191
2377.080267	-20.634756
2378.966570	-20.779929
2380.855869	-20.930389
2382.748171	-21.084705
2384.643484	-21.230903
2386.541815	-21.372636
2388.443170	-21.516063
2390.347557	-21.653373
2392.254984	-21.777406
2394.165457	-21.898574
2396.078984	-22.023869
2397.995572	-22.134900
2399.915229	-22.242293
2401.837961	-22.357905
2403.763777	-22.480248
2405.692684	-22.592632
2407.624689	-22.721794
2409.559800	-22.853236
2411.498023	-22.999580
2413.439368	-23.142529
2415.383840	-23.308123
2417.331449	-23.471480
2419.282201	-23.645244
2421.236104	-23.807582
2423.193165	-23.997350
2425.153393	-24.171782
2427.116795	-24.359256
2429.083378	-24.529964
2431.053151	-24.731298
2433.026121	-24.914352
2435.002297	-25.095925
2436.981685	-25.294716
2438.964293	-25.474216
2440.950131	-25.678487
2442.939204	-25.831272
2444.931522	-26.030785
2446.927092	-26.187562
2448.925923	-26.344228
2450.928022	-26.499604
2452.933397	-26.641197
2454.942056	-26.780041
2456.954008	-26.868753
2458.969260	-27.013013
2460.987821	-27.077748
2463.009699	-27.203087
2465.034902	-27.267177
2467.063437	-27.426480
2469.095315	-27.502797
2471.130542	-27.705277
2473.169127	-27.812151
2475.211078	-28.039135
2477.256404	-28.171164
2479.305112	-28.416840
2481.357212	-28.581572
2483.412713	-28.819710
2485.471621	-28.998107
2487.533946	-29.247598
2489.599696	-29.451342
2491.668880	-29.683544
2493.741507	-29.894101
2495.817585	-30.140929
2497.897122	-30.351229
2499.980127	-30.578958
2502.066609	-30.799256
2504.156578	-31.011120
2506.250040	-31.218854
2508.347006	-31.399650
2510.447483	-31.590541
2512.551482	-31.724340
2514.659010	-31.878435
2516.770076	-31.950466
2518.884690	-32.078564
2521.002861	-32.101578
2523.124597	-32.170741
2525.249907	-32.185039
2527.378801	-32.248111
2529.511287	-32.302933
2531.647375	-32.380186
2533.787074	-32.486453
2535.930393	-32.638639
2538.077340	-32.816289
2540.227927	-33.000128
2542.382160	-33.229778
2544.540051	-33.450841
2546.701608	-33.718677
2548.866840	-33.941649
2551.035757	-34.201449
2553.208369	-34.475852
2555.384684	-34.748056
2557.564713	-35.051043
2559.748465	-35.320834
2561.935948	-35.660562
2564.127174	-35.972739
2566.322152	-36.233398
2568.520890	-36.522967
2570.723399	-36.808781
2572.929689	-37.058900
2575.139769	-37.231814
2577.353649	-37.445461
2579.571340	-37.603823
2581.792849	-37.598856
2584.018189	-37.574533
2586.247368	-37.600890
2588.480396	-37.463037
2590.717284	-37.356770
2592.958041	-37.318400
2595.202678	-37.227443
2597.451204	-37.209732
2599.703630	-37.234838
2601.959966	-37.310315
2604.220222	-37.465638
2606.484408	-37.608669
2608.752535	-37.777820
2611.024612	-38.035213
2613.300651	-38.238962
2615.580661	-38.455383
2617.864653	-38.707115
2620.152638	-39.023373
2622.444625	-39.322793
2624.740626	-39.697348
2627.040651	-40.114610
2629.344710	-40.538859
2631.652814	-40.972039
2633.964974	-41.504450
2636.281200	-41.986004
2638.601504	-42.397860
2640.925896	-42.952163
2643.254386	-43.474708
2645.586987	-43.800854
2647.923707	-44.092755
2650.264559	-44.180642
2652.609554	-44.113967
2654.958702	-43.931184
2657.312015	-43.605603
2659.669503	-43.296326
2662.031178	-42.998493
2664.397051	-42.722120
2666.767132	-42.596568
2669.141434	-42.451881
2671.519968	-42.382229
2673.902745	-42.415059
2676.289776	-42.484736
2678.681072	-42.489724
2681.076646	-42.511601
2683.476508	-42.642206
2685.880671	-42.575111
2688.289145	-42.721325
2690.701942	-42.949116
2693.119075	-43.076127
2695.540554	-43.381739
2697.966391	-43.832612
2700.396599	-44.104071
2702.831189	-44.541445
2705.270172	-45.076373
2707.713561	-45.636570
2710.161368	-46.343255
2712.613605	-47.102165
2715.070283	-47.975391
2717.531416	-49.012359
2719.997014	-49.836869
2722.467090	-50.467969
2724.941657	-51.000465
2727.420726	-50.889616
2729.904310	-50.843781
2732.392421	-50.489555
2734.885072	-49.936239
2737.382275	-49.911846
2739.884042	-49.699117
2742.390387	-49.460073
2744.901321	-49.276186
2747.416857	-49.363853
2749.937008	-49.236680
2752.461787	-48.860199
2754.991206	-48.499416
2757.525279	-48.203453
2760.064017	-48.041434
2762.607434	-47.820307
2765.155544	-47.708393
2767.708358	-47.543969
2770.265890	-47.747954
2772.828153	-47.771529
2775.395160	-47.711691
2777.966924	-47.823634
2780.543459	-48.193583
2783.124778	-48.732515
2785.710894	-49.150364
2788.301821	-49.784604
2790.897572	-50.426640
2793.498160	-51.368429
2796.103599	-52.412568
2798.713903	-53.070280
2801.329085	-53.636319
2803.949159	-53.842695
2806.574139	-54.254180
2809.204038	-54.443846
2811.838871	-54.850042
2814.478650	-55.052341
2817.123391	-55.475017
2819.773107	-55.743967
2822.427812	-56.823164
2825.087521	-57.966041
2827.752247	-58.810572
2830.422005	-58.488554
2833.096808	-58.054610
2835.776672	-57.133033
2838.461611	-56.715694
2841.151638	-55.862076
2843.846769	-55.678924
2846.547019	-54.691987
2849.252401	-54.356883
2851.962930	-53.512579
2854.678621	-53.072857
2857.399489	-52.859747
2860.125549	-52.957464
2862.856815	-53.422952
2865.593302	-53.943587
2868.335026	-54.566516
2871.082002	-55.099090
2873.834244	-55.632066
2876.591767	-56.197400
2879.354588	-56.512694
2882.122721	-56.581160
2884.896181	-56.820886
2887.674984	-56.542979
2890.459146	-56.342955
2893.248681	-56.445039
2896.043606	-56.278958
2898.843937	-56.695939
2901.649687	-56.880393
2904.460875	-57.687032
2907.277515	-57.872507
2910.099623	-59.078706
2912.927215	-59.278923
2915.760308	-61.099338
2918.598916	-62.987142
2921.443057	-64.693710
2924.292747	-68.040643
2927.148002	-67.952777
2930.008837	-66.063973
2932.875270	-64.499986
2935.747318	-62.400358
2938.624995	-61.612797
2941.508320	-60.626890
2944.397308	-59.658175
2947.291977	-59.873681
2950.192343	-59.857343
2953.098423	-60.396148
2956.010234	-61.145974
2958.927792	-61.952138
2961.851116	-63.097869
2964.780221	-63.124482
2967.715126	-63.863024
2970.655847	-63.368064
2973.602402	-62.399121
2976.554808	-62.111491
2979.513083	-62.177260
2982.477243	-61.920494
2985.447308	-61.677598
2988.423293	-61.347577
2991.405218	-60.452238
2994.393099	-60.110200
2997.386955	-59.617433
