# 2022-03-22_09.58.11
# shape = sech2
# FWHM_ps = 0.11
# carrier_nm = 1542
# frep_MHz = 12126
# pow_mW = 8000
# GDD = 0.0
# propa_len = 0.11866666666666668
# untap_len = 0.01
# taper_len = 0.05866666666666667
# waist_len = 0.02
# uptap_len = 0.02
# untap_scale = 1.0
# waist_scale = 0.24210526315789477
# workingDir = NL_20110305_12 (Spirou)
# axis = slow
# window_ps = 10.0
# steps = 200
# points = 21700
# 
# wavelength [nm]	 power spectral density [dB]
600.043425	-72.292923
600.163550	-72.388989
600.283723	-72.460884
600.403943	-72.511593
600.524212	-72.549047
600.644529	-72.587417
600.764895	-72.638981
600.885308	-72.710173
601.005770	-72.805491
601.126280	-72.927697
601.246839	-73.070867
601.367446	-73.225734
601.488101	-73.382189
601.608804	-73.524199
601.729557	-73.641525
601.850357	-73.729363
601.971206	-73.783499
602.092104	-73.808884
602.213050	-73.810177
602.334045	-73.796382
602.455089	-73.779280
602.576181	-73.768493
602.697322	-73.771370
602.818511	-73.789641
602.939749	-73.821922
603.061036	-73.868027
603.182372	-73.922505
603.303757	-73.973384
603.425191	-74.009702
603.546673	-74.017235
603.668204	-73.984700
603.789785	-73.906676
603.911414	-73.780667
604.033092	-73.612233
604.154820	-73.414708
604.276596	-73.203633
604.398422	-72.993850
604.520297	-72.800936
604.642220	-72.634482
604.764193	-72.496525
604.886216	-72.389225
605.008287	-72.309700
605.130408	-72.249798
605.252578	-72.202290
605.374798	-72.156777
605.497066	-72.100496
605.619385	-72.023720
605.741752	-71.918112
605.864169	-71.782052
605.986636	-71.616464
606.109152	-71.426639
606.231718	-71.221744
606.354333	-71.012230
606.476998	-70.811014
606.599712	-70.629140
606.722476	-70.472906
606.845290	-70.346359
606.968154	-70.249262
607.091067	-70.175245
607.214030	-70.115589
607.337043	-70.061648
607.460106	-70.003146
607.583219	-69.931174
607.706381	-69.841644
607.829594	-69.732111
607.952856	-69.603671
608.076169	-69.461991
608.199531	-69.313282
608.322944	-69.163745
608.446407	-69.020871
608.569920	-68.889105
608.693483	-68.771943
608.817096	-68.673274
608.940759	-68.595070
609.064473	-68.534039
609.188237	-68.486424
609.312051	-68.446808
609.435916	-68.408354
609.559831	-68.366158
609.683796	-68.316132
609.807812	-68.254650
609.931878	-68.183173
610.055995	-68.106051
610.180162	-68.027918
610.304380	-67.955201
610.428648	-67.893634
610.552967	-67.843530
610.677337	-67.808166
610.801757	-67.787787
610.926228	-67.779883
611.050750	-67.783274
611.175323	-67.794062
611.299946	-67.807401
611.424620	-67.818494
611.549345	-67.823624
611.674121	-67.819658
611.798948	-67.806534
611.923826	-67.785515
612.048755	-67.758790
612.173734	-67.731677
612.298765	-67.709407
612.423847	-67.698632
612.548980	-67.703437
612.674165	-67.728228
612.799400	-67.773438
612.924687	-67.838335
613.050025	-67.919917
613.175414	-68.012279
613.300854	-68.108498
613.426346	-68.203964
613.551889	-68.293780
613.677484	-68.373755
613.803130	-68.442863
613.928827	-68.500664
614.054576	-68.551096
614.180377	-68.596629
614.306229	-68.641960
614.432132	-68.694230
614.558087	-68.760408
614.684094	-68.847125
614.810153	-68.957102
614.936263	-69.093110
615.062425	-69.255760
615.188639	-69.443014
615.314904	-69.647684
615.441222	-69.861053
615.567591	-70.075311
615.694012	-70.283608
615.820486	-70.479846
615.947011	-70.660425
616.073588	-70.824760
616.200217	-70.973766
616.326898	-71.112730
616.453632	-71.249268
616.580417	-71.390106
616.707255	-71.540814
616.834144	-71.706990
616.961086	-71.894680
617.088081	-72.106645
617.215127	-72.344469
617.342226	-72.611829
617.469378	-72.905048
617.596581	-73.215600
617.723837	-73.535204
617.851146	-73.853415
617.978507	-74.155435
618.105920	-74.433581
618.233386	-74.672132
618.360905	-74.870273
618.488476	-75.028149
618.616100	-75.141513
618.743777	-75.215602
618.871506	-75.254779
618.999288	-75.264497
619.127123	-75.251717
619.255011	-75.222679
619.382951	-75.178436
619.510945	-75.121957
619.638991	-75.055853
619.767090	-74.986161
619.895243	-74.913475
620.023448	-74.833266
620.151706	-74.744965
620.280017	-74.641786
620.408382	-74.519103
620.536799	-74.371166
620.665270	-74.191928
620.793794	-73.980944
620.922371	-73.739522
621.051002	-73.468854
621.179686	-73.176477
621.308423	-72.869408
621.437213	-72.554322
621.566057	-72.240637
621.694954	-71.932191
621.823905	-71.637640
621.952909	-71.361473
622.081967	-71.106423
622.211079	-70.875182
622.340244	-70.667803
622.469462	-70.484488
622.598735	-70.321453
622.728061	-70.172538
622.857441	-70.032256
622.986874	-69.893729
623.116361	-69.753525
623.245903	-69.609867
623.375498	-69.457251
623.505147	-69.294132
623.634850	-69.124191
623.764606	-68.950392
623.894417	-68.777150
624.024282	-68.606810
624.154201	-68.442233
624.284174	-68.286727
624.414202	-68.145785
624.544283	-68.022138
624.674419	-67.917199
624.804609	-67.832178
624.934853	-67.765696
625.065151	-67.716809
625.195504	-67.681492
625.325911	-67.657891
625.456373	-67.640554
625.586889	-67.625727
625.717460	-67.608300
625.848085	-67.583614
625.978764	-67.551106
626.109498	-67.511082
626.240287	-67.465974
626.371131	-67.417554
626.502029	-67.369460
626.632982	-67.324854
626.763989	-67.287873
626.895052	-67.264884
627.026169	-67.258916
627.157341	-67.272425
627.288568	-67.308731
627.419850	-67.367459
627.551187	-67.446462
627.682579	-67.541389
627.814026	-67.647874
627.945528	-67.760692
628.077085	-67.873307
628.208697	-67.981240
628.340364	-68.080109
628.472087	-68.167258
628.603865	-68.243780
628.735698	-68.312515
628.867586	-68.378889
628.999530	-68.449101
629.131529	-68.527360
629.263584	-68.622177
629.395694	-68.738736
629.527859	-68.881991
629.660080	-69.056713
629.792357	-69.264849
629.924689	-69.505947
630.057077	-69.774579
630.189520	-70.065247
630.322019	-70.369842
630.454574	-70.679154
630.587184	-70.983316
630.719851	-71.280241
630.852573	-71.564806
630.985351	-71.837290
631.118185	-72.105530
631.251075	-72.376099
631.384021	-72.656120
631.517023	-72.955353
631.650081	-73.283584
631.783195	-73.652594
631.916365	-74.068602
632.049592	-74.537412
632.182874	-75.065270
632.316213	-75.648605
632.449608	-76.285113
632.583059	-76.958382
632.716567	-77.646217
632.850131	-78.325221
632.983751	-78.970952
633.117428	-79.556824
633.251161	-80.051467
633.384951	-80.427628
633.518797	-80.666590
633.652700	-80.765350
633.786660	-80.717448
633.920676	-80.538075
634.054749	-80.245916
634.188879	-79.860985
634.323065	-79.416327
634.457308	-78.941105
634.591608	-78.452636
634.725965	-77.963379
634.860379	-77.477258
634.994850	-76.992344
635.129377	-76.508905
635.263962	-76.023322
635.398604	-75.534708
635.533303	-75.046390
635.668058	-74.553832
635.802872	-74.060703
635.937742	-73.573205
636.072669	-73.099904
636.207654	-72.649199
636.342696	-72.229887
636.477796	-71.852252
636.612953	-71.519683
636.748167	-71.232800
636.883439	-70.991656
637.018768	-70.792145
637.154155	-70.624233
637.289599	-70.479999
637.425101	-70.348280
637.560660	-70.218685
637.696277	-70.081543
637.831952	-69.929785
637.967685	-69.762003
638.103475	-69.578469
638.239324	-69.382159
638.375230	-69.182810
638.511194	-68.991449
638.647215	-68.816188
638.783295	-68.666057
638.919433	-68.545226
639.055629	-68.456446
639.191883	-68.400747
639.328195	-68.374390
639.464565	-68.371551
639.600994	-68.386378
639.737481	-68.410510
639.874025	-68.436754
640.010629	-68.460902
640.147290	-68.480841
640.284010	-68.494954
640.420789	-68.503681
640.557625	-68.512649
640.694521	-68.525155
640.831474	-68.544186
640.968487	-68.573277
641.105558	-68.612567
641.242687	-68.659670
641.379876	-68.713769
641.517123	-68.775067
641.654429	-68.838504
641.791793	-68.904610
641.929216	-68.973973
642.066699	-69.047873
642.204240	-69.128822
642.341840	-69.222554
642.479499	-69.330335
642.617217	-69.457066
642.754994	-69.601515
642.892830	-69.762447
643.030726	-69.935273
643.168680	-70.106226
643.306694	-70.262965
643.444767	-70.391147
643.582899	-70.481172
643.721091	-70.525970
643.859342	-70.526403
643.997652	-70.494885
644.136022	-70.438960
644.274451	-70.371102
644.412940	-70.308225
644.551488	-70.255247
644.690096	-70.214286
644.828763	-70.190552
644.967490	-70.176215
645.106277	-70.165057
645.245124	-70.145627
645.384030	-70.106061
645.522997	-70.035625
645.662023	-69.930826
645.801109	-69.793871
645.940255	-69.631446
646.079460	-69.449337
646.218726	-69.258997
646.358052	-69.067918
646.497438	-68.881495
646.636884	-68.701886
646.776391	-68.528715
646.915957	-68.359200
647.055584	-68.192389
647.195271	-68.026262
647.335019	-67.860541
647.474826	-67.698237
647.614695	-67.541359
647.754623	-67.398414
647.894612	-67.272040
648.034662	-67.164975
648.174772	-67.080529
648.314943	-67.018337
648.455174	-66.973051
648.595466	-66.940876
648.735819	-66.916371
648.876233	-66.893439
649.016707	-66.865991
649.157242	-66.833201
649.297838	-66.790231
649.438495	-66.739640
649.579213	-66.687456
649.719992	-66.641052
649.860832	-66.606213
650.001733	-66.589598
650.142695	-66.596095
650.283718	-66.630250
650.424803	-66.691197
650.565949	-66.777098
650.707156	-66.885915
650.848424	-67.011601
650.989754	-67.149800
651.131145	-67.299403
651.272597	-67.459116
651.414111	-67.627662
651.555687	-67.810188
651.697324	-68.009759
651.839022	-68.226331
651.980782	-68.464528
652.122604	-68.726024
652.264488	-69.004056
652.406433	-69.294824
652.548441	-69.598078
652.690510	-69.901491
652.832640	-70.197966
652.974833	-70.487168
653.117088	-70.764611
653.259405	-71.031848
653.401784	-71.302431
653.544224	-71.585630
653.686727	-71.886715
653.829293	-72.216169
653.971920	-72.576281
654.114609	-72.949832
654.257361	-73.316146
654.400175	-73.645555
654.543052	-73.892853
654.685991	-74.020444
654.828992	-74.011876
654.972056	-73.868290
655.115183	-73.606720
655.258372	-73.261702
655.401623	-72.868226
655.544937	-72.443000
655.688314	-71.995943
655.831754	-71.535210
655.975256	-71.063618
656.118822	-70.585200
656.262450	-70.112069
656.406141	-69.645086
656.549894	-69.191710
656.693711	-68.758131
656.837591	-68.350276
656.981534	-67.970722
657.125540	-67.617792
657.269610	-67.288783
657.413742	-66.981794
657.557938	-66.690321
657.702196	-66.410346
657.846519	-66.138471
657.990904	-65.871118
658.135353	-65.608858
658.279866	-65.352682
658.424441	-65.104287
658.569081	-64.868809
658.713784	-64.648979
658.858550	-64.446132
659.003381	-64.264009
659.148274	-64.102820
659.293232	-63.960723
659.438253	-63.837252
659.583339	-63.730303
659.728488	-63.639304
659.873701	-63.563446
660.018978	-63.504888
660.164318	-63.463981
660.309723	-63.439925
660.455192	-63.433795
660.600725	-63.448015
660.746323	-63.480181
660.891984	-63.530803
661.037710	-63.600512
661.183500	-63.685346
661.329354	-63.786805
661.475272	-63.903674
661.621255	-64.035140
661.767303	-64.181356
661.913415	-64.341971
662.059591	-64.518196
662.205833	-64.710451
662.352138	-64.920002
662.498509	-65.149496
662.644944	-65.400630
662.791443	-65.676454
662.938008	-65.982073
663.084638	-66.317660
663.231332	-66.686497
663.378091	-67.096148
663.524915	-67.547911
663.671804	-68.048738
663.818759	-68.610888
663.965778	-69.243990
664.112863	-69.962176
664.260012	-70.783189
664.407227	-71.723725
664.554507	-72.812777
664.701853	-74.086193
664.849264	-75.590962
664.996740	-77.408051
665.144282	-79.685284
665.291889	-82.704861
665.439561	-87.014891
665.587300	-91.907557
665.735103	-88.555642
665.882973	-83.653018
666.030908	-80.251123
666.178909	-77.745667
666.326976	-75.787873
666.475109	-74.202993
666.623307	-72.885407
666.771571	-71.768674
666.919902	-70.806338
667.068298	-69.963370
667.216761	-69.209528
667.365289	-68.524280
667.513884	-67.894160
667.662545	-67.307342
667.811272	-66.757557
667.960065	-66.244617
668.108925	-65.767571
668.257851	-65.326581
668.406843	-64.923387
668.555902	-64.558505
668.705027	-64.229251
668.854219	-63.934007
669.003478	-63.669441
669.152803	-63.430656
669.302195	-63.212903
669.451653	-63.013127
669.601179	-62.828780
669.750771	-62.660150
669.900430	-62.508226
670.050156	-62.377793
670.199949	-62.272557
670.349808	-62.195198
670.499735	-62.146964
670.649729	-62.128800
670.799790	-62.139154
670.949918	-62.173401
671.100114	-62.227631
671.250377	-62.298988
671.400707	-62.386702
671.551104	-62.488360
671.701569	-62.606861
671.852101	-62.745631
672.002700	-62.908110
672.153368	-63.101140
672.304102	-63.326841
672.454905	-63.587357
672.605775	-63.884915
672.756713	-64.217262
672.907718	-64.583099
673.058791	-64.980462
673.209933	-65.407710
673.361142	-65.867036
673.512419	-66.362052
673.663764	-66.900821
673.815177	-67.494717
673.966658	-68.154195
674.118207	-68.896802
674.269825	-69.739102
674.421510	-70.693383
674.573264	-71.774745
674.725086	-72.984958
674.876977	-74.306192
675.028936	-75.677044
675.180963	-76.927962
675.333059	-77.733303
675.485224	-77.762434
675.637457	-76.994677
675.789758	-75.749401
675.942129	-74.359585
676.094568	-73.003236
676.247075	-71.754026
676.399652	-70.634451
676.552298	-69.639536
676.705012	-68.760226
676.857795	-67.983474
677.010648	-67.296505
677.163569	-66.686268
677.316560	-66.138951
677.469619	-65.645191
677.622748	-65.199721
677.775946	-64.794864
677.929214	-64.428015
678.082551	-64.098003
678.235957	-63.803404
678.389432	-63.545935
678.542977	-63.324933
678.696592	-63.139311
678.850276	-62.988797
679.004030	-62.870066
679.157853	-62.780501
679.311746	-62.717260
679.465709	-62.678789
679.619742	-62.663257
679.773844	-62.670909
679.928017	-62.703346
680.082259	-62.762076
680.236571	-62.848746
680.390954	-62.966599
680.545406	-63.118029
680.699929	-63.303252
680.854522	-63.524791
681.009185	-63.783065
681.163918	-64.080728
681.318722	-64.419825
681.473596	-64.801503
681.628540	-65.234825
681.783555	-65.726194
681.938641	-66.280573
682.093797	-66.909594
682.249023	-67.625465
682.404321	-68.441667
682.559689	-69.380720
682.715128	-70.464719
682.870637	-71.731800
683.026218	-73.237835
683.181869	-75.070940
683.337591	-77.342193
683.493385	-80.119319
683.649249	-82.854234
683.805185	-83.068585
683.961191	-80.441962
684.117269	-77.581610
684.273418	-75.225033
684.429639	-73.313739
684.585930	-71.729209
684.742294	-70.391499
684.898728	-69.241179
685.055234	-68.239133
685.211812	-67.362238
685.368461	-66.589058
685.525182	-65.907846
685.681975	-65.309585
685.838839	-64.782106
685.995775	-64.313657
686.152783	-63.895915
686.309863	-63.521863
686.467014	-63.186451
686.624238	-62.886428
686.781534	-62.619885
686.938902	-62.388736
687.096342	-62.195312
687.253854	-62.040722
687.411438	-61.924693
687.569095	-61.844956
687.726824	-61.801319
687.884626	-61.788608
688.042499	-61.803263
688.200446	-61.844362
688.358465	-61.911433
688.516556	-62.007176
688.674720	-62.136976
688.832957	-62.308272
688.991266	-62.526232
689.149649	-62.794929
689.308104	-63.117228
689.466632	-63.492433
689.625233	-63.919511
689.783906	-64.396000
689.942653	-64.923047
690.101473	-65.506999
690.260367	-66.155855
690.419333	-66.885817
690.578372	-67.708123
690.737485	-68.631719
690.896672	-69.640349
691.055931	-70.675650
691.215264	-71.607267
691.374671	-72.222609
691.534151	-72.329655
691.693704	-71.899915
691.853332	-71.088906
692.013033	-70.088417
692.172807	-69.034519
692.332656	-67.990674
692.492578	-66.985260
692.652575	-66.030673
692.812645	-65.138712
692.972789	-64.319638
693.133007	-63.579745
693.293300	-62.921437
693.453666	-62.342094
693.614107	-61.832280
693.774622	-61.380321
693.935211	-60.974028
694.095875	-60.604997
694.256613	-60.266807
694.417426	-59.957024
694.578313	-59.677730
694.739274	-59.434780
694.900311	-59.231807
695.061421	-59.072461
695.222607	-58.955834
695.383868	-58.877640
695.545203	-58.831006
695.706613	-58.808914
695.868098	-58.804887
696.029658	-58.818148
696.191293	-58.851002
696.353003	-58.909851
696.514789	-59.002788
696.676649	-59.133291
696.838585	-59.303576
697.000596	-59.508561
697.162682	-59.740894
697.324844	-59.990185
697.487081	-60.245547
697.649394	-60.504120
697.811782	-60.767274
697.974246	-61.037407
698.136786	-61.320230
698.299401	-61.614118
698.462092	-61.905857
698.624859	-62.171141
698.787702	-62.380383
698.950621	-62.507548
699.113616	-62.536466
699.276686	-62.470458
699.439833	-62.328980
699.603056	-62.127865
699.766355	-61.882076
699.929731	-61.598107
700.093183	-61.276305
700.256711	-60.915256
700.420315	-60.521564
700.583996	-60.109597
700.747754	-59.697529
700.911588	-59.301432
701.075499	-58.932708
701.239486	-58.596942
701.403550	-58.291053
701.567691	-58.009094
701.731909	-57.744066
701.896203	-57.493688
702.060575	-57.258287
702.225024	-57.041184
702.389549	-56.849804
702.554152	-56.688723
702.718832	-56.560689
702.883589	-56.463970
703.048424	-56.393456
703.213335	-56.342978
703.378324	-56.307185
703.543391	-56.285075
703.708535	-56.277377
703.873757	-56.289350
704.039056	-56.324708
704.204433	-56.385902
704.369887	-56.471458
704.535420	-56.576917
704.701030	-56.695305
704.866718	-56.819610
705.032484	-56.943915
705.198328	-57.066147
705.364250	-57.188797
705.530250	-57.314441
705.696328	-57.443645
705.862485	-57.572217
706.028720	-57.690923
706.195033	-57.787109
706.361424	-57.850401
706.527894	-57.877028
706.694442	-57.868076
706.861069	-57.828141
707.027775	-57.761938
707.194559	-57.671455
707.361422	-57.554799
707.528363	-57.409763
707.695384	-57.236657
707.862483	-57.038249
708.029661	-56.820687
708.196918	-56.594947
708.364254	-56.368493
708.531670	-56.147691
708.699164	-55.935355
708.866738	-55.731680
709.034391	-55.536028
709.202123	-55.349034
709.369935	-55.172955
709.537826	-55.010662
709.705796	-54.865684
709.873847	-54.740870
710.041976	-54.636712
710.210186	-54.552423
710.378475	-54.487107
710.546844	-54.439429
710.715292	-54.408132
710.883821	-54.393925
711.052429	-54.396444
711.221118	-54.414835
711.389887	-54.449287
711.558735	-54.499444
711.727664	-54.563690
711.896673	-54.640712
712.065763	-54.728316
712.234932	-54.823584
712.404183	-54.922661
712.573513	-55.024155
712.742924	-55.122949
712.912416	-55.215758
713.081988	-55.300191
713.251641	-55.375204
713.421375	-55.436879
713.591190	-55.482649
713.761085	-55.509910
713.931061	-55.514230
714.101119	-55.493534
714.271257	-55.448111
714.441476	-55.379758
714.611777	-55.291051
714.782159	-55.187462
714.952622	-55.073446
715.123166	-54.950904
715.293792	-54.820922
715.464499	-54.685909
715.635288	-54.545941
715.806158	-54.404131
715.977110	-54.266063
716.148143	-54.138203
716.319259	-54.023598
716.490456	-53.923785
716.661735	-53.837089
716.833096	-53.759930
717.004538	-53.690225
717.176063	-53.628182
717.347670	-53.575953
717.519359	-53.537323
717.691130	-53.514420
717.862984	-53.507339
718.034920	-53.513117
718.206938	-53.528829
718.379039	-53.551319
718.551222	-53.577874
718.723488	-53.609257
718.895836	-53.647622
719.068267	-53.694753
719.240781	-53.751614
719.413377	-53.817123
719.586057	-53.885729
719.758819	-53.952338
719.931664	-54.011353
720.104593	-54.060571
720.277604	-54.101801
720.450699	-54.137960
720.623876	-54.170166
720.797137	-54.198160
720.970482	-54.217069
721.143910	-54.220726
721.317421	-54.204107
721.491016	-54.168656
721.664694	-54.118425
721.838456	-54.060716
722.012302	-54.000719
722.186231	-53.939351
722.360244	-53.873069
722.534342	-53.797169
722.708523	-53.709599
722.882788	-53.612916
723.057137	-53.513293
723.231570	-53.418459
723.406088	-53.334851
723.580689	-53.263024
723.755375	-53.200612
723.930146	-53.141877
724.105000	-53.083361
724.279940	-53.027095
724.454963	-52.979695
724.630072	-52.947378
724.805265	-52.936254
724.980543	-52.947221
725.155905	-52.975385
725.331353	-53.014642
725.506885	-53.059946
725.682503	-53.109461
725.858205	-53.166860
726.033993	-53.237839
726.209865	-53.326791
726.385823	-53.431659
726.561866	-53.544508
726.737995	-53.654406
726.914209	-53.752225
727.090508	-53.833420
727.266893	-53.900611
727.443364	-53.956712
727.619920	-54.003083
727.796562	-54.035584
727.973290	-54.044295
728.150103	-54.020288
728.327003	-53.960271
728.503988	-53.867887
728.681060	-53.753772
728.858218	-53.628626
729.035461	-53.499325
729.212791	-53.367161
729.390208	-53.228725
729.567710	-53.082971
729.745299	-52.931387
729.922975	-52.781957
730.100737	-52.645914
730.278586	-52.531381
730.456521	-52.442255
730.634543	-52.376894
730.812652	-52.329984
730.990848	-52.298530
731.169130	-52.283367
731.347500	-52.288200
731.525957	-52.320048
731.704500	-52.382119
731.883131	-52.474055
732.061850	-52.590473
732.240655	-52.723312
732.419548	-52.865219
732.598528	-53.012054
732.777596	-53.163268
732.956751	-53.317969
733.135994	-53.471952
733.315325	-53.616899
733.494744	-53.739467
733.674250	-53.825224
733.853844	-53.864557
734.033526	-53.851399
734.213296	-53.790152
734.393154	-53.687607
734.573101	-53.549065
734.753135	-53.378923
734.933258	-53.179572
735.113469	-52.956541
735.293769	-52.720300
735.474157	-52.482803
735.654633	-52.257513
735.835198	-52.052893
736.015852	-51.872046
736.196594	-51.716739
736.377426	-51.586050
736.558346	-51.481162
736.739355	-51.405870
736.920453	-51.362705
737.101640	-51.355755
737.282916	-51.384954
737.464282	-51.447891
737.645736	-51.542468
737.827280	-51.664814
738.008914	-51.811073
738.190637	-51.978157
738.372449	-52.160499
738.554351	-52.352470
738.736342	-52.544917
738.918424	-52.724259
739.100595	-52.874691
739.282855	-52.978933
739.465206	-53.024742
739.647647	-53.005004
739.830178	-52.919235
740.012799	-52.773097
740.195510	-52.573599
740.378311	-52.330583
740.561203	-52.055600
740.744185	-51.761367
740.927258	-51.463079
741.110421	-51.174367
741.293674	-50.907715
741.477018	-50.670019
741.660453	-50.465054
741.843979	-50.294713
742.027596	-50.160695
742.211303	-50.064730
742.395102	-50.009057
742.578991	-49.996154
742.762972	-50.027312
742.947044	-50.101203
743.131207	-50.214870
743.315461	-50.363172
743.499807	-50.539778
743.684244	-50.739339
743.868773	-50.954100
744.053394	-51.175148
744.238106	-51.389984
744.422910	-51.579338
744.607805	-51.721988
744.792793	-51.797430
744.977872	-51.795185
745.163044	-51.713867
745.348307	-51.558913
745.533663	-51.339261
745.719111	-51.066151
745.904651	-50.753405
746.090283	-50.419683
746.276008	-50.085039
746.461826	-49.766962
746.647735	-49.476530
746.833738	-49.219830
747.019833	-48.999620
747.206021	-48.818053
747.392302	-48.678026
747.578676	-48.583091
747.765143	-48.536073
747.951703	-48.537997
748.138356	-48.587539
748.325102	-48.680504
748.511941	-48.810968
748.698874	-48.972764
748.885900	-49.160308
749.073019	-49.367727
749.260232	-49.586412
749.447539	-49.801797
749.634939	-49.994308
749.822433	-50.142620
750.010021	-50.228305
750.197703	-50.241062
750.385479	-50.179207
750.573348	-50.047062
750.761312	-49.852458
750.949370	-49.605402
751.137523	-49.320685
751.325769	-49.017102
751.514110	-48.714026
751.702545	-48.427473
751.891075	-48.168330
752.079700	-47.943000
752.268419	-47.755004
752.457233	-47.606706
752.646142	-47.501424
752.835145	-47.442547
753.024244	-47.432320
753.213437	-47.470041
753.402726	-47.552113
753.592110	-47.671877
753.781589	-47.821846
753.971163	-47.994418
754.160833	-48.181910
754.350598	-48.373727
754.540459	-48.555227
754.730415	-48.707523
754.920467	-48.811824
755.110615	-48.854014
755.300858	-48.828186
755.491198	-48.736870
755.681633	-48.587695
755.872164	-48.390500
756.062792	-48.157137
756.253515	-47.902109
756.444335	-47.641632
756.635252	-47.391485
756.826264	-47.164900
757.017373	-46.970947
757.208579	-46.814746
757.399881	-46.699078
757.591280	-46.626279
757.782776	-46.598898
757.974368	-46.618357
758.166058	-46.684019
758.357844	-46.791774
758.549728	-46.934854
758.741708	-47.104138
758.933786	-47.289128
759.125961	-47.478326
759.318233	-47.659430
759.510603	-47.818267
759.703071	-47.937504
759.895635	-48.000762
760.088298	-47.996530
760.281058	-47.923349
760.473916	-47.788608
760.666872	-47.605277
760.859926	-47.388255
761.053078	-47.151970
761.246328	-46.910212
761.439676	-46.677083
761.633122	-46.466801
761.826667	-46.291183
762.020310	-46.157589
762.214052	-46.068698
762.407892	-46.025216
762.601831	-46.026971
762.795868	-46.074255
762.990004	-46.166895
763.184239	-46.302569
763.378573	-46.475296
763.573006	-46.673067
763.767538	-46.881077
763.962169	-47.084087
764.156900	-47.266948
764.351729	-47.414464
764.546658	-47.511836
764.741687	-47.545851
764.936815	-47.508746
765.132042	-47.402187
765.327370	-47.238091
765.522797	-47.036010
765.718324	-46.815018
765.913950	-46.591467
766.109677	-46.377855
766.305504	-46.185252
766.501431	-46.024813
766.697458	-45.905942
766.893586	-45.835577
767.089814	-45.816631
767.286142	-45.848030
767.482571	-45.926561
767.679100	-46.048957
767.875730	-46.210904
768.072461	-46.406046
768.269293	-46.623306
768.466225	-46.847154
768.663259	-47.058406
768.860393	-47.236484
769.057629	-47.363485
769.254966	-47.426944
769.452404	-47.421557
769.649944	-47.348859
769.847585	-47.216782
770.045328	-47.039074
770.243172	-46.835103
770.441118	-46.624946
770.639166	-46.427008
770.837315	-46.254541
771.035567	-46.117191
771.233920	-46.022073
771.432376	-45.974534
771.630934	-45.978662
771.829594	-46.035469
772.028356	-46.143476
772.227220	-46.297816
772.426188	-46.490848
772.625257	-46.711391
772.824430	-46.944724
773.023705	-47.171475
773.223083	-47.371189
773.422563	-47.524321
773.622147	-47.614553
773.821834	-47.631855
774.021624	-47.575352
774.221517	-47.454651
774.421513	-47.288171
774.621613	-47.098730
774.821816	-46.908287
775.022122	-46.735271
775.222532	-46.593484
775.423046	-46.493676
775.623664	-46.444061
775.824385	-46.450044
776.025211	-46.513662
776.226140	-46.633890
776.427173	-46.804099
776.628311	-47.013502
776.829553	-47.246388
777.030899	-47.484678
777.232350	-47.706957
777.433905	-47.888474
777.635564	-48.005654
777.837328	-48.042093
778.039197	-47.994492
778.241171	-47.873731
778.443250	-47.700974
778.645433	-47.500693
778.847722	-47.296045
779.050116	-47.107999
779.252615	-46.956440
779.455219	-46.857390
779.657929	-46.822012
779.860744	-46.855199
780.063665	-46.956485
780.266691	-47.121253
780.469823	-47.342831
780.673061	-47.611576
780.876405	-47.908676
781.079855	-48.203966
781.283410	-48.457445
781.487072	-48.628904
781.690840	-48.690638
781.894715	-48.633673
782.098695	-48.468277
782.302783	-48.219184
782.506976	-47.920613
782.711277	-47.610801
782.915684	-47.325314
783.120198	-47.092508
783.324818	-46.930593
783.529546	-46.849954
783.734381	-46.856176
783.939322	-46.952755
784.144372	-47.140998
784.349528	-47.418277
784.554792	-47.770976
784.760163	-48.170353
784.965642	-48.574081
785.171228	-48.929037
785.376922	-49.175654
785.582724	-49.258132
785.788634	-49.145665
785.994651	-48.851287
786.200777	-48.428433
786.407011	-47.948258
786.613353	-47.473470
786.819804	-47.047478
787.026363	-46.697902
787.233030	-46.443487
787.439806	-46.297110
787.646691	-46.267108
787.853684	-46.356469
788.060786	-46.562059
788.267997	-46.875096
788.475317	-47.279745
788.682746	-47.747852
788.890285	-48.230632
789.097932	-48.651115
789.305689	-48.914092
789.513555	-48.939713
789.721531	-48.706059
789.929617	-48.259941
790.137812	-47.687274
790.346117	-47.075674
790.554531	-46.494983
790.763056	-45.992830
790.971691	-45.598266
791.180436	-45.326008
791.389291	-45.181713
791.598256	-45.167139
791.807332	-45.280986
792.016518	-45.517893
792.225815	-45.865481
792.435222	-46.297585
792.644740	-46.767410
792.854369	-47.204189
793.064109	-47.516126
793.273960	-47.612671
793.483922	-47.444426
793.693995	-47.034699
793.904180	-46.465984
794.114475	-45.836636
794.324882	-45.226262
794.535401	-44.687578
794.746031	-44.250464
794.956774	-43.932454
795.167627	-43.742681
795.378593	-43.683851
795.589671	-43.752814
795.800861	-43.941149
796.012162	-44.231928
796.223577	-44.597477
796.435103	-44.993969
796.646742	-45.354962
796.858493	-45.598116
797.070357	-45.648116
797.282334	-45.472268
797.494423	-45.096830
797.706626	-44.591739
797.918941	-44.037187
798.131369	-43.500563
798.343911	-43.029397
798.556566	-42.653633
798.769334	-42.388713
798.982215	-42.240226
799.195210	-42.208079
799.408319	-42.286945
799.621541	-42.465969
799.834877	-42.724460
800.048327	-43.026999
800.261890	-43.322853
800.475568	-43.551988
800.689360	-43.655551
800.903266	-43.593403
801.117287	-43.360922
801.331422	-42.993595
801.545671	-42.549841
801.760036	-42.090773
801.974514	-41.666457
802.189108	-41.310114
802.403816	-41.041592
802.618640	-40.871509
802.833578	-40.802989
803.048632	-40.832867
803.263800	-40.949946
803.479085	-41.133818
803.694484	-41.354556
803.909999	-41.572969
804.125630	-41.743258
804.341376	-41.819164
804.557239	-41.767402
804.773217	-41.582690
804.989311	-41.289987
805.205521	-40.933438
805.421847	-40.560716
805.638290	-40.211363
805.854849	-39.915867
806.071524	-39.695302
806.288316	-39.561279
806.505225	-39.515947
806.722250	-39.552502
806.939393	-39.657578
807.156652	-39.810619
807.374028	-39.982381
807.591521	-40.136355
807.809132	-40.233078
808.026859	-40.239291
808.244705	-40.139370
808.462667	-39.941186
808.680748	-39.671398
808.898946	-39.366199
809.117261	-39.062620
809.335695	-38.792789
809.554246	-38.580299
809.772916	-38.438548
809.991704	-38.371400
810.210610	-38.375526
810.429634	-38.441160
810.648777	-38.551061
810.868039	-38.679297
811.087419	-38.794223
811.306918	-38.864237
811.526535	-38.865366
811.746272	-38.786171
811.966127	-38.631008
812.186102	-38.419178
812.406196	-38.179604
812.626409	-37.943079
812.846742	-37.736034
813.067194	-37.577188
813.287766	-37.476513
813.508457	-37.436922
813.729269	-37.454118
813.950200	-37.515786
814.171251	-37.602430
814.392422	-37.689475
814.613714	-37.751136
814.835126	-37.765231
815.056658	-37.717905
815.278311	-37.607509
815.500084	-37.445765
815.721978	-37.254448
815.943993	-37.058760
816.166128	-36.881103
816.388385	-36.738546
816.610762	-36.642117
816.833261	-36.596354
817.055881	-36.598834
817.278623	-36.638863
817.501486	-36.699211
817.724471	-36.759507
817.947577	-36.799022
818.170805	-36.799635
818.394155	-36.749796
818.617627	-36.648889
818.841221	-36.508148
819.064937	-36.346464
819.288775	-36.185212
819.512736	-36.043293
819.736819	-35.934775
819.961025	-35.868748
820.185354	-35.848074
820.409805	-35.867671
820.634379	-35.915178
820.859076	-35.973561
821.083897	-36.024007
821.308840	-36.048331
821.533907	-36.032036
821.759097	-35.968228
821.984411	-35.860830
822.209848	-35.723598
822.435409	-35.575279
822.661093	-35.434921
822.886902	-35.319344
823.112834	-35.240867
823.338891	-35.205373
823.565072	-35.211260
823.791377	-35.249514
824.017807	-35.304983
824.244361	-35.359000
824.471039	-35.392457
824.697843	-35.388668
824.924771	-35.338282
825.151824	-35.243251
825.379002	-35.115967
825.606306	-34.974405
825.833734	-34.837573
826.061288	-34.723158
826.288967	-34.645210
826.516772	-34.611751
826.744703	-34.622735
826.972759	-34.670204
827.200941	-34.739453
827.429249	-34.810744
827.657683	-34.862415
827.886243	-34.874332
828.114930	-34.834510
828.343743	-34.744183
828.572682	-34.616708
828.801748	-34.472649
829.030941	-34.334308
829.260260	-34.221810
829.489706	-34.150670
829.719280	-34.129294
829.948980	-34.157175
830.178808	-34.224837
830.408763	-34.314951
830.638845	-34.404646
830.869055	-34.468097
831.099393	-34.482163
831.329858	-34.434317
831.560451	-34.327152
831.791173	-34.178295
832.022022	-34.014221
832.252999	-33.862485
832.484105	-33.746748
832.715339	-33.683643
832.946702	-33.680780
833.178193	-33.735454
833.409813	-33.834538
833.641561	-33.955447
833.873439	-34.068491
834.105445	-34.142324
834.337581	-34.152036
834.569846	-34.086620
834.802241	-33.954141
835.034764	-33.779767
835.267418	-33.596936
835.500201	-33.437885
835.733114	-33.328017
835.966157	-33.283636
836.199329	-33.310060
836.432632	-33.400484
836.666065	-33.536015
836.899629	-33.686995
837.133323	-33.817257
837.367147	-33.891845
837.601102	-33.886309
837.835188	-33.795514
838.069405	-33.636955
838.303752	-33.445056
838.538231	-33.258955
838.772841	-33.112306
839.007582	-33.028586
839.242455	-33.019234
839.477459	-33.083486
839.712595	-33.207385
839.947863	-33.363564
840.183263	-33.515387
840.418794	-33.624233
840.654458	-33.659205
840.890254	-33.607424
841.126182	-33.479593
841.362242	-33.306452
841.598435	-33.127793
841.834761	-32.980411
842.071220	-32.890566
842.307811	-32.872193
842.544536	-32.926489
842.781393	-33.040613
843.018384	-33.188242
843.255508	-33.333166
843.492765	-33.436500
843.730156	-33.467632
843.967681	-33.415293
844.205339	-33.292212
844.443132	-33.130638
844.681058	-32.970793
844.919118	-32.847896
845.157313	-32.785689
845.395642	-32.795503
845.634105	-32.874040
845.872703	-33.002949
846.111436	-33.151374
846.350303	-33.280633
846.589306	-33.353121
846.828443	-33.345167
847.067716	-33.255940
847.307124	-33.108664
847.546667	-32.942654
847.786345	-32.798994
848.026160	-32.709548
848.266110	-32.692712
848.506195	-32.752387
848.746417	-32.876369
848.986775	-33.037115
849.227269	-33.195249
849.467899	-33.307684
849.708666	-33.340786
849.949569	-33.283577
850.190609	-33.152045
850.431785	-32.983246
850.673099	-32.822106
850.914549	-32.707636
851.156137	-32.664963
851.397861	-32.703663
851.639723	-32.816721
851.881723	-32.979830
852.123860	-33.154478
852.366135	-33.294902
852.608547	-33.361458
852.851098	-33.335574
853.093786	-33.227024
853.336613	-33.070303
853.579578	-32.910862
853.822681	-32.789604
854.065923	-32.734624
854.309304	-32.757601
854.552823	-32.852756
854.796481	-32.997875
855.040278	-33.156574
855.284215	-33.285893
855.528290	-33.349082
855.772505	-33.328576
856.016859	-33.234567
856.261353	-33.099334
856.505987	-32.964549
856.750760	-32.867657
856.995673	-32.832168
857.240727	-32.865568
857.485920	-32.958347
857.731254	-33.085281
857.976729	-33.211575
858.222343	-33.300645
858.468099	-33.326254
858.713995	-33.283772
858.960032	-33.190938
859.206211	-33.081020
859.452530	-32.989891
859.698991	-32.944130
859.945593	-32.956561
860.192336	-33.023726
860.439222	-33.126375
860.686248	-33.233870
860.933417	-33.312435
861.180728	-33.338429
861.428181	-33.307051
861.675776	-33.232065
861.923514	-33.142278
862.171394	-33.071020
862.419417	-33.043909
862.667582	-33.072247
862.915890	-33.150110
863.164342	-33.256512
863.412936	-33.358770
863.661674	-33.422047
863.910555	-33.424209
864.159579	-33.365894
864.408747	-33.270424
864.658059	-33.173324
864.907515	-33.109213
865.157114	-33.103463
865.406858	-33.164548
865.656746	-33.279548
865.906778	-33.417764
866.156955	-33.536362
866.407277	-33.593204
866.657743	-33.565238
866.908354	-33.459656
867.159110	-33.313592
867.410011	-33.178372
867.661057	-33.098650
867.912249	-33.101028
868.163586	-33.191175
868.415069	-33.351541
868.666697	-33.539316
868.918472	-33.695341
869.170392	-33.764257
869.422458	-33.718207
869.674671	-33.572935
869.927030	-33.380952
870.179536	-33.207590
870.432188	-33.108410
870.684987	-33.114689
870.937933	-33.229110
871.191026	-33.426310
871.444266	-33.653150
871.697653	-33.838198
871.951188	-33.914747
872.204870	-33.853146
872.458700	-33.681135
872.712677	-33.466550
872.966803	-33.285288
873.221076	-33.195682
873.475498	-33.226807
873.730068	-33.375273
873.984787	-33.603219
874.239654	-33.844609
874.494669	-34.018688
874.749834	-34.058164
875.005147	-33.950010
875.260610	-33.745531
875.516222	-33.527073
875.771983	-33.372258
876.027894	-33.330325
876.283954	-33.417111
876.540164	-33.612134
876.796524	-33.858372
877.053033	-34.073063
877.309693	-34.173679
877.566503	-34.119629
877.823464	-33.936399
878.080575	-33.700356
878.337837	-33.501127
878.595249	-33.404211
878.852813	-33.435941
879.110528	-33.587227
879.368393	-33.811807
879.626410	-34.031716
879.884579	-34.160531
880.142899	-34.143066
880.401371	-33.988848
880.659994	-33.763366
880.918770	-33.551533
881.177698	-33.424527
881.436778	-33.417167
881.696010	-33.524960
881.955395	-33.707137
882.214933	-33.894046
882.474623	-34.008499
882.734467	-33.998428
882.994463	-33.868751
883.254613	-33.677135
883.514916	-33.497658
883.775372	-33.388830
884.035982	-33.379833
884.296746	-33.464971
884.557664	-33.604057
884.818735	-33.734469
885.079961	-33.794586
885.341341	-33.753691
885.602876	-33.627809
885.864565	-33.470922
886.126409	-33.345268
886.388407	-33.291361
886.650561	-33.319533
886.912870	-33.410981
887.175334	-33.518768
887.437953	-33.585476
887.700728	-33.571683
887.963658	-33.475989
888.226745	-33.336099
888.489987	-33.206592
888.753385	-33.133264
889.016940	-33.136762
889.280651	-33.205496
889.544518	-33.300271
889.808543	-33.367135
890.072723	-33.361539
890.337061	-33.275091
890.601556	-33.137235
890.866208	-32.999764
891.131017	-32.912278
891.395984	-32.900233
891.661109	-32.956959
891.926391	-33.045473
892.191831	-33.111322
892.457429	-33.107708
892.723186	-33.019587
892.989100	-32.875166
893.255173	-32.729881
893.521405	-32.635303
893.787796	-32.621014
894.054345	-32.682361
894.321053	-32.780626
894.587921	-32.854735
894.854948	-32.848385
895.122134	-32.744278
895.389480	-32.575408
895.656986	-32.404448
895.924651	-32.293354
896.192477	-32.276746
896.460463	-32.351105
896.728609	-32.475574
896.996915	-32.578353
897.265382	-32.588162
897.534010	-32.477718
897.802799	-32.281625
898.071749	-32.074895
898.340860	-31.933344
898.610132	-31.902386
898.879566	-31.983429
899.149162	-32.132682
899.418919	-32.270489
899.688838	-32.310637
899.958919	-32.208336
900.229162	-31.995045
900.499568	-31.757109
900.770136	-31.583537
901.040867	-31.530387
901.311761	-31.605311
901.582817	-31.765954
901.854037	-31.926514
902.125420	-31.988760
902.396966	-31.897218
902.668676	-31.676844
902.940550	-31.417647
903.212587	-31.219829
903.484788	-31.147922
903.757153	-31.213654
904.029683	-31.375501
904.302377	-31.545582
904.575236	-31.619803
904.848259	-31.534866
905.121447	-31.314934
905.394800	-31.051682
905.668319	-30.846090
905.942002	-30.766283
906.215852	-30.825321
906.489866	-30.979773
906.764047	-31.142613
907.038393	-31.211335
907.312906	-31.124553
907.587584	-30.907410
907.862429	-30.651954
908.137441	-30.455409
908.412619	-30.378498
908.687964	-30.430897
908.963476	-30.567624
909.239155	-30.700649
909.515002	-30.736994
909.791015	-30.633240
910.067197	-30.420893
910.343546	-30.186987
910.620063	-30.019188
910.896748	-29.963818
911.173601	-30.017302
911.450623	-30.130644
911.727813	-30.220988
912.005171	-30.211116
912.282699	-30.082054
912.560395	-29.879562
912.838261	-29.682587
913.116296	-29.561031
913.394500	-29.543864
913.672874	-29.611191
913.951418	-29.704622
914.230131	-29.750452
914.509015	-29.696322
914.788068	-29.547236
915.067292	-29.361396
915.346687	-29.210233
915.626252	-29.141323
915.905988	-29.163395
916.185895	-29.241093
916.465973	-29.309232
916.746223	-29.307733
917.026644	-29.213062
917.307236	-29.054717
917.588000	-28.895894
917.868937	-28.794294
918.150045	-28.774898
918.431325	-28.824020
918.712778	-28.893675
918.994404	-28.922445
919.276202	-28.870940
919.558173	-28.747291
919.840317	-28.598221
920.122634	-28.480198
920.405125	-28.430541
920.687789	-28.450153
920.970627	-28.505810
921.253639	-28.545223
921.536824	-28.522216
921.820184	-28.427023
922.103718	-28.292923
922.387427	-28.170956
922.671310	-28.100882
922.955368	-28.094031
923.239601	-28.129323
923.524009	-28.162381
923.808592	-28.150171
924.093351	-28.075554
924.378285	-27.957220
924.663396	-27.837334
924.948682	-27.756305
925.234144	-27.729520
925.519782	-27.743323
925.805597	-27.763360
926.091589	-27.751693
926.377757	-27.690386
926.664102	-27.591558
926.950624	-27.487994
927.237323	-27.412313
927.524200	-27.380254
927.811255	-27.383303
928.098487	-27.393606
928.385897	-27.381725
928.673485	-27.332990
928.961251	-27.256237
929.249196	-27.177504
929.537319	-27.121887
929.825621	-27.099249
930.114102	-27.100688
930.402762	-27.104604
930.691601	-27.089288
930.980620	-27.046904
931.269818	-26.987915
931.559196	-26.931908
931.848753	-26.895130
932.138491	-26.879925
932.428409	-26.873862
932.718508	-26.859545
933.008787	-26.826846
933.299246	-26.778091
933.589887	-26.726655
933.880709	-26.686798
934.171712	-26.662067
934.462896	-26.643162
934.754262	-26.614733
935.045810	-26.566807
935.337539	-26.503821
935.629451	-26.442079
935.921545	-26.398194
936.213822	-26.376848
936.506281	-26.365551
936.798922	-26.341374
937.091747	-26.286718
937.384755	-26.203584
937.677946	-26.115180
937.971321	-26.050661
938.264879	-26.026858
938.558621	-26.035620
938.852547	-26.044966
939.146657	-26.019695
939.440952	-25.944598
939.735431	-25.837294
940.030095	-25.739490
940.324943	-25.689108
940.619977	-25.696585
940.915196	-25.736816
941.210600	-25.760614
941.506189	-25.726137
941.801965	-25.629749
942.097926	-25.509759
942.394074	-25.421526
942.690407	-25.400906
942.986927	-25.442120
943.283634	-25.499333
943.580527	-25.511781
943.877608	-25.446125
944.174875	-25.323813
944.472330	-25.204716
944.769972	-25.146213
945.067802	-25.166766
945.365820	-25.233522
945.664026	-25.280775
945.962420	-25.250961
946.261002	-25.139766
946.559773	-25.001819
946.858733	-24.907651
947.157881	-24.898431
947.457219	-24.960427
947.756746	-25.030675
948.056462	-25.037251
948.356368	-24.950512
948.656464	-24.808802
948.956749	-24.689043
949.257225	-24.650056
949.557891	-24.697379
949.858748	-24.779621
950.159796	-24.817915
950.461034	-24.763382
950.762463	-24.636108
951.064084	-24.508487
951.365896	-24.450026
951.667900	-24.480941
951.970095	-24.561931
952.272483	-24.617164
952.575063	-24.587285
952.877835	-24.479083
953.180799	-24.357905
953.483956	-24.294540
953.787307	-24.317076
954.090850	-24.392422
954.394586	-24.448748
954.698516	-24.426381
955.002640	-24.326488
955.306957	-24.211296
955.611469	-24.150364
955.916174	-24.171253
956.221074	-24.242615
956.526169	-24.293429
956.831458	-24.265962
957.136942	-24.164466
957.442622	-24.050473
957.748496	-23.991832
958.054567	-24.013349
958.360833	-24.080048
958.667294	-24.122087
958.973952	-24.086784
959.280806	-23.983849
959.587857	-23.875699
959.895104	-23.824007
960.202548	-23.846333
960.510189	-23.904235
960.818027	-23.931470
961.126062	-23.886749
961.434295	-23.788383
961.742726	-23.696681
962.051355	-23.662454
962.360182	-23.689533
962.669207	-23.733983
962.978431	-23.738148
963.287854	-23.679109
963.597475	-23.588317
963.907296	-23.521637
964.217315	-23.512528
964.527535	-23.546341
964.837954	-23.572577
965.148573	-23.546840
965.459392	-23.470187
965.770411	-23.388298
966.081630	-23.349771
966.393051	-23.366164
966.704672	-23.402601
967.016494	-23.405098
967.328517	-23.348264
967.640742	-23.259459
967.953169	-23.192919
968.265797	-23.183413
968.578627	-23.217798
968.891660	-23.244839
969.204895	-23.217784
969.518332	-23.137340
969.831972	-23.051326
970.145816	-23.011612
970.459862	-23.029874
970.774112	-23.068404
971.088565	-23.070567
971.403223	-23.011593
971.718084	-22.922310
972.033149	-22.860285
972.348419	-22.858827
972.663893	-22.898631
972.979572	-22.923079
973.295456	-22.887818
973.611546	-22.803393
973.927840	-22.726545
974.244340	-22.707615
974.561046	-22.746495
974.877958	-22.791776
975.195076	-22.783018
975.512401	-22.708030
975.829932	-22.617255
976.147670	-22.576898
976.465615	-22.609993
976.783767	-22.675830
977.102126	-22.700997
977.420693	-22.645898
977.739468	-22.545188
978.058451	-22.476146
978.377642	-22.489086
978.697041	-22.563922
979.016649	-22.623984
979.336466	-22.601347
979.656492	-22.503479
979.976727	-22.407517
980.297171	-22.387733
980.617825	-22.452366
980.938689	-22.534946
981.259763	-22.548601
981.581048	-22.467947
981.902542	-22.356016
982.224248	-22.301825
982.546164	-22.341093
982.868291	-22.427424
983.190630	-22.469312
983.513180	-22.413708
983.835942	-22.300290
984.158916	-22.220364
984.482101	-22.230001
984.805500	-22.304661
985.129110	-22.359735
985.452934	-22.326509
985.776970	-22.222034
986.101220	-22.129377
986.425683	-22.115478
986.750359	-22.172728
987.075250	-22.227518
987.400354	-22.207661
987.725673	-22.114397
988.051206	-22.019585
988.376954	-21.991894
988.702916	-22.033758
989.029094	-22.081338
989.355487	-22.065223
989.682095	-21.980483
990.008919	-21.890408
990.335959	-21.859244
990.663216	-21.891597
990.990688	-21.929923
991.318377	-21.910776
991.646283	-21.831083
991.974406	-21.749881
992.302746	-21.724629
992.631304	-21.755714
992.960079	-21.786269
993.289072	-21.759543
993.618283	-21.680309
993.947713	-21.609287
994.277361	-21.597999
994.607227	-21.636833
994.937313	-21.663521
995.267618	-21.626881
995.598142	-21.543485
995.928886	-21.480843
996.259849	-21.486209
996.591033	-21.538298
996.922437	-21.565704
997.254061	-21.519601
997.585906	-21.429622
997.917972	-21.373032
998.250260	-21.394283
998.582768	-21.460285
998.915498	-21.489451
999.248450	-21.435435
999.581624	-21.340175
999.915020	-21.289097
1000.248639	-21.322677
1000.582480	-21.397022
1000.916545	-21.424350
1001.250832	-21.363864
1001.585343	-21.268946
1001.920077	-21.227440
1002.255035	-21.271052
1002.590218	-21.345265
1002.925624	-21.362238
1003.261255	-21.294969
1003.597111	-21.207594
1003.933192	-21.182540
1004.269497	-21.234858
1004.606029	-21.298285
1004.942785	-21.293362
1005.279768	-21.216071
1005.616977	-21.141357
1005.954412	-21.138440
1006.292074	-21.198405
1006.629962	-21.243490
1006.968077	-21.210309
1007.306420	-21.123302
1007.644990	-21.065350
1007.983787	-21.085316
1008.322813	-21.147259
1008.662067	-21.167730
1009.001549	-21.107798
1009.341259	-21.018831
1009.681199	-20.981612
1010.021367	-21.018108
1010.361765	-21.069484
1010.702392	-21.059135
1011.043250	-20.980276
1011.384337	-20.902803
1011.725654	-20.890890
1012.067202	-20.934253
1012.408980	-20.960997
1012.750989	-20.918465
1013.093230	-20.834671
1013.435702	-20.782730
1013.778405	-20.796003
1014.121341	-20.833010
1014.464508	-20.825365
1014.807908	-20.758151
1015.151540	-20.686879
1015.495405	-20.669045
1015.839503	-20.698501
1016.183835	-20.713755
1016.528400	-20.670109
1016.873198	-20.594865
1017.218231	-20.552791
1017.563498	-20.568263
1017.908999	-20.597614
1018.254735	-20.579872
1018.600707	-20.511135
1018.946913	-20.449743
1019.293354	-20.445355
1019.640032	-20.480334
1019.986945	-20.490157
1020.334094	-20.440255
1020.681480	-20.369343
1021.029102	-20.341454
1021.376961	-20.369306
1021.725058	-20.399994
1022.073391	-20.377323
1022.421962	-20.310898
1022.770772	-20.264203
1023.119819	-20.276035
1023.469104	-20.315259
1023.818628	-20.318162
1024.168391	-20.266430
1024.518393	-20.209873
1024.868634	-20.203502
1025.219115	-20.240564
1025.569836	-20.261741
1025.920796	-20.228302
1026.271997	-20.170582
1026.623438	-20.148523
1026.975121	-20.176792
1027.327044	-20.207686
1027.679208	-20.190904
1028.031614	-20.137713
1028.384262	-20.104847
1028.737152	-20.121736
1029.090284	-20.154825
1029.443659	-20.150054
1029.797276	-20.102965
1030.151137	-20.063534
1030.505240	-20.069979
1030.859587	-20.100495
1031.214178	-20.101504
1031.569013	-20.058538
1031.924093	-20.014848
1032.279417	-20.013056
1032.634985	-20.039978
1032.990799	-20.043109
1033.346858	-20.000672
1033.703162	-19.951988
1034.059712	-19.943664
1034.416509	-19.968391
1034.773551	-19.973611
1035.130841	-19.930813
1035.488377	-19.875791
1035.846160	-19.860440
1036.204190	-19.883629
1036.562468	-19.892124
1036.920994	-19.850362
1037.279768	-19.790045
1037.638790	-19.767454
1037.998061	-19.788229
1038.357581	-19.799733
1038.717350	-19.760628
1039.077368	-19.697865
1039.437636	-19.670244
1039.798154	-19.689185
1040.158922	-19.703469
1040.519940	-19.667389
1040.881209	-19.604110
1041.242729	-19.574092
1041.604501	-19.593377
1041.966524	-19.611469
1042.328798	-19.578779
1042.691325	-19.515864
1043.054103	-19.484887
1043.417135	-19.505131
1043.780419	-19.527232
1044.143956	-19.499101
1044.507746	-19.438743
1044.871791	-19.408317
1045.236088	-19.428981
1045.600641	-19.453259
1045.965447	-19.429569
1046.330508	-19.374118
1046.695824	-19.347182
1047.061395	-19.368533
1047.427222	-19.391889
1047.793304	-19.369306
1048.159642	-19.318946
1048.526237	-19.298220
1048.893088	-19.321860
1049.260196	-19.342134
1049.627561	-19.316490
1049.995183	-19.268922
1050.363063	-19.254584
1050.731201	-19.281106
1051.099597	-19.297638
1051.468251	-19.266944
1051.837164	-19.219511
1052.206336	-19.208847
1052.575767	-19.235592
1052.945458	-19.247119
1053.315409	-19.212102
1053.685619	-19.165460
1054.056090	-19.156114
1054.426821	-19.178216
1054.797814	-19.181475
1055.169067	-19.143604
1055.540582	-19.100879
1055.912359	-19.092522
1056.284398	-19.105229
1056.656698	-19.095831
1057.029262	-19.055252
1057.402088	-19.019272
1057.775177	-19.012372
1058.148530	-19.012941
1058.522146	-18.988842
1058.896027	-18.946584
1059.270171	-18.918849
1059.644580	-18.912934
1060.019254	-18.900611
1060.394193	-18.863912
1060.769397	-18.823568
1061.144867	-18.805007
1061.520602	-18.797911
1061.896604	-18.772561
1062.272872	-18.728187
1062.649407	-18.695040
1063.026210	-18.686107
1063.403279	-18.675270
1063.780616	-18.638189
1064.158221	-18.592531
1064.536094	-18.571624
1064.914235	-18.571221
1065.292645	-18.554317
1065.671325	-18.508958
1066.050273	-18.469352
1066.429491	-18.463000
1066.808979	-18.467050
1067.188738	-18.441883
1067.568766	-18.394014
1067.949066	-18.367395
1068.329636	-18.374882
1068.710478	-18.377185
1069.091592	-18.343413
1069.472977	-18.300791
1069.854635	-18.292400
1070.236565	-18.309338
1070.618768	-18.303772
1071.001243	-18.264470
1071.383993	-18.235386
1071.767016	-18.246088
1072.150313	-18.264587
1072.533884	-18.247014
1072.917730	-18.208232
1073.301850	-18.198290
1073.686246	-18.222391
1074.070917	-18.232176
1074.455864	-18.202422
1074.841087	-18.172188
1075.226586	-18.181293
1075.612362	-18.206680
1075.998415	-18.199047
1076.384745	-18.162833
1076.771353	-18.148169
1077.158238	-18.168953
1077.545401	-18.181096
1077.932843	-18.154446
1078.320564	-18.122049
1078.708564	-18.124183
1079.096842	-18.142844
1079.485401	-18.132400
1079.874240	-18.095339
1080.263358	-18.076748
1080.652757	-18.088249
1081.042438	-18.090354
1081.432399	-18.059450
1081.822641	-18.026946
1082.213166	-18.024032
1082.603972	-18.029576
1082.995061	-18.007770
1083.386433	-17.969980
1083.778087	-17.952996
1084.170025	-17.954736
1084.562246	-17.938879
1084.954751	-17.899889
1085.347541	-17.872450
1085.740615	-17.868539
1086.133973	-17.855745
1086.527617	-17.815592
1086.921546	-17.778721
1087.315761	-17.770246
1087.710262	-17.762621
1088.105050	-17.723202
1088.500124	-17.675252
1088.895485	-17.659676
1089.291134	-17.661408
1089.687070	-17.631389
1090.083294	-17.574331
1090.479806	-17.544741
1090.876607	-17.553118
1091.273696	-17.543669
1091.671075	-17.488989
1092.068744	-17.441451
1092.466702	-17.444535
1092.864950	-17.457396
1093.263489	-17.421514
1093.662319	-17.362963
1094.061440	-17.348234
1094.460852	-17.370993
1094.860555	-17.362378
1095.260551	-17.308708
1095.660840	-17.273976
1096.061421	-17.288596
1096.462295	-17.300130
1096.863462	-17.264477
1097.264923	-17.219628
1097.666678	-17.215835
1098.068727	-17.231317
1098.471071	-17.215092
1098.873710	-17.174074
1099.276644	-17.154549
1099.679874	-17.160782
1100.083400	-17.155088
1100.487222	-17.126179
1100.891340	-17.101890
1101.295756	-17.095477
1101.700468	-17.088681
1102.105478	-17.070581
1102.510787	-17.052344
1102.916393	-17.039727
1103.322298	-17.025600
1103.728502	-17.010802
1104.135005	-17.002556
1104.541807	-16.993370
1104.948909	-16.972848
1105.356312	-16.953033
1105.764015	-16.950196
1106.172019	-16.949891
1106.580324	-16.928487
1106.988931	-16.899520
1107.397840	-16.893676
1107.807051	-16.901418
1108.216564	-16.885149
1108.626380	-16.847883
1109.036500	-16.831744
1109.446923	-16.842015
1109.857649	-16.833975
1110.268680	-16.792509
1110.680016	-16.762795
1111.091657	-16.769403
1111.503602	-16.769858
1111.915854	-16.729723
1112.328411	-16.688027
1112.741275	-16.687450
1113.154445	-16.695491
1113.567922	-16.662083
1113.981706	-16.613700
1114.395798	-16.605701
1114.810198	-16.619732
1115.224906	-16.596359
1115.639923	-16.547452
1116.055249	-16.534527
1116.470884	-16.552943
1116.886829	-16.540567
1117.303084	-16.496593
1117.719650	-16.482793
1118.136526	-16.504370
1118.553713	-16.501230
1118.971212	-16.464798
1119.389022	-16.453241
1119.807145	-16.476110
1120.225580	-16.477520
1120.644328	-16.447259
1121.063389	-16.438815
1121.482763	-16.460660
1121.902452	-16.461407
1122.322454	-16.433874
1122.742771	-16.427218
1123.163404	-16.445136
1123.584351	-16.440085
1124.005614	-16.411025
1124.427193	-16.403358
1124.849089	-16.414229
1125.271301	-16.399875
1125.693830	-16.366483
1126.116677	-16.355832
1126.539842	-16.358055
1126.963324	-16.333112
1127.387126	-16.294306
1127.811246	-16.279836
1128.235685	-16.273476
1128.660444	-16.238765
1129.085522	-16.195819
1129.510922	-16.179748
1129.936641	-16.167717
1130.362682	-16.126568
1130.789044	-16.083288
1131.215728	-16.069286
1131.642734	-16.054484
1132.070063	-16.009960
1132.497714	-15.970313
1132.925689	-15.961389
1133.353987	-15.945251
1133.782610	-15.900300
1134.211556	-15.868579
1134.640827	-15.866426
1135.070424	-15.849012
1135.500345	-15.806483
1135.930593	-15.785820
1136.361166	-15.789393
1136.792067	-15.769435
1137.223294	-15.731370
1137.654848	-15.722202
1138.086730	-15.728304
1138.518940	-15.704008
1138.951479	-15.670662
1139.384346	-15.670897
1139.817543	-15.675717
1140.251069	-15.644985
1140.684925	-15.615034
1141.119111	-15.621722
1141.553628	-15.621004
1141.988475	-15.581136
1142.423655	-15.554083
1142.859166	-15.565132
1143.295009	-15.554150
1143.731185	-15.503880
1144.167694	-15.482120
1144.604536	-15.494364
1145.041711	-15.466690
1145.479221	-15.408773
1145.917065	-15.396819
1146.355245	-15.403520
1146.793759	-15.355603
1147.232609	-15.299976
1147.671795	-15.299636
1148.111317	-15.291304
1148.551177	-15.228172
1148.991373	-15.186555
1149.431907	-15.191504
1149.872779	-15.162913
1150.313989	-15.098867
1150.755538	-15.075975
1151.197426	-15.075935
1151.639653	-15.033344
1152.082220	-14.981639
1152.525128	-14.971390
1152.968376	-14.962588
1153.411966	-14.918716
1153.855897	-14.881278
1154.300169	-14.876783
1154.744784	-14.865628
1155.189742	-14.825905
1155.635042	-14.797919
1156.080687	-14.801849
1156.526674	-14.792114
1156.973007	-14.751564
1157.419683	-14.736264
1157.866705	-14.753001
1158.314072	-14.734718
1158.761786	-14.694556
1159.209845	-14.703484
1159.658251	-14.720850
1160.107004	-14.684800
1160.556104	-14.663690
1161.005553	-14.692854
1161.455349	-14.687086
1161.905494	-14.648586
1162.355989	-14.659693
1162.806832	-14.679172
1163.258026	-14.649327
1163.709570	-14.637326
1164.161464	-14.659527
1164.613710	-14.647281
1165.066307	-14.625629
1165.519256	-14.638219
1165.972558	-14.635012
1166.426212	-14.613241
1166.880219	-14.619359
1167.334580	-14.617904
1167.789295	-14.593470
1168.244364	-14.597178
1168.699788	-14.600376
1169.155567	-14.569151
1169.611702	-14.565642
1170.068193	-14.579393
1170.525041	-14.546231
1170.982245	-14.526656
1171.439807	-14.549069
1171.897726	-14.525415
1172.356004	-14.486823
1172.814640	-14.507427
1173.273635	-14.502272
1173.732989	-14.451175
1174.192703	-14.457901
1174.652778	-14.472070
1175.113213	-14.420731
1175.574009	-14.406522
1176.035167	-14.432775
1176.496687	-14.392931
1176.958569	-14.358097
1177.420814	-14.385370
1177.883422	-14.363825
1178.346394	-14.315157
1178.809730	-14.333851
1179.273430	-14.330881
1179.737496	-14.277174
1180.201927	-14.281702
1180.666723	-14.293405
1181.131886	-14.242415
1181.597416	-14.231045
1182.063312	-14.252221
1182.529576	-14.209882
1182.996209	-14.183116
1183.463209	-14.207677
1183.930579	-14.178161
1184.398317	-14.138523
1184.866426	-14.160412
1185.334904	-14.146071
1185.803754	-14.097760
1186.272974	-14.111386
1186.742566	-14.112231
1187.212529	-14.060604
1187.682865	-14.061383
1188.153574	-14.075499
1188.624656	-14.027099
1189.096112	-14.012107
1189.567942	-14.034881
1190.040147	-13.996358
1190.512726	-13.965532
1190.985681	-13.990139
1191.459012	-13.966755
1191.932720	-13.923620
1192.406804	-13.942370
1192.881265	-13.936049
1193.356104	-13.886956
1193.831322	-13.893317
1194.306918	-13.902168
1194.782893	-13.855204
1195.259248	-13.845503
1195.735982	-13.863706
1196.213097	-13.826404
1196.690593	-13.801234
1197.168471	-13.820902
1197.646730	-13.798018
1198.125371	-13.762228
1198.604395	-13.775940
1199.083803	-13.767940
1199.563594	-13.728537
1200.043769	-13.731539
1200.524329	-13.735292
1201.005273	-13.699462
1201.486604	-13.690695
1201.968320	-13.700605
1202.450422	-13.673173
1202.932912	-13.654758
1203.415789	-13.665125
1203.899054	-13.647979
1204.382707	-13.623903
1204.866748	-13.630272
1205.351179	-13.622516
1205.836000	-13.597089
1206.321211	-13.597071
1206.806812	-13.596026
1207.292805	-13.572991
1207.779189	-13.566337
1208.265965	-13.568616
1208.753134	-13.550305
1209.240696	-13.538150
1209.728651	-13.540342
1210.217000	-13.527507
1210.705744	-13.512092
1211.194883	-13.511603
1211.684417	-13.503325
1212.174347	-13.486809
1212.664673	-13.482180
1213.155396	-13.476604
1213.646516	-13.460715
1214.138034	-13.451745
1214.629951	-13.446858
1215.122266	-13.432533
1215.614980	-13.419759
1216.108095	-13.413773
1216.601609	-13.401185
1217.095524	-13.385816
1217.589841	-13.377816
1218.084559	-13.366597
1218.579679	-13.349517
1219.075202	-13.339066
1219.571128	-13.328712
1220.067458	-13.310632
1220.564191	-13.297824
1221.061330	-13.287949
1221.558874	-13.269082
1222.056823	-13.253895
1222.555178	-13.244292
1223.053940	-13.224933
1223.553109	-13.207580
1224.052686	-13.198365
1224.552671	-13.178915
1225.053065	-13.159488
1225.553867	-13.150763
1226.055079	-13.131697
1226.556702	-13.110351
1227.058735	-13.102215
1227.561179	-13.084020
1228.064035	-13.060789
1228.567303	-13.053083
1229.070983	-13.036206
1229.575077	-13.011361
1230.079585	-13.003977
1230.584506	-12.988875
1231.089842	-12.962864
1231.595594	-12.955579
1232.101761	-12.942455
1232.608345	-12.915780
1233.115345	-12.908611
1233.622762	-12.897564
1234.130597	-12.870729
1234.638851	-12.863690
1235.147523	-12.854571
1235.656615	-12.828074
1236.166126	-12.821358
1236.676058	-12.813997
1237.186411	-12.788162
1237.697185	-12.781919
1238.208381	-12.775939
1238.719999	-12.750966
1239.232040	-12.745612
1239.744505	-12.740861
1240.257394	-12.716955
1240.770708	-12.712845
1241.284446	-12.709073
1241.798610	-12.686344
1242.313201	-12.683834
1242.828218	-12.680848
1243.343662	-12.659356
1243.859534	-12.658536
1244.375834	-12.656019
1244.892563	-12.635979
1245.409721	-12.637215
1245.927309	-12.635031
1246.445327	-12.616742
1246.963777	-12.620278
1247.482657	-12.618128
1248.001970	-12.601852
1248.521716	-12.607771
1249.041894	-12.605222
1249.562506	-12.591211
1250.083553	-12.599546
1250.605034	-12.596289
1251.126950	-12.584845
1251.649302	-12.595491
1252.172091	-12.591199
1252.695316	-12.582605
1253.218979	-12.595197
1253.743079	-12.589551
1254.267619	-12.584105
1254.792597	-12.598090
1255.318015	-12.591036
1255.843874	-12.589124
1256.370173	-12.603689
1256.896913	-12.595147
1257.424095	-12.596902
1257.951720	-12.611067
1258.479787	-12.601347
1259.008298	-12.606934
1259.537254	-12.619635
1260.066654	-12.609371
1260.596499	-12.618960
1261.126790	-12.629379
1261.657527	-12.619532
1262.188711	-12.632721
1262.720342	-12.639772
1263.252422	-12.631353
1263.784950	-12.647466
1264.317928	-12.650622
1264.851355	-12.644839
1265.385232	-12.662647
1265.919560	-12.661750
1266.454340	-12.659810
1266.989572	-12.677743
1267.525256	-12.672957
1268.061394	-12.675377
1268.597985	-12.691370
1269.135031	-12.683626
1269.672531	-12.690636
1270.210487	-12.702635
1270.748899	-12.693288
1271.287768	-12.704041
1271.827094	-12.710306
1272.366877	-12.701168
1272.907119	-12.714033
1273.447820	-12.713559
1273.988981	-12.706458
1274.530601	-12.719225
1275.072683	-12.712299
1275.615226	-12.708660
1276.158230	-12.718478
1276.701697	-12.706338
1277.245627	-12.706582
1277.790021	-12.710841
1278.334879	-12.695923
1278.880202	-12.699262
1279.425991	-12.696180
1279.972245	-12.681354
1280.518966	-12.685702
1281.066155	-12.674917
1281.613811	-12.662707
1282.161936	-12.665081
1282.710529	-12.648092
1283.259593	-12.639974
1283.809126	-12.637349
1284.359131	-12.616959
1284.909607	-12.612500
1285.460555	-12.602727
1286.011976	-12.582470
1286.563870	-12.579537
1287.116237	-12.562508
1287.669080	-12.545657
1288.222397	-12.540937
1288.776191	-12.518514
1289.330460	-12.506255
1289.885207	-12.496328
1290.440431	-12.471960
1290.996133	-12.463290
1291.552314	-12.446533
1292.108975	-12.424218
1292.666115	-12.416162
1293.223737	-12.393234
1293.781839	-12.375498
1294.340424	-12.364271
1294.899491	-12.338365
1295.459041	-12.325439
1296.019075	-12.308517
1296.579593	-12.283972
1297.140597	-12.273304
1297.702086	-12.250500
1298.264061	-12.230538
1298.826524	-12.218253
1299.389474	-12.192535
1299.952912	-12.178141
1300.516839	-12.161370
1301.081255	-12.137246
1301.646162	-12.126183
1302.211559	-12.104469
1302.777448	-12.085491
1303.343829	-12.073682
1303.910702	-12.049869
1304.478069	-12.036914
1305.045930	-12.021263
1305.614285	-11.999869
1306.183136	-11.990354
1306.752483	-11.970664
1307.322326	-11.955117
1307.892666	-11.944835
1308.463504	-11.924181
1309.034841	-11.914429
1309.606677	-11.900160
1310.179012	-11.882810
1310.751849	-11.875397
1311.325186	-11.857828
1311.899025	-11.846648
1312.473366	-11.837420
1313.048211	-11.820373
1313.623559	-11.813934
1314.199412	-11.800557
1314.775770	-11.788016
1315.352634	-11.782040
1315.930004	-11.766756
1316.507881	-11.760061
1317.086266	-11.750902
1317.665159	-11.738169
1318.244562	-11.734304
1318.824474	-11.721906
1319.404897	-11.714852
1319.985831	-11.709395
1320.567276	-11.697574
1321.149234	-11.694830
1321.731706	-11.685658
1322.314691	-11.678450
1322.898190	-11.675813
1323.482205	-11.665780
1324.066736	-11.663896
1324.651783	-11.658085
1325.237347	-11.651428
1325.823430	-11.650816
1326.410031	-11.642780
1326.997151	-11.641373
1327.584791	-11.638234
1328.172952	-11.632541
1328.761634	-11.633558
1329.350839	-11.627688
1329.940566	-11.626900
1330.530817	-11.625924
1331.121592	-11.621319
1331.712891	-11.623491
1332.304716	-11.619451
1332.897068	-11.619247
1333.489946	-11.619814
1334.083352	-11.616292
1334.677287	-11.619457
1335.271750	-11.617060
1335.866744	-11.617734
1336.462268	-11.619567
1337.058323	-11.617072
1337.654910	-11.620876
1338.252029	-11.619645
1338.849682	-11.621143
1339.447869	-11.623998
1340.046591	-11.622656
1340.645848	-11.627253
1341.245641	-11.626993
1341.845972	-11.629402
1342.446840	-11.632938
1343.048246	-11.632570
1343.650191	-11.637777
1344.252677	-11.638160
1344.855702	-11.641399
1345.459269	-11.645483
1346.063379	-11.646193
1346.668030	-11.652109
1347.273226	-11.653137
1347.878965	-11.657215
1348.485250	-11.661465
1349.092080	-11.663082
1349.699456	-11.669558
1350.307380	-11.671255
1350.915851	-11.676478
1351.524871	-11.680976
1352.134441	-11.683788
1352.744560	-11.690710
1353.355231	-11.693048
1353.966453	-11.699325
1354.578227	-11.703829
1355.190555	-11.707904
1355.803436	-11.715150
1356.416872	-11.718374
1357.030863	-11.725853
1357.645411	-11.730422
1358.260515	-11.735896
1358.876177	-11.743082
1359.492397	-11.747211
1360.109176	-11.755612
1360.726516	-11.760410
1361.344416	-11.767533
1361.962877	-11.774644
1362.581901	-11.780169
1363.201487	-11.789164
1363.821637	-11.794437
1364.442352	-11.803025
1365.063632	-11.809899
1365.685478	-11.817003
1366.307891	-11.826190
1366.930871	-11.832395
1367.554420	-11.842139
1368.178538	-11.848952
1368.803226	-11.857578
1369.428485	-11.866442
1370.054315	-11.873806
1370.680717	-11.883980
1371.307693	-11.890998
1371.935242	-11.901053
1372.563366	-11.909538
1373.192065	-11.918534
1373.821341	-11.928657
1374.451193	-11.936463
1375.081623	-11.947401
1375.712632	-11.955776
1376.344221	-11.966625
1376.976389	-11.976602
1377.609139	-11.986214
1378.242470	-11.997584
1378.876384	-12.006781
1379.510881	-12.019104
1380.145963	-12.029065
1380.781629	-12.040922
1381.417881	-12.052342
1382.054720	-12.063460
1382.692147	-12.076561
1383.330161	-12.087316
1383.968765	-12.100792
1384.607959	-12.112024
1385.247743	-12.125300
1385.888119	-12.138194
1386.529087	-12.150751
1387.170648	-12.164733
1387.812804	-12.176587
1388.455554	-12.191195
1389.098899	-12.203624
1389.742842	-12.217953
1390.387381	-12.231253
1391.032519	-12.244612
1391.678256	-12.259166
1392.324592	-12.272012
1392.971529	-12.287080
1393.619068	-12.299635
1394.267208	-12.314488
1394.915952	-12.328022
1395.565300	-12.342410
1396.215253	-12.356881
1396.865812	-12.370165
1397.516977	-12.385364
1398.168749	-12.398500
1398.821130	-12.414021
1399.474120	-12.427165
1400.127719	-12.441922
1400.781930	-12.455866
1401.436752	-12.470048
1402.092186	-12.484837
1402.748234	-12.497979
1403.404897	-12.513073
1404.062174	-12.526105
1404.720067	-12.541476
1405.378577	-12.554712
1406.037705	-12.569348
1406.697451	-12.583183
1407.357817	-12.597188
1408.018803	-12.611720
1408.680410	-12.624703
1409.342639	-12.639515
1410.005492	-12.652261
1410.668968	-12.667192
1411.333068	-12.679674
1411.997795	-12.693683
1412.663147	-12.706608
1413.329127	-12.720311
1413.995736	-12.733939
1414.662973	-12.746463
1415.330840	-12.760133
1415.999339	-12.772076
1416.668469	-12.785914
1417.338232	-12.797260
1418.008628	-12.810374
1418.679659	-12.821673
1419.351325	-12.834379
1420.023628	-12.846011
1420.696568	-12.857745
1421.370145	-12.869820
1422.044362	-12.881180
1422.719219	-12.893659
1423.394717	-12.904355
1424.070856	-12.916888
1424.747638	-12.927727
1425.425064	-12.940066
1426.103134	-12.950464
1426.781850	-12.961860
1427.461212	-12.972513
1428.141221	-12.983368
1428.821878	-12.993837
1429.503185	-13.003506
1430.185141	-13.014163
1430.867749	-13.023749
1431.551008	-13.034752
1432.234920	-13.044179
1432.919486	-13.055719
1433.604707	-13.066004
1434.290583	-13.077978
1434.977116	-13.088779
1435.664307	-13.101013
1436.352156	-13.112678
1437.040664	-13.124613
1437.729833	-13.136185
1438.419663	-13.147412
1439.110156	-13.159009
1439.801312	-13.169192
1440.493132	-13.180197
1441.185617	-13.189957
1441.878768	-13.201467
1442.572586	-13.211307
1443.267072	-13.223145
1443.962228	-13.234172
1444.658053	-13.248015
1445.354549	-13.261112
1446.051717	-13.276352
1446.749558	-13.291440
1447.448073	-13.308329
1448.147263	-13.324874
1448.847128	-13.341934
1449.547671	-13.358757
1450.248891	-13.374899
1450.950789	-13.390349
1451.653368	-13.404117
1452.356627	-13.417577
1453.060568	-13.428534
1453.765192	-13.439188
1454.470500	-13.447589
1455.176492	-13.457017
1455.883170	-13.464234
1456.590534	-13.472941
1457.298586	-13.480600
1458.007327	-13.491396
1458.716758	-13.501559
1459.426880	-13.514849
1460.137693	-13.528102
1460.849199	-13.544783
1461.561398	-13.561007
1462.274293	-13.579652
1462.987883	-13.597021
1463.702170	-13.615154
1464.417155	-13.630319
1465.132838	-13.644642
1465.849222	-13.654708
1466.566306	-13.661573
1467.284093	-13.662614
1468.002582	-13.659807
1468.721775	-13.651000
1469.441674	-13.637399
1470.162278	-13.618189
1470.883590	-13.595364
1471.605609	-13.568255
1472.328338	-13.538429
1473.051777	-13.506310
1473.775928	-13.473328
1474.500790	-13.439546
1475.226367	-13.406231
1475.952657	-13.373819
1476.679663	-13.342507
1477.407386	-13.312419
1478.135826	-13.283816
1478.864985	-13.256419
1479.594863	-13.229247
1480.325463	-13.202045
1481.056784	-13.173850
1481.788828	-13.143485
1482.521597	-13.109225
1483.255090	-13.070257
1483.989309	-13.024518
1484.724256	-12.970602
1485.459931	-12.906816
1486.196336	-12.832468
1486.933471	-12.746019
1487.671337	-12.647743
1488.409937	-12.537881
1489.149270	-12.417680
1489.889337	-12.288504
1490.630141	-12.153374
1491.371682	-12.014991
1492.113961	-11.876412
1492.856979	-11.740863
1493.600738	-11.611631
1494.345238	-11.491475
1495.090481	-11.382808
1495.836467	-11.287720
1496.583198	-11.206947
1497.330675	-11.141595
1498.078899	-11.091283
1498.827872	-11.055689
1499.577593	-11.032328
1500.328065	-11.020409
1501.079289	-11.016282
1501.831265	-11.017900
1502.583995	-11.020253
1503.337480	-11.021155
1504.091721	-11.014751
1504.846719	-10.998837
1505.602475	-10.967402
1506.358991	-10.918767
1507.116268	-10.848138
1507.874306	-10.755586
1508.633108	-10.637841
1509.392673	-10.496901
1510.153004	-10.332790
1510.914101	-10.149581
1511.675965	-9.949578
1512.438599	-9.738612
1513.202002	-9.521510
1513.966176	-9.304779
1514.731122	-9.094623
1515.496842	-8.897253
1516.263336	-8.719817
1517.030607	-8.568334
1517.798654	-8.450002
1518.567479	-8.369988
1519.337083	-8.336275
1520.107468	-8.353959
1520.878634	-8.431272
1521.650584	-8.574127
1522.423317	-8.792174
1523.196836	-9.093464
1523.971141	-9.490828
1524.746233	-9.996852
1525.522115	-10.631000
1526.298786	-11.417240
1527.076249	-12.390763
1527.854504	-13.603248
1528.633553	-15.138148
1529.413397	-17.140954
1530.194037	-19.903431
1530.975474	-24.172049
1531.757709	-33.094554
1532.540745	-33.523903
1533.324581	-24.233696
1534.109220	-19.827571
1534.894662	-16.966658
1535.680909	-14.880552
1536.467961	-13.272626
1537.255821	-11.993568
1538.044489	-10.961610
1538.833967	-10.124583
1539.624256	-9.448558
1540.415357	-8.910040
1541.207271	-8.491922
1542.000000	-8.180869
1542.793545	-7.966812
1543.587907	-7.841155
1544.383087	-7.795631
1545.179088	-7.823525
1545.975909	-7.916713
1546.773552	-8.067923
1547.572019	-8.267492
1548.371311	-8.505572
1549.171428	-8.770389
1549.972373	-9.049070
1550.774147	-9.326347
1551.576751	-9.588499
1552.380185	-9.820697
1553.184453	-10.011774
1553.989554	-10.154001
1554.795490	-10.244292
1555.602263	-10.285961
1556.409873	-10.284927
1557.218322	-10.251822
1558.027612	-10.197303
1558.837743	-10.132478
1559.648717	-10.067177
1560.460536	-10.010045
1561.273200	-9.966240
1562.086710	-9.941941
1562.901069	-9.939230
1563.716278	-9.960587
1564.532337	-10.007062
1565.349249	-10.078485
1566.167014	-10.176124
1566.985634	-10.297849
1567.805111	-10.444352
1568.625444	-10.614380
1569.446637	-10.807111
1570.268690	-11.021702
1571.091605	-11.256738
1571.915382	-11.511326
1572.740024	-11.783746
1573.565532	-12.072083
1574.391907	-12.373821
1575.219150	-12.686970
1576.047262	-13.007035
1576.876246	-13.331143
1577.706103	-13.653392
1578.536833	-13.968586
1579.368439	-14.271698
1580.200922	-14.553491
1581.034282	-14.809530
1581.868522	-15.031121
1582.703643	-15.212814
1583.539646	-15.350807
1584.376532	-15.439152
1585.214304	-15.480158
1586.052962	-15.472928
1586.892508	-15.421109
1587.732943	-15.330650
1588.574269	-15.205120
1589.416487	-15.053729
1590.259599	-14.880922
1591.103605	-14.693065
1591.948508	-14.496519
1592.794309	-14.294383
1593.641009	-14.092618
1594.488609	-13.892506
1595.337112	-13.697401
1596.186518	-13.509578
1597.036829	-13.329042
1597.888047	-13.158171
1598.740172	-12.995667
1599.593207	-12.842872
1600.447153	-12.699031
1601.302010	-12.563280
1602.157782	-12.436122
1603.014469	-12.315240
1603.872072	-12.201593
1604.730593	-12.092821
1605.590034	-11.988772
1606.450397	-11.889340
1607.311681	-11.793464
1608.173890	-11.702176
1609.037024	-11.613675
1609.901085	-11.530047
1610.766075	-11.450015
1611.631995	-11.374475
1612.498846	-11.304330
1613.366630	-11.239349
1614.235349	-11.181379
1615.105004	-11.128673
1615.975596	-11.083808
1616.847128	-11.044910
1617.719600	-11.012807
1618.593014	-10.987387
1619.467372	-10.967317
1620.342675	-10.953752
1621.218924	-10.944192
1622.096122	-10.939662
1622.974270	-10.937982
1623.853369	-10.939411
1624.733420	-10.942258
1625.614427	-10.946325
1626.496389	-10.950639
1627.379308	-10.954461
1628.263187	-10.957853
1629.148026	-10.959654
1630.033828	-10.961290
1630.920593	-10.961076
1631.808324	-10.961532
1632.697022	-10.961086
1633.586688	-10.962091
1634.477324	-10.963897
1635.368932	-10.967616
1636.261514	-10.973391
1637.155070	-10.981539
1638.049602	-10.992442
1638.945113	-11.005369
1639.841603	-11.021432
1640.739075	-11.038917
1641.637529	-11.059213
1642.536968	-11.080144
1643.437393	-11.103449
1644.338806	-11.126518
1645.241209	-11.151342
1646.144602	-11.175610
1647.048988	-11.200811
1647.954368	-11.225305
1648.860744	-11.250278
1649.768118	-11.274322
1650.676491	-11.298483
1651.585865	-11.321913
1652.496241	-11.345125
1653.407621	-11.368042
1654.320008	-11.390734
1655.233401	-11.413611
1656.147804	-11.436280
1657.063218	-11.459606
1657.979645	-11.482812
1658.897085	-11.507134
1659.815542	-11.531331
1660.735016	-11.556819
1661.655509	-11.582031
1662.577023	-11.608449
1663.499560	-11.634151
1664.423121	-11.660953
1665.347709	-11.686642
1666.273324	-11.713190
1667.199969	-11.738615
1668.127645	-11.764955
1669.056353	-11.790173
1669.986097	-11.816420
1670.916877	-11.841491
1671.848695	-11.867664
1672.781553	-11.893047
1673.715452	-11.919645
1674.650395	-11.945857
1675.586383	-11.973421
1676.523418	-12.000705
1677.461501	-12.029194
1678.400635	-12.057692
1679.340821	-12.087111
1680.282061	-12.116983
1681.224357	-12.147636
1682.167710	-12.179056
1683.112122	-12.210735
1684.057595	-12.243425
1685.004132	-12.275520
1685.951732	-12.308814
1686.900400	-12.341165
1687.850135	-12.375235
1688.800940	-12.408122
1689.752818	-12.443391
1690.705768	-12.477282
1691.659795	-12.513850
1692.614898	-12.549109
1693.571081	-12.587122
1694.528345	-12.623991
1695.486691	-12.663062
1696.446122	-12.701345
1697.406640	-12.740631
1698.368245	-12.779772
1699.330941	-12.819100
1700.294729	-12.859490
1701.259611	-12.899074
1702.225588	-12.940766
1703.192664	-12.980841
1704.160838	-13.023665
1705.130114	-13.064776
1706.100493	-13.108414
1707.071977	-13.150507
1708.044568	-13.193822
1709.018268	-13.236369
1709.993079	-13.278644
1710.969003	-13.321609
1711.946041	-13.363037
1712.924196	-13.406586
1713.903469	-13.447839
1714.883862	-13.491534
1715.865378	-13.533480
1716.848017	-13.576816
1717.831783	-13.619834
1718.816677	-13.662417
1719.802701	-13.706266
1720.789857	-13.748036
1721.778147	-13.792169
1722.767573	-13.834060
1723.758136	-13.878042
1724.749840	-13.921549
1725.742685	-13.965461
1726.736673	-14.011329
1727.731808	-14.055844
1728.728090	-14.103421
1729.725521	-14.149363
1730.724105	-14.197287
1731.723842	-14.245179
1732.724735	-14.292681
1733.726785	-14.342319
1734.729995	-14.389970
1735.734366	-14.440156
1736.739902	-14.489288
1737.746603	-14.538745
1738.754472	-14.589707
1739.763510	-14.638520
1740.773721	-14.689717
1741.785105	-14.738883
1742.797665	-14.788227
1743.811403	-14.837999
1744.826321	-14.885376
1745.842422	-14.934696
1746.859706	-14.981702
1747.878177	-15.028882
1748.897835	-15.076331
1749.918685	-15.121067
1750.940726	-15.167634
1751.963963	-15.211793
1752.988395	-15.255442
1754.014027	-15.300264
1755.040860	-15.341761
1756.068895	-15.385488
1757.098135	-15.427259
1758.128583	-15.467683
1759.160240	-15.509835
1760.193109	-15.548630
1761.227191	-15.588368
1762.262488	-15.627936
1763.299004	-15.663927
1764.336740	-15.702302
1765.375697	-15.737484
1766.415880	-15.771512
1767.457288	-15.806870
1768.499926	-15.837758
1769.543794	-15.869161
1770.588895	-15.899713
1771.635231	-15.925642
1772.682805	-15.953419
1773.731619	-15.977879
1774.781674	-15.999847
1775.832973	-16.023431
1776.885519	-16.042740
1777.939312	-16.060844
1778.994357	-16.079419
1780.050654	-16.092735
1781.108207	-16.106027
1782.167017	-16.118278
1783.227087	-16.125800
1784.288418	-16.134276
1785.351013	-16.141327
1786.414875	-16.144764
1787.480006	-16.149878
1788.546407	-16.152937
1789.614082	-16.152893
1790.683032	-16.153915
1791.753259	-16.152620
1792.824767	-16.148336
1793.897557	-16.145303
1794.971632	-16.140261
1796.046994	-16.132797
1797.123645	-16.126904
1798.201588	-16.119946
1799.280824	-16.110262
1800.361357	-16.102146
1801.443188	-16.092663
1802.526320	-16.079949
1803.610756	-16.068420
1804.696497	-16.056357
1805.783546	-16.041170
1806.871906	-16.026701
1807.961578	-16.013218
1809.052565	-15.995645
1810.144870	-15.978934
1811.238494	-15.962717
1812.333441	-15.943265
1813.429713	-15.922167
1814.527311	-15.903192
1815.626239	-15.880710
1816.726499	-15.856195
1817.828094	-15.833601
1818.931025	-15.809143
1820.035295	-15.781827
1821.140906	-15.755399
1822.247862	-15.729284
1823.356165	-15.698998
1824.465816	-15.668190
1825.576819	-15.638814
1826.689175	-15.606616
1827.802888	-15.572945
1828.917960	-15.540440
1830.034394	-15.508005
1831.152191	-15.472385
1832.271354	-15.437428
1833.391887	-15.403345
1834.513790	-15.367484
1835.637068	-15.329919
1836.761722	-15.292905
1837.887755	-15.256530
1839.015169	-15.218425
1840.143968	-15.179766
1841.274153	-15.143161
1842.405727	-15.106332
1843.538693	-15.068178
1844.673053	-15.029282
1845.808810	-14.992545
1846.945966	-14.955321
1848.084525	-14.916380
1849.224488	-14.878700
1850.365858	-14.842281
1851.508638	-14.806185
1852.652831	-14.767870
1853.798438	-14.730749
1854.945463	-14.695222
1856.093909	-14.658878
1857.243777	-14.620669
1858.395071	-14.583312
1859.547794	-14.547170
1860.701947	-14.510887
1861.857533	-14.472196
1863.014556	-14.435558
1864.173018	-14.399548
1865.332922	-14.364221
1866.494270	-14.327429
1867.657065	-14.291457
1868.821309	-14.256437
1869.987006	-14.222464
1871.154158	-14.188534
1872.322768	-14.154571
1873.492839	-14.121045
1874.664373	-14.088966
1875.837373	-14.056787
1877.011841	-14.024455
1878.187782	-13.990810
1879.365197	-13.958624
1880.544089	-13.926859
1881.724460	-13.895065
1882.906315	-13.863096
1884.089655	-13.830501
1885.274483	-13.799542
1886.460803	-13.768856
1887.648616	-13.737572
1888.837927	-13.705533
1890.028736	-13.673714
1891.221049	-13.643399
1892.414866	-13.614961
1893.610192	-13.585144
1894.807028	-13.556159
1896.005379	-13.526785
1897.205246	-13.498284
1898.406633	-13.469799
1899.609542	-13.440859
1900.813977	-13.412398
1902.019940	-13.383541
1903.227434	-13.354374
1904.436462	-13.325286
1905.647028	-13.297266
1906.859133	-13.269873
1908.072781	-13.240856
1909.287976	-13.211793
1910.504719	-13.182469
1911.723013	-13.155364
1912.942863	-13.129156
1914.164270	-13.102638
1915.387238	-13.075910
1916.611770	-13.049673
1917.837868	-13.023517
1919.065536	-12.998333
1920.294777	-12.973292
1921.525594	-12.949186
1922.757989	-12.926048
1923.991967	-12.903306
1925.227529	-12.880444
1926.464679	-12.857769
1927.703420	-12.835440
1928.943755	-12.814004
1930.185688	-12.793441
1931.429221	-12.773778
1932.674356	-12.755026
1933.921099	-12.736509
1935.169451	-12.718065
1936.419415	-12.698967
1937.670996	-12.680038
1938.924195	-12.662318
1940.179017	-12.645321
1941.435463	-12.629735
1942.693538	-12.613745
1943.953245	-12.597257
1945.214586	-12.580458
1946.477566	-12.563053
1947.742186	-12.546007
1949.008451	-12.528875
1950.276363	-12.512026
1951.545926	-12.495742
1952.817143	-12.480221
1954.090017	-12.465586
1955.364551	-12.451040
1956.640749	-12.435977
1957.918615	-12.420067
1959.198150	-12.403529
1960.479359	-12.387598
1961.762244	-12.372486
1963.046810	-12.358513
1964.333059	-12.345293
1965.620995	-12.332418
1966.910621	-12.319675
1968.201940	-12.307275
1969.494956	-12.294821
1970.789672	-12.281863
1972.086091	-12.268298
1973.384217	-12.253386
1974.684053	-12.237962
1975.985602	-12.222584
1977.288869	-12.208109
1978.593855	-12.195463
1979.900566	-12.184071
1981.209003	-12.173659
1982.519171	-12.164030
1983.831073	-12.155494
1985.144712	-12.148662
1986.460093	-12.143466
1987.777217	-12.139580
1989.096089	-12.136108
1990.416713	-12.132033
1991.739092	-12.127338
1993.063228	-12.121732
1994.389127	-12.115713
1995.716791	-12.109046
1997.046223	-12.101898
1998.377428	-12.094732
1999.710409	-12.087417
2001.045169	-12.080669
2002.381713	-12.073950
2003.720043	-12.067126
2005.060163	-12.060520
2006.402077	-12.054105
2007.745788	-12.048262
2009.091301	-12.043220
2010.438618	-12.038647
2011.787743	-12.034260
2013.138680	-12.030632
2014.491433	-12.027980
2015.846005	-12.026679
2017.202399	-12.025925
2018.560621	-12.025120
2019.920673	-12.024311
2021.282558	-12.023412
2022.646281	-12.023480
2024.011846	-12.024524
2025.379256	-12.026133
2026.748515	-12.027869
2028.119626	-12.029125
2029.492594	-12.030495
2030.867422	-12.032779
2032.244114	-12.035973
2033.622673	-12.039602
2035.003104	-12.043399
2036.385411	-12.047342
2037.769597	-12.051554
2039.155665	-12.056321
2040.543621	-12.061389
2041.933467	-12.066902
2043.325208	-12.072548
2044.718847	-12.078353
2046.114389	-12.084507
2047.511837	-12.090565
2048.911195	-12.096679
2050.312467	-12.103131
2051.715657	-12.110126
2053.120769	-12.117468
2054.527807	-12.124799
2055.936775	-12.132486
2057.347677	-12.141077
2058.760516	-12.151741
2060.175297	-12.164475
2061.592025	-12.178029
2063.010701	-12.191906
2064.431332	-12.205980
2065.853921	-12.220881
2067.278472	-12.237149
2068.704988	-12.253979
2070.133475	-12.270087
2071.563936	-12.284643
2072.996375	-12.298191
2074.430796	-12.311791
2075.867204	-12.325993
2077.305603	-12.340540
2078.745996	-12.355051
2080.188389	-12.369628
2081.632784	-12.384244
2083.079187	-12.399052
2084.527601	-12.413882
2085.978030	-12.428045
2087.430480	-12.441419
2088.884954	-12.453992
2090.341455	-12.466316
2091.799990	-12.479224
2093.260561	-12.493144
2094.723173	-12.508853
2096.187831	-12.526221
2097.654538	-12.544321
2099.123300	-12.562670
2100.594119	-12.581680
2102.067001	-12.602044
2103.541950	-12.623318
2105.018971	-12.644994
2106.498067	-12.667300
2107.979243	-12.690806
2109.462503	-12.716189
2110.947853	-12.743183
2112.435295	-12.770974
2113.924836	-12.799029
2115.416478	-12.827912
2116.910227	-12.858955
2118.406087	-12.892430
2119.904063	-12.927417
2121.404158	-12.962622
2122.906378	-12.997193
2124.410727	-13.031568
2125.917210	-13.066570
2127.425831	-13.102415
2128.936594	-13.138702
2130.449505	-13.174791
2131.964567	-13.210265
2133.481786	-13.244745
2135.001166	-13.278777
2136.522711	-13.312699
2138.046427	-13.345741
2139.572317	-13.377346
2141.100388	-13.407698
2142.630642	-13.437795
2144.163085	-13.468743
2145.697722	-13.500539
2147.234558	-13.532576
2148.773596	-13.565302
2150.314842	-13.600088
2151.858301	-13.637198
2153.403977	-13.675007
2154.951875	-13.712179
2156.502000	-13.749289
2158.054357	-13.788328
2159.608950	-13.830392
2161.165785	-13.874271
2162.724866	-13.918882
2164.286198	-13.964940
2165.849786	-14.012885
2167.415635	-14.062032
2168.983749	-14.111636
2170.554134	-14.161481
2172.126795	-14.212449
2173.701737	-14.265605
2175.278964	-14.320483
2176.858481	-14.375695
2178.440294	-14.430872
2180.024408	-14.486998
2181.610827	-14.544621
2183.199557	-14.603626
2184.790602	-14.664394
2186.383968	-14.727027
2187.979660	-14.790238
2189.577683	-14.852632
2191.178041	-14.913850
2192.780741	-14.973216
2194.385787	-15.028370
2195.993185	-15.078064
2197.602939	-15.124977
2199.215054	-15.172491
2200.829537	-15.220994
2202.446392	-15.270166
2204.065624	-15.322604
2205.687239	-15.380955
2207.311242	-15.443019
2208.937638	-15.506090
2210.566433	-15.570849
2212.197631	-15.637296
2213.831239	-15.704646
2215.467261	-15.775519
2217.105703	-15.852108
2218.746570	-15.932199
2220.389867	-16.015160
2222.035601	-16.104588
2223.683776	-16.199907
2225.334398	-16.295353
2226.987472	-16.388737
2228.643004	-16.480313
2230.300999	-16.567596
2231.961463	-16.649709
2233.624402	-16.726930
2235.289820	-16.797285
2236.957723	-16.862617
2238.628118	-16.926954
2240.301009	-16.989363
2241.976402	-17.051619
2243.654303	-17.117938
2245.334717	-17.186538
2247.017650	-17.258790
2248.703108	-17.338497
2250.391096	-17.421166
2252.081620	-17.506974
2253.774686	-17.600835
2255.470300	-17.697995
2257.168467	-17.797596
2258.869193	-17.902883
2260.572484	-18.009529
2262.278345	-18.119459
2263.986783	-18.233633
2265.697804	-18.345236
2267.411412	-18.458180
2269.127615	-18.574494
2270.846417	-18.688295
2272.567826	-18.799362
2274.291846	-18.905051
2276.018484	-19.007598
2277.747745	-19.108827
2279.479637	-19.200896
2281.214164	-19.288348
2282.951333	-19.373677
2284.691149	-19.454142
2286.433619	-19.533387
2288.178750	-19.610467
2289.926546	-19.691846
2291.677014	-19.778971
2293.430161	-19.869940
2295.185992	-19.967048
2296.944513	-20.064769
2298.705732	-20.171663
2300.469653	-20.286370
2302.236283	-20.403134
2304.005629	-20.525746
2305.777696	-20.652220
2307.552492	-20.793621
2309.330022	-20.939819
2311.110292	-21.086120
2312.893310	-21.239236
2314.679080	-21.396193
2316.467611	-21.553661
2318.258907	-21.696941
2320.052976	-21.834606
2321.849824	-21.963513
2323.649457	-22.084797
2325.451883	-22.194155
2327.257106	-22.292320
2329.065135	-22.389517
2330.875975	-22.487074
2332.689633	-22.594322
2334.506116	-22.702491
2336.325430	-22.821732
2338.147581	-22.943916
2339.972578	-23.066034
2341.800425	-23.178114
2343.631130	-23.290891
2345.464700	-23.403696
2347.301141	-23.516409
2349.140461	-23.629801
2350.982665	-23.756163
2352.827760	-23.892406
2354.675754	-24.034772
2356.526653	-24.180645
2358.380464	-24.332242
2360.237195	-24.488986
2362.096851	-24.647204
2363.959440	-24.802677
2365.824968	-24.959492
2367.693444	-25.120208
2369.564873	-25.285373
2371.439263	-25.447736
2373.316620	-25.614292
2375.196953	-25.781276
2377.080267	-25.943184
2378.966570	-26.091603
2380.855869	-26.248709
2382.748171	-26.402301
2384.643484	-26.555486
2386.541815	-26.697464
2388.443170	-26.848367
2390.347557	-26.989698
2392.254984	-27.128726
2394.165457	-27.258145
2396.078984	-27.386655
2397.995572	-27.512403
2399.915229	-27.639259
2401.837961	-27.762138
2403.763777	-27.873143
2405.692684	-27.985712
2407.624689	-28.089642
2409.559800	-28.210221
2411.498023	-28.330573
2413.439368	-28.453334
2415.383840	-28.587769
2417.331449	-28.739352
2419.282201	-28.901589
2421.236104	-29.061902
2423.193165	-29.250979
2425.153393	-29.445485
2427.116795	-29.639408
2429.083378	-29.843986
2431.053151	-30.050331
2433.026121	-30.262359
2435.002297	-30.461838
2436.981685	-30.663497
2438.964293	-30.873860
2440.950131	-31.073159
2442.939204	-31.269819
2444.931522	-31.460854
2446.927092	-31.648373
2448.925923	-31.820933
2450.928022	-31.981504
2452.933397	-32.155930
2454.942056	-32.307093
2456.954008	-32.439705
2458.969260	-32.590309
2460.987821	-32.722202
2463.009699	-32.834727
2465.034902	-32.951041
2467.063437	-33.058684
2469.095315	-33.168047
2471.130542	-33.274799
2473.169127	-33.363344
2475.211078	-33.452889
2477.256404	-33.551323
2479.305112	-33.658568
2481.357212	-33.783651
2483.412713	-33.907387
2485.471621	-34.046984
2487.533946	-34.232557
2489.599696	-34.429709
2491.668880	-34.648078
2493.741507	-34.912744
2495.817585	-35.173188
2497.897122	-35.423890
2499.980127	-35.716567
2502.066609	-36.019028
2504.156578	-36.284324
2506.250040	-36.561100
2508.347006	-36.850112
2510.447483	-37.087351
2512.551482	-37.321445
2514.659010	-37.588686
2516.770076	-37.810161
2518.884690	-37.986792
2521.002861	-38.204528
2523.124597	-38.398994
2525.249907	-38.515423
2527.378801	-38.652964
2529.511287	-38.785151
2531.647375	-38.850629
2533.787074	-38.915412
2535.930393	-38.997664
2538.077340	-39.025581
2540.227927	-39.033045
2542.382160	-39.081080
2544.540051	-39.087277
2546.701608	-39.079813
2548.866840	-39.141951
2551.035757	-39.209910
2553.208369	-39.268190
2555.384684	-39.414784
2557.564713	-39.587856
2559.748465	-39.757078
2561.935948	-40.029871
2564.127174	-40.332971
2566.322152	-40.638739
2568.520890	-41.004486
2570.723399	-41.421285
2572.929689	-41.823739
2575.139769	-42.238501
2577.353649	-42.657115
2579.571340	-43.007659
2581.792849	-43.424377
2584.018189	-43.881994
2586.247368	-44.230789
2588.480396	-44.619706
2590.717284	-45.029859
2592.958041	-45.320018
2595.202678	-45.650361
2597.451204	-45.895184
2599.703630	-45.983242
2601.959966	-46.060148
2604.220222	-46.130870
2606.484408	-46.040564
2608.752535	-45.920539
2611.024612	-45.869079
2613.300651	-45.667589
2615.580661	-45.473312
2617.864653	-45.363306
2620.152638	-45.122694
2622.444625	-44.987441
2624.740626	-44.950497
2627.040651	-44.875983
2629.344710	-44.894868
2631.652814	-45.022859
2633.964974	-45.172607
2636.281200	-45.389483
2638.601504	-45.733268
2640.925896	-46.025661
2643.254386	-46.408383
2645.586987	-46.971782
2647.923707	-47.389335
2650.264559	-47.880698
2652.609554	-48.485141
2654.958702	-48.920307
2657.312015	-49.432410
2659.669503	-50.126856
2662.031178	-50.808903
2664.397051	-51.567713
2666.767132	-52.490394
2669.141434	-53.306851
2671.519968	-54.258391
2673.902745	-55.276130
2676.289776	-55.809374
2678.681072	-56.276492
2681.076646	-56.231738
2683.476508	-56.073959
2685.880671	-55.679595
2688.289145	-54.860115
2690.701942	-54.227650
2693.119075	-53.576614
2695.540554	-52.678483
2697.966391	-52.155430
2700.396599	-51.805524
2702.831189	-51.336101
2705.270172	-51.270011
2707.713561	-51.142388
2710.161368	-51.012162
2712.613605	-51.303124
2715.070283	-51.492002
2717.531416	-51.654147
2719.997014	-52.045282
2722.467090	-52.373152
2724.941657	-52.644976
2727.420726	-53.101134
2729.904310	-53.321732
2732.392421	-53.664681
2734.885072	-54.096018
2737.382275	-54.448188
2739.884042	-55.092281
2742.390387	-55.602189
2744.901321	-56.484695
2747.416857	-57.880571
2749.937008	-58.905927
2752.461787	-60.298721
2754.991206	-62.484530
2757.525279	-64.317037
2760.064017	-68.432789
2762.607434	-73.989559
2765.155544	-79.721817
2767.708358	-73.050453
2770.265890	-66.824779
2772.828153	-65.311642
2775.395160	-63.050365
2777.966924	-61.325870
2780.543459	-60.412123
2783.124778	-59.365083
2785.710894	-59.421437
2788.301821	-59.574683
2790.897572	-59.175544
2793.498160	-59.407935
2796.103599	-59.825528
2798.713903	-60.146952
2801.329085	-60.262470
2803.949159	-60.063069
2806.574139	-60.335768
2809.204038	-60.096854
2811.838871	-59.377936
2814.478650	-59.282165
2817.123391	-59.497636
2819.773107	-59.767384
2822.427812	-59.561758
2825.087521	-59.805175
2827.752247	-61.030632
2830.422005	-61.738616
2833.096808	-62.048603
2835.776672	-62.831775
2838.461611	-63.878276
2841.151638	-65.994798
2843.846769	-66.254438
2846.547019	-67.557199
2849.252401	-72.083644
2851.962930	-73.537924
2854.678621	-72.136198
2857.399489	-72.551241
2860.125549	-70.358776
2862.856815	-68.665547
2865.593302	-71.622126
2868.335026	-68.927814
2871.082002	-69.376026
2873.834244	-72.926574
2876.591767	-70.482154
2879.354588	-73.337416
2882.122721	-72.660429
2884.896181	-71.435260
2887.674984	-70.694598
2890.459146	-67.848698
2893.248681	-68.118626
2896.043606	-65.761091
2898.843937	-64.951247
2901.649687	-65.683817
2904.460875	-64.329764
2907.277515	-64.542896
2910.099623	-65.841972
2912.927215	-65.174605
2915.760308	-65.454140
2918.598916	-65.590448
2921.443057	-66.683712
2924.292747	-66.976434
2927.148002	-67.095482
2930.008837	-70.627464
2932.875270	-72.569241
2935.747318	-73.179413
2938.624995	-75.909414
2941.508320	-77.196585
2944.397308	-80.589587
2947.291977	-77.365066
2950.192343	-73.640039
2953.098423	-74.759930
2956.010234	-73.991213
2958.927792	-72.784139
2961.851116	-78.357295
2964.780221	-76.182425
2967.715126	-82.852049
2970.655847	-86.897757
2973.602402	-87.956728
2976.554808	-79.963273
2979.513083	-82.850862
2982.477243	-72.965585
2985.447308	-72.444225
2988.423293	-73.923511
2991.405218	-72.353047
2994.393099	-70.582859
2997.386955	-70.791838
