# 2022-03-21_23.37.48
# shape = sech2
# FWHM_ps = 0.1
# carrier_nm = 1542
# frep_MHz = 12126
# pow_mW = 8000
# GDD = 0.0
# propa_len = 0.12555555555555556
# untap_len = 0.01
# taper_len = 0.06555555555555556
# waist_len = 0.02
# uptap_len = 0.02
# untap_scale = 1.0
# waist_scale = 0.38421052631578956
# workingDir = NL_20110305_12 (Spirou)
# axis = slow
# window_ps = 10.0
# steps = 200
# points = 21700
# 
# wavelength [nm]	 power spectral density [dB]
600.043425	-148.995766
600.163550	-149.796797
600.283723	-150.881070
600.403943	-152.298303
600.524212	-154.110852
600.644529	-156.358120
600.764895	-158.872104
600.885308	-160.694543
601.005770	-160.396032
601.126280	-158.724548
601.246839	-157.069502
601.367446	-155.839011
601.488101	-155.040442
601.608804	-154.609345
601.729557	-154.478186
601.850357	-154.580433
601.971206	-154.838232
602.092104	-155.143226
602.213050	-155.342476
602.334045	-155.263191
602.455089	-154.802543
602.576181	-154.009632
602.697322	-153.047582
602.818511	-152.087156
602.939749	-151.248531
603.061036	-150.600969
603.182372	-150.180734
603.303757	-150.005957
603.425191	-150.084583
603.546673	-150.416184
603.668204	-150.987437
603.789785	-151.759036
603.911414	-152.641405
604.033092	-153.468185
604.154820	-154.015203
604.276596	-154.126921
604.398422	-153.855171
604.520297	-153.407947
604.642220	-152.990511
604.764193	-152.733610
604.886216	-152.705563
605.008287	-152.940586
605.130408	-153.458026
605.252578	-154.272487
605.374798	-155.399309
605.497066	-156.857847
605.619385	-158.664977
605.741752	-160.754520
605.864169	-162.524664
605.986636	-162.156632
606.109152	-159.328159
606.231718	-155.969835
606.354333	-152.932243
606.476998	-150.327286
606.599712	-148.124906
606.722476	-146.283912
606.845290	-144.770574
606.968154	-143.558964
607.091067	-142.629069
607.214030	-141.964887
607.337043	-141.552537
607.460106	-141.378161
607.583219	-141.425410
607.706381	-141.672390
607.829594	-142.088295
607.952856	-142.630797
608.076169	-143.246825
608.199531	-143.880541
608.322944	-144.489928
608.446407	-145.065495
608.569920	-145.638311
608.693483	-146.271401
608.817096	-147.043223
608.940759	-148.036165
609.064473	-149.335672
609.188237	-151.038855
609.312051	-153.269121
609.435916	-156.183051
609.559831	-159.855573
609.683796	-163.342761
609.807812	-163.776142
609.931878	-162.489129
610.055995	-162.110598
610.180162	-163.427100
610.304380	-167.386100
610.428648	-169.842779
610.552967	-162.004888
610.677337	-156.681180
610.801757	-153.108783
610.926228	-150.517893
611.050750	-148.552067
611.175323	-147.012595
611.299946	-145.773437
611.424620	-144.752891
611.549345	-143.904595
611.674121	-143.212746
611.798948	-142.685106
611.923826	-142.343363
612.048755	-142.213340
612.173734	-142.316641
612.298765	-142.662481
612.423847	-143.235856
612.548980	-143.977235
612.674165	-144.755501
612.799400	-145.364538
612.924687	-145.608775
613.050025	-145.453669
613.175414	-145.043731
613.300854	-144.555304
613.426346	-144.086044
613.551889	-143.648762
613.677484	-143.211737
613.803130	-142.744423
613.928827	-142.248426
614.054576	-141.760772
614.180377	-141.334516
614.306229	-141.015764
614.432132	-140.829701
614.558087	-140.775567
614.684094	-140.826337
614.810153	-140.932146
614.936263	-141.030837
615.062425	-141.068877
615.188639	-141.026371
615.314904	-140.929307
615.441222	-140.838881
615.567591	-140.828232
615.694012	-140.963382
615.820486	-141.293765
615.947011	-141.846645
616.073588	-142.615685
616.200217	-143.533387
616.326898	-144.427616
616.453632	-145.019196
616.580417	-145.085681
616.707255	-144.693416
616.834144	-144.129592
616.961086	-143.653708
617.088081	-143.404549
617.215127	-143.428229
617.342226	-143.712771
617.469378	-144.199277
617.596581	-144.777578
617.723837	-145.289143
617.851146	-145.571770
617.978507	-145.546710
618.105920	-145.264115
618.233386	-144.848334
618.360905	-144.417197
618.488476	-144.049318
618.616100	-143.789585
618.743777	-143.661757
618.871506	-143.674186
618.999288	-143.817094
619.127123	-144.053762
619.255011	-144.310928
619.382951	-144.481021
619.510945	-144.454770
619.638991	-144.180608
619.767090	-143.698966
619.895243	-143.110870
620.023448	-142.518704
620.151706	-141.992379
620.280017	-141.566247
620.408382	-141.248653
620.536799	-141.032335
620.665270	-140.902538
620.793794	-140.843178
620.922371	-140.841644
621.051002	-140.892096
621.179686	-140.996363
621.308423	-141.161447
621.437213	-141.393049
621.566057	-141.684869
621.694954	-142.003841
621.823905	-142.275056
621.952909	-142.381628
622.081967	-142.206021
622.211079	-141.708347
622.340244	-140.965303
622.469462	-140.119383
622.598735	-139.303313
622.728061	-138.606395
622.857441	-138.077264
622.986874	-137.736683
623.116361	-137.587759
623.245903	-137.621832
623.375498	-137.822019
623.505147	-138.167059
623.634850	-138.637965
623.764606	-139.228634
623.894417	-139.958680
624.024282	-140.884713
624.154201	-142.108901
624.284174	-143.791040
624.414202	-146.174862
624.544283	-149.582782
624.674419	-153.424268
624.804609	-152.520241
624.934853	-148.810378
625.065151	-146.106070
625.195504	-144.399876
625.325911	-143.384091
625.456373	-142.810434
625.586889	-142.450224
625.717460	-142.093498
625.848085	-141.616200
625.978764	-141.041186
626.109498	-140.499850
626.240287	-140.139522
626.371131	-140.072158
626.502029	-140.373726
626.632982	-141.102015
626.763989	-142.314665
626.895052	-144.083069
627.026169	-146.492074
627.157341	-149.544358
627.288568	-152.532831
627.419850	-153.112654
627.551187	-151.334018
627.682579	-149.429774
627.814026	-147.976189
627.945528	-146.900419
628.077085	-146.083980
628.208697	-145.460039
628.340364	-145.015394
628.472087	-144.776345
628.603865	-144.796016
628.735698	-145.148813
628.867586	-145.931561
628.999530	-147.262325
629.131529	-149.220165
629.263584	-151.392180
629.395694	-151.688063
629.527859	-149.282071
629.660080	-146.557654
629.792357	-144.458393
629.924689	-143.008708
630.057077	-142.107991
630.189520	-141.662840
630.322019	-141.588917
630.454574	-141.795232
630.587184	-142.168863
630.719851	-142.569091
630.852573	-142.842343
630.985351	-142.859198
631.118185	-142.549989
631.251075	-141.914842
631.384021	-141.014274
631.517023	-139.950962
631.650081	-138.840941
631.783195	-137.783261
631.916365	-136.842875
632.049592	-136.048567
632.182874	-135.399033
632.316213	-134.872182
632.449608	-134.436778
632.583059	-134.066258
632.716567	-133.751825
632.850131	-133.509350
632.983751	-133.377033
633.117428	-133.406840
633.251161	-133.656038
633.384951	-134.183200
633.518797	-135.049535
633.652700	-136.324870
633.786660	-138.097846
633.920676	-140.488985
634.054749	-143.646943
634.188879	-147.547200
634.323065	-150.671547
634.457308	-150.280599
634.591608	-148.682720
634.725965	-147.665597
634.860379	-147.140314
634.994850	-146.638043
635.129377	-145.774891
635.263962	-144.546923
635.398604	-143.217040
635.533303	-142.010593
635.668058	-141.029206
635.802872	-140.300156
635.937742	-139.824970
636.072669	-139.602000
636.207654	-139.631725
636.342696	-139.913329
636.477796	-140.437274
636.612953	-141.175989
636.748167	-142.073492
636.883439	-143.035158
637.018768	-143.922336
637.154155	-144.565643
637.289599	-144.819592
637.425101	-144.651109
637.560660	-144.179115
637.696277	-143.607814
637.831952	-143.129617
637.967685	-142.877958
638.103475	-142.920564
638.239324	-143.253154
638.375230	-143.767609
638.511194	-144.206957
638.647215	-144.226322
638.783295	-143.675763
638.919433	-142.754781
639.055629	-141.756239
639.191883	-140.842619
639.328195	-140.047706
639.464565	-139.347585
639.600994	-138.717399
639.737481	-138.160466
639.874025	-137.709439
640.010629	-137.408930
640.147290	-137.294124
640.284010	-137.372703
640.420789	-137.608758
640.557625	-137.910223
640.694521	-138.139792
640.831474	-138.181263
640.968487	-138.035677
641.105558	-137.840233
641.242687	-137.789408
641.379876	-138.065287
641.517123	-138.833609
641.654429	-140.290797
641.791793	-142.775551
641.929216	-147.141843
642.066699	-157.593004
642.204240	-155.105847
642.341840	-147.020170
642.479499	-143.561666
642.617217	-141.749582
642.754994	-140.837965
642.892830	-140.456166
643.030726	-140.300658
643.168680	-140.069924
643.306694	-139.543687
643.444767	-138.698710
643.582899	-137.672499
643.721091	-136.622461
643.859342	-135.654433
643.997652	-134.830830
644.136022	-134.196097
644.274451	-133.792107
644.412940	-133.663632
644.551488	-133.860041
644.690096	-134.437809
644.828763	-135.466446
644.967490	-137.040132
645.106277	-139.298509
645.245124	-142.456915
645.384030	-146.759023
645.522997	-151.247402
645.662023	-151.242410
645.801109	-149.156588
645.940255	-147.788227
646.079460	-146.533555
646.218726	-144.677964
646.358052	-142.450238
646.497438	-140.427701
646.636884	-138.902241
646.776391	-137.949407
646.915957	-137.576887
647.055584	-137.788357
647.195271	-138.601897
647.335019	-140.033607
647.474826	-141.962282
647.614695	-143.574159
647.754623	-143.136214
647.894612	-140.912213
648.034662	-138.509580
648.174772	-136.453886
648.314943	-134.746405
648.455174	-133.313073
648.595466	-132.102545
648.735819	-131.095804
648.876233	-130.297167
649.016707	-129.723282
649.157242	-129.395012
649.297838	-129.332690
649.438495	-129.553147
649.579213	-130.065945
649.719992	-130.864815
649.860832	-131.907071
650.001733	-133.070549
650.142695	-134.095729
650.283718	-134.614638
650.424803	-134.412392
650.565949	-133.640111
650.707156	-132.603152
650.848424	-131.512183
650.989754	-130.464006
651.131145	-129.500195
651.272597	-128.644373
651.414111	-127.914453
651.555687	-127.324006
651.697324	-126.881513
651.839022	-126.590562
651.980782	-126.451319
652.122604	-126.462880
652.264488	-126.626032
652.406433	-126.945999
652.548441	-127.434775
652.690510	-128.112706
652.832640	-129.009001
652.974833	-130.160214
653.117088	-131.602938
653.259405	-133.347159
653.401784	-135.289712
653.544224	-137.013078
653.686727	-137.754073
653.829293	-137.297184
653.971920	-136.351489
654.114609	-135.527606
654.257361	-135.035590
654.400175	-134.892552
654.543052	-135.045696
654.685991	-135.405900
654.828992	-135.850413
654.972056	-136.225953
655.115183	-136.373482
655.258372	-136.181422
655.401623	-135.638180
655.544937	-134.834314
655.688314	-133.909504
655.831754	-132.993383
655.975256	-132.175991
656.118822	-131.504295
656.262450	-130.988683
656.406141	-130.610621
656.549894	-130.331461
656.693711	-130.106372
656.837591	-129.904659
656.981534	-129.728979
657.125540	-129.621191
657.269610	-129.651942
657.413742	-129.904975
657.557938	-130.468707
657.702196	-131.439684
657.846519	-132.936946
657.990904	-135.121088
658.135353	-138.149658
658.279866	-141.422066
658.424441	-141.404150
658.569081	-138.450551
658.713784	-135.858081
658.858550	-134.035028
659.003381	-132.785691
659.148274	-131.931807
659.293232	-131.352998
659.438253	-130.981450
659.583339	-130.797841
659.728488	-130.825329
659.873701	-131.120854
660.018978	-131.769539
660.164318	-132.890792
660.309723	-134.669322
660.455192	-137.452334
660.600725	-142.121776
660.746323	-152.884429
660.891984	-149.706783
661.037710	-142.270977
661.183500	-139.088819
661.329354	-137.476117
661.475272	-136.702443
661.621255	-136.399464
661.767303	-136.310986
661.913415	-136.265599
662.059591	-136.201469
662.205833	-136.147926
662.352138	-136.151502
662.498509	-136.206711
662.644944	-136.231969
662.791443	-136.100546
662.938008	-135.718734
663.084638	-135.089006
663.231332	-134.289007
663.378091	-133.402922
663.524915	-132.483757
663.671804	-131.558635
663.818759	-130.648334
663.965778	-129.779951
664.112863	-128.987966
664.260012	-128.308401
664.407227	-127.772019
664.554507	-127.399758
664.701853	-127.200735
664.849264	-127.172192
664.996740	-127.301176
665.144282	-127.568636
665.291889	-127.956836
665.439561	-128.459364
665.587300	-129.089909
665.735103	-129.883536
665.882973	-130.883362
666.030908	-132.099800
666.178909	-133.410635
666.326976	-134.398553
666.475109	-134.470282
666.623307	-133.619461
666.771571	-132.482254
666.919902	-131.562594
667.068298	-131.060282
667.216761	-131.024295
667.365289	-131.445167
667.513884	-132.280352
667.662545	-133.456271
667.811272	-134.887605
667.960065	-136.555403
668.108925	-138.611428
668.257851	-141.183433
668.406843	-142.370528
668.555902	-139.072646
668.705027	-135.020260
668.854219	-131.907832
669.003478	-129.663397
669.152803	-128.103206
669.302195	-127.093420
669.451653	-126.536903
669.601179	-126.355635
669.750771	-126.479860
669.900430	-126.843356
670.050156	-127.385414
670.199949	-128.060118
670.349808	-128.849865
670.499735	-129.775334
670.649729	-130.895826
670.799790	-132.303376
670.949918	-134.121720
671.100114	-136.520390
671.250377	-139.737485
671.400707	-143.903955
671.551104	-146.869052
671.701569	-144.833337
671.852101	-142.122220
672.002700	-140.410195
672.153368	-139.532374
672.304102	-139.282492
672.454905	-139.534440
672.605775	-140.220267
672.756713	-141.312205
672.907718	-142.814514
673.058791	-144.778430
673.209933	-147.389110
673.361142	-151.295485
673.512419	-159.625028
673.663764	-161.075287
673.815177	-150.248408
673.966658	-145.200645
674.118207	-141.930535
674.269825	-139.654760
674.421510	-138.086169
674.573264	-137.080685
674.725086	-136.531996
674.876977	-136.306009
675.028936	-136.171505
675.180963	-135.775835
675.333059	-134.824719
675.485224	-133.368077
675.637457	-131.715466
675.789758	-130.135766
675.942129	-128.763471
676.094568	-127.645495
676.247075	-126.789851
676.399652	-126.189727
676.552298	-125.832634
676.705012	-125.703853
676.857795	-125.789150
677.010648	-126.079103
677.163569	-126.575373
677.316560	-127.296310
677.469619	-128.273697
677.622748	-129.518398
677.775946	-130.893947
677.929214	-131.836007
678.082551	-131.475861
678.235957	-129.924376
678.389432	-128.114595
678.542977	-126.580623
678.696592	-125.447812
678.850276	-124.688523
679.004030	-124.220837
679.157853	-123.934721
679.311746	-123.711209
679.465709	-123.459588
679.619742	-123.158911
679.773844	-122.864634
679.928017	-122.672561
680.082259	-122.677374
680.236571	-122.953721
680.390954	-123.556365
680.545406	-124.524989
680.699929	-125.880922
680.854522	-127.599438
681.009185	-129.530339
681.163918	-131.284674
681.318722	-132.384727
681.473596	-132.879885
681.628540	-133.385931
681.783555	-134.502773
681.938641	-136.666089
682.093797	-139.816421
682.249023	-140.123508
682.404321	-136.112621
682.559689	-132.543698
682.715128	-129.927625
682.870637	-127.919235
683.026218	-126.255196
683.181869	-124.790049
683.337591	-123.476291
683.493385	-122.328658
683.649249	-121.384419
683.805185	-120.677366
683.961191	-120.228797
684.117269	-120.048194
684.273418	-120.136656
684.429639	-120.489928
684.585930	-121.100461
684.742294	-121.958868
684.898728	-123.054830
685.055234	-124.376071
685.211812	-125.900638
685.368461	-127.569883
685.525182	-129.216708
685.681975	-130.448706
685.838839	-130.716572
685.995775	-129.871930
686.152783	-128.364330
686.309863	-126.667659
686.467014	-125.020840
686.624238	-123.517695
686.781534	-122.196119
686.938902	-121.074822
687.096342	-120.165387
687.253854	-119.476247
687.411438	-119.014530
687.569095	-118.787653
687.726824	-118.805313
687.884626	-119.082244
688.042499	-119.642380
688.200446	-120.525998
688.358465	-121.803647
688.516556	-123.606920
688.674720	-126.208928
688.832957	-130.303764
688.991266	-138.757166
689.149649	-141.694421
689.308104	-131.555024
689.466632	-127.277468
689.625233	-124.774137
689.783906	-123.206077
689.942653	-122.245869
690.101473	-121.708519
690.260367	-121.446833
690.419333	-121.314151
690.578372	-121.167352
690.737485	-120.906007
690.896672	-120.514480
691.055931	-120.056755
691.215264	-119.627395
691.374671	-119.308651
691.534151	-119.158150
691.693704	-119.216903
691.853332	-119.523032
692.013033	-120.124242
692.172807	-121.087091
692.332656	-122.500542
692.492578	-124.455259
692.652575	-126.888024
692.812645	-128.914161
692.972789	-128.703045
693.133007	-126.942873
693.293300	-125.400453
693.453666	-124.581811
693.614107	-124.517488
693.774622	-125.158101
693.935211	-126.372846
694.095875	-127.709863
694.256613	-128.137819
694.417426	-127.107471
694.578313	-125.488436
694.739274	-124.070908
694.900311	-123.094980
695.061421	-122.589478
695.222607	-122.526687
695.383868	-122.803382
695.545203	-123.086411
695.706613	-122.689533
695.868098	-121.175812
696.029658	-119.041734
696.191293	-116.953737
696.353003	-115.207599
696.514789	-113.868044
696.676649	-112.919926
696.838585	-112.326394
697.000596	-112.046966
697.162682	-112.043929
697.324844	-112.286986
697.487081	-112.758787
697.649394	-113.459988
697.811782	-114.408330
697.974246	-115.619268
698.136786	-117.035917
698.299401	-118.347695
698.462092	-118.838069
698.624859	-118.058917
698.787702	-116.588526
698.950621	-115.141701
699.113616	-114.013529
699.276686	-113.258653
699.439833	-112.851043
699.603056	-112.740766
699.766355	-112.871853
699.929731	-113.192629
700.093183	-113.668399
700.256711	-114.295292
700.420315	-115.108558
700.583996	-116.182190
700.747754	-117.626607
700.911588	-119.599193
701.075499	-122.353817
701.239486	-126.417331
701.403550	-133.466152
701.567691	-148.615740
701.731909	-133.631669
701.896203	-129.309825
702.060575	-127.281351
702.225024	-126.228734
702.389549	-125.672599
702.554152	-125.410901
702.718832	-125.395468
702.883589	-125.657007
703.048424	-126.235107
703.213335	-127.121258
703.378324	-128.212752
703.543391	-129.301802
703.708535	-130.194294
703.873757	-130.938607
704.039056	-131.849785
704.204433	-133.261626
704.369887	-135.112784
704.535420	-135.888168
704.701030	-133.912546
704.866718	-131.116797
705.032484	-128.880056
705.198328	-127.339863
705.364250	-126.387595
705.530250	-125.893734
705.696328	-125.721189
705.862485	-125.708949
706.028720	-125.658242
706.195033	-125.334934
706.361424	-124.523328
706.527894	-123.159056
706.694442	-121.410476
706.861069	-119.559277
707.027775	-117.834489
707.194559	-116.361272
707.361422	-115.182851
707.528363	-114.288988
707.695384	-113.633553
707.862483	-113.147475
708.029661	-112.756967
708.196918	-112.409590
708.364254	-112.095781
708.531670	-111.848473
708.699164	-111.721082
708.866738	-111.762092
709.034391	-112.000314
709.202123	-112.441869
709.369935	-113.074883
709.537826	-113.879663
709.705796	-114.843431
709.873847	-115.976611
710.041976	-117.324622
710.210186	-118.971091
710.378475	-121.035203
710.546844	-123.667422
710.715292	-127.021520
710.883821	-131.013244
711.052429	-134.189817
711.221118	-134.401472
711.389887	-133.413639
711.558735	-132.412808
711.727664	-130.948612
711.896673	-128.820382
712.065763	-126.460076
712.234932	-124.257666
712.404183	-122.369748
712.573513	-120.853020
712.742924	-119.746038
712.912416	-119.088028
713.081988	-118.917738
713.251641	-119.269564
713.421375	-120.166081
713.591190	-121.595728
713.761085	-123.454961
713.931061	-125.448103
714.101119	-127.062208
714.271257	-127.788266
714.441476	-127.262108
714.611777	-125.491895
714.782159	-123.186114
714.952622	-121.059753
715.123166	-119.404069
715.293792	-118.241170
715.464499	-117.463805
715.635288	-116.883717
715.806158	-116.283313
715.977110	-115.528287
716.148143	-114.655008
716.319259	-113.809057
716.490456	-113.114166
716.661735	-112.598391
716.833096	-112.178765
717.004538	-111.688915
717.176063	-110.978475
717.347670	-110.042319
717.519359	-109.026340
717.691130	-108.107621
717.862984	-107.405299
718.034920	-106.967288
718.206938	-106.785132
718.379039	-106.807039
718.551222	-106.949406
718.723488	-107.119293
718.895836	-107.252652
719.068267	-107.346151
719.240781	-107.450282
719.413377	-107.627218
719.586057	-107.907147
719.758819	-108.263553
719.931664	-108.612394
720.104593	-108.845544
720.277604	-108.898391
720.450699	-108.800144
720.623876	-108.650307
720.797137	-108.551827
720.970482	-108.566066
721.143910	-108.703076
721.317421	-108.929310
721.491016	-109.181942
721.664694	-109.389403
721.838456	-109.496867
722.012302	-109.486889
722.186231	-109.383045
722.360244	-109.235981
722.534342	-109.103397
722.708523	-109.034804
722.882788	-109.064441
723.057137	-109.211217
723.231570	-109.483558
723.406088	-109.886597
723.580689	-110.428268
723.755375	-111.120808
723.930146	-111.976111
724.105000	-112.996376
724.279940	-114.163255
724.454963	-115.428666
724.630072	-116.709004
724.805265	-117.883399
724.980543	-118.802101
725.155905	-119.322876
725.331353	-119.370978
725.506885	-118.955708
725.682503	-118.122952
725.858205	-116.940100
726.033993	-115.533375
726.209865	-114.079672
726.385823	-112.743345
726.561866	-111.633883
726.737995	-110.805944
726.914209	-110.276567
727.090508	-110.040674
727.266893	-110.079735
727.443364	-110.363560
727.619920	-110.846667
727.796562	-111.463824
727.973290	-112.135012
728.150103	-112.786767
728.327003	-113.364507
728.503988	-113.772473
728.681060	-113.746521
728.858218	-112.936933
729.035461	-111.388197
729.212791	-109.594889
729.390208	-108.003227
729.567710	-106.833833
729.745299	-106.171818
729.922975	-106.049180
730.100737	-106.479074
730.278586	-107.459408
730.456521	-108.950930
730.634543	-110.825755
730.812652	-112.820738
730.990848	-114.643642
731.169130	-116.200704
731.347500	-117.252079
731.525957	-116.770819
731.704500	-114.693928
731.883131	-112.464886
732.061850	-110.852647
732.240655	-109.990363
732.419548	-109.832409
732.598528	-110.266684
732.777596	-111.070796
732.956751	-111.825184
733.135994	-112.039636
733.315325	-111.637235
733.494744	-111.005292
733.674250	-110.503380
733.853844	-110.273493
734.033526	-110.303796
734.213296	-110.480620
734.393154	-110.614771
734.573101	-110.526266
734.753135	-110.193850
734.933258	-109.791010
735.113469	-109.550233
735.293769	-109.642983
735.474157	-110.150396
735.654633	-111.052152
735.835198	-112.163516
736.015852	-113.042159
736.196594	-113.178834
736.377426	-112.590726
736.558346	-111.769909
736.739355	-111.099973
736.920453	-110.719277
737.101640	-110.617327
737.282916	-110.686409
737.464282	-110.735180
737.645736	-110.554287
737.827280	-110.067848
738.008914	-109.403189
738.190637	-108.764825
738.372449	-108.290701
738.554351	-108.010146
738.736342	-107.860340
738.918424	-107.729536
739.100595	-107.531029
739.282855	-107.273804
739.465206	-107.061113
739.647647	-107.024305
739.830178	-107.265775
740.012799	-107.839959
740.195510	-108.752207
740.378311	-109.954464
740.561203	-111.332100
740.744185	-112.694533
740.927258	-113.803071
741.110421	-114.459500
741.293674	-114.603258
741.477018	-114.318884
741.660453	-113.744647
741.843979	-112.978898
742.027596	-112.070089
742.211303	-111.078594
742.395102	-110.119900
742.578991	-109.337596
742.762972	-108.851014
742.947044	-108.726592
743.131207	-108.970637
743.315461	-109.527195
743.499807	-110.286024
743.684244	-111.130824
743.868773	-112.035090
744.053394	-113.126972
744.238106	-114.659350
744.422910	-116.975010
744.607805	-120.633508
744.792793	-127.225522
744.977872	-147.253689
745.163044	-128.050146
745.348307	-123.450646
745.533663	-121.399872
745.719111	-120.510306
745.904651	-120.285341
746.090283	-120.383980
746.276008	-120.452681
746.461826	-120.195618
746.647735	-119.525263
746.833738	-118.526349
747.019833	-117.342927
747.206021	-116.168298
747.392302	-115.223649
747.578676	-114.692687
747.765143	-114.685291
747.951703	-115.228537
748.138356	-116.236032
748.325102	-117.425270
748.511941	-118.279715
748.698874	-118.348828
748.885900	-117.634487
749.073019	-116.383977
749.260232	-114.843588
749.447539	-113.262808
749.634939	-111.844186
749.822433	-110.689317
750.010021	-109.813741
750.197703	-109.190144
750.385479	-108.786899
750.573348	-108.591371
750.761312	-108.613129
750.949370	-108.866557
751.137523	-109.335119
751.325769	-109.919297
751.514110	-110.394891
751.702545	-110.489155
751.891075	-110.125247
752.079700	-109.511640
752.268419	-108.913617
752.457233	-108.472010
752.646142	-108.200714
752.835145	-108.047765
753.024244	-107.960474
753.213437	-107.933800
753.402726	-108.019798
753.592110	-108.301395
753.781589	-108.861704
753.971163	-109.769464
754.160833	-111.077024
754.350598	-112.817133
754.540459	-114.983031
754.730415	-117.480557
754.920467	-120.087410
755.110615	-122.547446
755.300858	-124.625015
755.491198	-125.361682
755.681633	-123.792452
755.872164	-121.495329
756.062792	-119.856764
756.253515	-119.240087
756.444335	-119.798444
756.635252	-121.812876
756.826264	-125.314385
757.017373	-124.755607
757.208579	-119.632113
757.399881	-115.816485
757.591280	-113.251067
757.782776	-111.433231
757.974368	-109.935587
758.166058	-108.413140
758.357844	-106.743868
758.549728	-105.060737
758.741708	-103.570765
758.933786	-102.408965
759.125961	-101.621941
759.318233	-101.199038
759.510603	-101.101378
759.703071	-101.284408
759.895635	-101.717635
760.088298	-102.398852
760.281058	-103.356264
760.473916	-104.636513
760.666872	-106.279809
760.859926	-108.262382
761.053078	-110.311819
761.246328	-111.541276
761.439676	-111.014754
761.633122	-109.373408
761.826667	-107.683397
762.020310	-106.359784
762.214052	-105.473603
762.407892	-104.995135
762.601831	-104.870140
762.795868	-105.052144
762.990004	-105.530190
763.184239	-106.352654
763.378573	-107.641226
763.573006	-109.604018
763.767538	-112.562105
763.962169	-116.764075
764.156900	-119.323268
764.351729	-116.297011
764.546658	-113.409021
764.741687	-111.767826
764.936815	-110.978348
765.132042	-110.650935
765.327370	-110.436883
765.522797	-110.104421
765.718324	-109.636427
765.913950	-109.152860
766.109677	-108.728982
766.305504	-108.303399
766.501431	-107.726183
766.697458	-106.918017
766.893586	-105.984721
767.089814	-105.142302
767.286142	-104.583847
767.482571	-104.433836
767.679100	-104.763770
767.875730	-105.612105
768.072461	-106.982325
768.269293	-108.793924
768.466225	-110.737486
768.663259	-112.101551
768.860393	-112.191275
769.057629	-111.181099
769.254966	-109.662607
769.452404	-108.030668
769.649944	-106.527868
769.847585	-105.315758
770.045328	-104.485420
770.243172	-104.070857
770.441118	-104.063035
770.639166	-104.415458
770.837315	-105.046249
771.035567	-105.855455
771.233920	-106.776454
771.432376	-107.840088
771.630934	-109.187951
771.829594	-111.020180
772.028356	-113.524545
772.227220	-116.759034
772.426188	-120.223170
772.625257	-122.049441
772.824430	-120.823586
773.023705	-117.908024
773.223083	-114.879651
773.422563	-112.478098
773.622147	-110.908420
773.821834	-110.187695
774.021624	-110.298036
774.221517	-111.227522
774.421513	-112.956946
774.621613	-115.377419
774.821816	-118.080005
775.022122	-120.275350
775.222532	-121.704578
775.423046	-123.116625
775.623664	-125.070584
775.824385	-127.037589
776.025211	-126.785092
776.226140	-124.046487
776.427173	-121.016885
776.628311	-118.458310
776.829553	-116.327696
777.030899	-114.399153
777.232350	-112.513062
777.433905	-110.719457
777.635564	-109.211589
777.837328	-108.174482
778.039197	-107.716979
778.241171	-107.845893
778.443250	-108.355759
778.645433	-108.585212
778.847722	-107.701515
779.050116	-105.924016
779.252615	-104.103683
779.455219	-102.672151
779.657929	-101.708392
779.860744	-101.167154
780.063665	-100.966138
780.266691	-101.013019
780.469823	-101.223056
780.673061	-101.539577
780.876405	-101.946101
781.079855	-102.453425
781.283410	-103.062203
781.487072	-103.720310
781.690840	-104.303941
781.894715	-104.661950
782.098695	-104.726655
782.302783	-104.581958
782.506976	-104.402362
782.711277	-104.355486
782.915684	-104.559737
783.120198	-105.077291
783.324818	-105.899094
783.529546	-106.906139
783.734381	-107.842644
783.939322	-108.412264
784.144372	-108.482977
784.349528	-108.083980
784.554792	-107.240084
784.760163	-106.019716
784.965642	-104.631423
785.171228	-103.322603
785.376922	-102.265564
785.582724	-101.554414
785.788634	-101.239371
785.994651	-101.332054
786.200777	-101.751457
786.407011	-102.206164
786.613353	-102.198383
786.819804	-101.524445
787.026363	-100.606930
787.233030	-99.950014
787.439806	-99.760115
787.646691	-99.942930
787.853684	-100.120432
788.060786	-99.836628
788.267997	-99.072653
788.475317	-98.237792
788.682746	-97.654171
788.890285	-97.382607
789.097932	-97.300990
789.305689	-97.228136
789.513555	-97.078808
789.721531	-96.947567
789.929617	-97.033046
790.137812	-97.522554
790.346117	-98.533250
790.554531	-100.026961
790.763056	-101.515826
790.971691	-101.901905
791.180436	-100.995900
791.389291	-99.956238
791.598256	-99.536989
791.807332	-99.943583
792.016518	-101.130110
792.225815	-102.681129
792.435222	-103.533255
792.644740	-103.106903
792.854369	-102.376516
793.064109	-102.192569
793.273960	-102.753000
793.483922	-103.891793
793.693995	-105.135912
793.904180	-105.968513
794.114475	-106.520375
794.324882	-107.426559
794.535401	-108.930436
794.746031	-109.807125
794.956774	-108.245423
795.167627	-105.944781
795.378593	-104.506126
795.589671	-104.248719
795.800861	-105.264886
796.012162	-107.654478
796.223577	-110.662505
796.435103	-110.277819
796.646742	-107.527632
796.858493	-105.724067
797.070357	-105.071063
797.282334	-105.233415
797.494423	-105.835023
797.706626	-106.581170
797.918941	-107.367645
798.131369	-107.963526
798.343911	-107.509746
798.556566	-105.686580
798.769334	-103.592183
798.982215	-102.047886
799.195210	-101.268945
799.408319	-101.249079
799.621541	-101.889446
799.834877	-102.918586
800.048327	-103.697136
800.261890	-103.482442
800.475568	-102.416402
800.689360	-101.223360
800.903266	-100.313103
801.117287	-99.775089
801.331422	-99.576178
801.545671	-99.655133
801.760036	-99.949882
801.974514	-100.373316
802.189108	-100.741523
802.403816	-100.750350
802.618640	-100.202605
802.833578	-99.288888
803.048632	-98.408818
803.263800	-97.861724
803.479085	-97.793256
803.694484	-98.244215
803.909999	-99.150495
804.125630	-100.245068
804.341376	-100.961118
804.557239	-100.840737
804.773217	-100.193417
804.989311	-99.651593
805.205521	-99.592744
805.421847	-100.175511
805.638290	-101.474971
805.854849	-103.513420
806.071524	-106.137034
806.288316	-108.693551
806.505225	-110.357702
806.722250	-111.687808
806.939393	-113.419070
807.156652	-112.520916
807.374028	-108.230399
807.591521	-104.527683
807.809132	-101.986799
808.026859	-100.347950
808.244705	-99.361992
808.462667	-98.831354
808.680748	-98.611022
808.898946	-98.630956
809.117261	-98.909126
809.335695	-99.518686
809.554246	-100.493879
809.772916	-101.631212
809.991704	-102.234640
810.210610	-101.661541
810.429634	-100.446792
810.648777	-99.463484
810.868039	-99.101318
811.087419	-99.423667
811.306918	-100.270893
811.526535	-101.130882
811.746272	-101.248523
811.966127	-100.564974
812.186102	-99.784700
812.406196	-99.395795
812.626409	-99.475512
812.846742	-99.832805
813.067194	-100.113002
813.287766	-100.042547
813.508457	-99.685228
813.729269	-99.276781
813.950200	-98.914063
814.171251	-98.510284
814.392422	-97.966533
814.613714	-97.346774
814.835126	-96.850403
815.056658	-96.667188
815.278311	-96.903573
815.500084	-97.579651
815.721978	-98.626946
815.943993	-99.860088
816.166128	-100.967074
816.388385	-101.647239
816.610762	-101.857421
816.833261	-101.792404
817.055881	-101.629472
817.278623	-101.415553
817.501486	-101.129089
817.724471	-100.784542
817.947577	-100.474312
818.170805	-100.312087
818.394155	-100.326114
818.617627	-100.350248
818.841221	-100.015721
819.064937	-99.081329
819.288775	-97.789140
819.512736	-96.591189
819.736819	-95.795377
819.961025	-95.550374
820.185354	-95.923503
820.409805	-96.919575
820.634379	-98.372637
820.859076	-99.629932
821.083897	-99.673105
821.308840	-98.648079
821.533907	-97.595088
821.759097	-97.047101
821.984411	-97.090345
822.209848	-97.617458
822.435409	-98.365962
822.661093	-98.949731
822.886902	-99.129414
823.112834	-99.081263
823.338891	-99.172021
823.565072	-99.639473
823.791377	-100.529168
824.017807	-101.725294
824.244361	-103.005563
824.471039	-104.186135
824.697843	-105.252186
824.924771	-106.216064
825.151824	-106.882832
825.379002	-107.047663
825.606306	-106.912347
825.833734	-106.750486
826.061288	-106.205794
826.288967	-104.515777
826.516772	-101.959271
826.744703	-99.467332
826.972759	-97.501678
827.200941	-96.162865
827.429249	-95.443117
827.657683	-95.312811
827.886243	-95.725061
828.114930	-96.566055
828.343743	-97.538699
828.572682	-98.098415
828.801748	-97.873679
829.030941	-97.185203
829.260260	-96.598670
829.489706	-96.447220
829.719280	-96.867929
829.948980	-97.914444
830.178808	-99.567887
830.408763	-101.562312
830.638845	-102.963969
830.869055	-102.719443
831.099393	-101.446836
831.329858	-100.174547
831.560451	-99.230888
831.791173	-98.645991
832.022022	-98.434960
832.252999	-98.669430
832.484105	-99.485836
832.715339	-101.110157
832.946702	-103.972471
833.178193	-109.103338
833.409813	-115.954652
833.641561	-109.574536
833.873439	-105.348355
834.105445	-103.571020
834.337581	-103.466529
834.569846	-105.061155
834.802241	-109.186084
835.034764	-114.282237
835.267418	-107.083928
835.500201	-102.163950
835.733114	-99.491133
835.966157	-98.244853
836.199329	-98.157723
836.432632	-99.161668
836.666065	-101.034223
836.899629	-102.221649
837.133323	-100.633993
837.367147	-98.253537
837.601102	-96.683212
837.835188	-96.072746
838.069405	-96.217494
838.303752	-96.678170
838.538231	-96.788234
838.772841	-96.255225
839.007582	-95.542447
839.242455	-95.157586
839.477459	-95.219176
839.712595	-95.472286
839.947863	-95.445321
840.183263	-94.953098
840.418794	-94.362707
840.654458	-94.125211
840.890254	-94.451687
841.126182	-95.293283
841.362242	-96.294893
841.598435	-96.885259
841.834761	-96.927467
842.071220	-96.969688
842.307811	-97.559142
842.544536	-98.881569
842.781393	-100.543737
843.018384	-101.204186
843.255508	-100.291975
843.492765	-99.180061
843.730156	-98.762303
843.967681	-99.225754
844.205339	-100.563414
844.443132	-102.724404
844.681058	-105.614922
844.919118	-109.087343
845.157313	-113.044406
845.395642	-117.414119
845.634105	-118.394929
845.872703	-113.163675
846.111436	-108.235364
846.350303	-104.572073
846.589306	-102.061649
846.828443	-100.649068
847.067716	-100.359883
847.307124	-101.308088
847.546667	-103.633089
847.786345	-106.438463
848.026160	-105.563817
848.266110	-102.755694
848.506195	-101.159319
848.746417	-100.960446
848.986775	-101.863443
849.227269	-103.082249
849.467899	-103.103494
849.708666	-101.768805
849.949569	-100.345763
850.190609	-99.353945
850.431785	-98.805084
850.673099	-98.740677
850.914549	-99.392722
851.156137	-101.160707
851.397861	-104.255181
851.639723	-105.166964
851.881723	-101.218816
852.123860	-98.057184
852.366135	-96.515147
852.608547	-96.440879
852.851098	-97.953705
853.093786	-101.854882
853.336613	-113.243792
853.579578	-107.632149
853.822681	-100.281751
854.065923	-97.231731
854.309304	-95.933538
854.552823	-95.741192
854.796481	-96.388633
855.040278	-97.683107
855.284215	-99.220794
855.528290	-99.996448
855.772505	-99.168556
856.016859	-97.490663
856.261353	-95.896229
856.505987	-94.670428
856.750760	-93.812750
856.995673	-93.269545
857.240727	-93.009736
857.485920	-93.043591
857.731254	-93.411197
857.976729	-94.144146
858.222343	-95.181075
858.468099	-96.195038
858.713995	-96.509708
858.960032	-95.767557
859.206211	-94.502585
859.452530	-93.341907
859.698991	-92.560639
859.945593	-92.247210
860.192336	-92.462352
860.439222	-93.320508
860.686248	-95.063723
860.933417	-98.232183
861.180728	-104.177524
861.428181	-107.492341
861.675776	-100.535499
861.923514	-96.999696
862.171394	-95.554875
862.419417	-95.581256
862.667582	-96.887474
862.915890	-99.044596
863.164342	-99.718254
863.412936	-97.381971
863.661674	-94.867870
863.910555	-93.286237
864.159579	-92.657807
864.408747	-92.962200
864.658059	-94.359666
864.907515	-97.458229
865.157114	-104.795086
865.406858	-106.856613
865.656746	-97.013966
865.906778	-92.588764
866.156955	-90.098745
866.407277	-88.757983
866.657743	-88.296835
866.908354	-88.632962
867.159110	-89.804172
867.410011	-91.991590
867.661057	-95.611224
867.912249	-100.626865
868.163586	-99.503023
868.415069	-94.896477
868.666697	-91.911273
868.918472	-90.101299
869.170392	-89.075283
869.422458	-88.649479
869.674671	-88.763519
869.927030	-89.448880
870.179536	-90.830638
870.432188	-93.167000
870.684987	-96.913900
870.937933	-101.535274
871.191026	-99.605610
871.444266	-95.449554
871.697653	-92.837491
871.951188	-91.322275
872.204870	-90.509518
872.458700	-90.159396
872.712677	-90.125765
872.966803	-90.335466
873.221076	-90.780992
873.475498	-91.515872
873.730068	-92.656640
873.984787	-94.377788
874.239654	-96.714737
874.494669	-98.131912
874.749834	-95.709186
875.005147	-92.089301
875.260610	-89.230677
875.516222	-87.240963
875.771983	-86.005907
876.027894	-85.449996
876.283954	-85.551207
876.540164	-86.342959
876.796524	-87.928481
877.053033	-90.481583
877.309693	-93.830141
877.566503	-94.736366
877.823464	-91.460586
878.080575	-88.288018
878.337837	-86.058459
878.595249	-84.595221
878.852813	-83.756333
879.110528	-83.489332
879.368393	-83.817017
879.626410	-84.839670
879.884579	-86.760740
880.142899	-89.868186
880.401371	-93.302049
880.659994	-91.685788
880.918770	-87.897151
881.177698	-85.304884
881.436778	-83.839335
881.696010	-83.264538
881.955395	-83.460363
882.214933	-84.397416
882.474623	-86.131779
882.734467	-88.843536
882.994463	-92.931433
883.254613	-98.379674
883.514916	-97.792646
883.775372	-93.405510
884.035982	-90.477537
884.296746	-88.576455
884.557664	-87.313642
884.818735	-86.518417
885.079961	-86.139052
885.341341	-86.192796
885.602876	-86.746867
885.864565	-87.924706
886.126409	-89.945119
886.388407	-93.194516
886.650561	-97.674007
886.912870	-97.291157
887.175334	-92.738164
887.437953	-89.507989
887.700728	-87.456701
887.963658	-86.221726
888.226745	-85.618227
888.489987	-85.571324
888.753385	-86.085059
889.016940	-87.246197
889.280651	-89.268718
889.544518	-92.614490
889.808543	-97.805125
890.072723	-97.903125
890.337061	-92.609364
890.601556	-89.166854
890.866208	-87.095912
891.131017	-85.924921
891.395984	-85.424514
891.661109	-85.485747
891.926391	-86.075942
892.191831	-87.233567
892.457429	-89.091472
892.723186	-91.940343
892.989100	-96.235377
893.255173	-99.599202
893.521405	-95.555828
893.787796	-91.505475
894.054345	-88.831072
894.321053	-87.081113
894.587921	-86.009113
894.854948	-85.520472
895.122134	-85.612513
895.389480	-86.358239
895.656986	-87.933398
895.924651	-90.731733
896.192477	-95.723691
896.460463	-101.262071
896.728609	-94.647582
896.996915	-89.962762
897.265382	-87.215490
897.534010	-85.544765
897.802799	-84.601937
898.071749	-84.241135
898.340860	-84.419406
898.610132	-85.163525
898.879566	-86.556674
899.149162	-88.690735
899.418919	-91.278676
899.688838	-92.228304
899.958919	-90.102176
900.229162	-87.525602
900.499568	-85.642397
900.770136	-84.470767
901.040867	-83.896380
901.311761	-83.832696
901.582817	-84.231950
901.854037	-85.081463
902.125420	-86.397425
902.396966	-88.194893
902.668676	-90.325111
902.940550	-91.891429
903.212587	-91.311052
903.484788	-89.181588
903.757153	-87.057976
904.029683	-85.454941
904.302377	-84.438505
904.575236	-84.001875
904.848259	-84.145682
905.121447	-84.890867
905.394800	-86.278253
905.668319	-88.344965
905.942002	-90.967375
906.215852	-93.195833
906.489866	-93.120719
906.764047	-91.313367
907.038393	-89.430647
907.312906	-87.883298
907.587584	-86.634466
907.862429	-85.626486
908.137441	-84.852894
908.412619	-84.351612
908.687964	-84.189280
908.963476	-84.452980
909.239155	-85.248987
909.515002	-86.690202
909.791015	-88.759687
910.067197	-90.544190
910.343546	-89.732633
910.620063	-87.063808
910.896748	-84.589879
911.173601	-82.746808
911.450623	-81.483786
911.727813	-80.734897
912.005171	-80.495081
912.282699	-80.831189
912.560395	-81.889190
912.838261	-83.889792
913.116296	-86.807299
913.394500	-87.963472
913.672874	-84.854039
913.951418	-81.672817
914.230131	-79.605281
914.509015	-78.512052
914.788068	-78.237114
915.067292	-78.697125
915.346687	-79.861039
915.626252	-81.712194
915.905988	-84.088492
916.185895	-86.046452
916.465973	-85.755692
916.746223	-83.783291
917.026644	-81.810155
917.307236	-80.322180
917.588000	-79.323687
917.868937	-78.747356
918.150045	-78.538730
918.431325	-78.675489
918.712778	-79.170903
918.994404	-80.056803
919.276202	-81.322969
919.558173	-82.757228
919.840317	-83.710564
920.122634	-83.484820
920.405125	-82.395149
920.687789	-81.208580
920.970627	-80.287950
921.253639	-79.709457
921.536824	-79.481515
921.820184	-79.622524
922.103718	-80.155453
922.387427	-81.052634
922.671310	-82.127281
922.955368	-82.928760
923.239601	-82.993960
923.524009	-82.436249
923.808592	-81.761487
924.093351	-81.300379
924.378285	-81.137444
924.663396	-81.234362
924.948682	-81.512404
925.234144	-81.890501
925.519782	-82.301879
925.805597	-82.714553
926.091589	-83.178545
926.377757	-83.881832
926.664102	-85.177219
926.950624	-87.584351
927.237323	-91.095749
927.524200	-89.902461
927.811255	-85.065038
928.098487	-81.710380
928.385897	-79.795052
928.673485	-79.035759
928.961251	-79.321524
929.249196	-80.658917
929.537319	-83.093286
929.825621	-86.289506
930.114102	-88.108246
930.402762	-87.235370
930.691601	-86.219629
930.980620	-85.836487
931.269818	-85.341186
931.559196	-84.055770
931.848753	-82.470550
932.138491	-81.356659
932.428409	-81.101219
932.718508	-81.930723
933.008787	-84.149681
933.299246	-87.955293
933.589887	-89.205442
933.880709	-85.164804
934.171712	-82.219431
934.462896	-80.910281
934.754262	-80.975996
935.045810	-82.363650
935.337539	-85.136885
935.629451	-88.620100
935.921545	-89.113121
936.213822	-87.298754
936.506281	-86.528301
936.798922	-86.853472
937.091747	-86.643965
937.384755	-84.570421
937.677946	-82.178175
937.971321	-80.651751
938.264879	-80.243872
938.558621	-81.066625
938.852547	-83.375298
939.146657	-87.380736
939.440952	-88.748662
939.735431	-84.603092
940.030095	-81.582054
940.324943	-80.048323
940.619977	-79.535512
940.915196	-79.642350
941.210600	-79.954526
941.506189	-80.179778
941.801965	-80.430703
942.097926	-81.168106
942.394074	-82.905529
942.690407	-85.596058
942.986927	-85.366909
943.283634	-81.269671
943.580527	-77.891779
943.877608	-75.746201
944.174875	-74.580516
944.472330	-74.202883
944.769972	-74.482124
945.067802	-75.306806
945.365820	-76.558820
945.664026	-78.114812
945.962420	-79.860194
946.261002	-81.520117
946.559773	-82.017618
946.858733	-80.267862
947.157881	-77.527771
947.457219	-75.088067
947.756746	-73.268542
948.056462	-72.069533
948.356368	-71.438086
948.656464	-71.320943
948.956749	-71.667030
949.257225	-72.415828
949.557891	-73.475595
949.858748	-74.688282
950.159796	-75.786150
950.461034	-76.396041
950.762463	-76.219901
951.064084	-75.311300
951.365896	-74.025275
951.667900	-72.716337
951.970095	-71.599693
952.272483	-70.773990
952.575063	-70.269148
952.877835	-70.076129
953.180799	-70.160668
953.483956	-70.468302
953.787307	-70.925841
954.090850	-71.442908
954.394586	-71.917344
954.698516	-72.248939
955.002640	-72.362087
955.306957	-72.225877
955.611469	-71.854947
955.916174	-71.293180
956.221074	-70.600187
956.526169	-69.848294
956.831458	-69.119196
957.136942	-68.492939
957.442622	-68.034468
957.748496	-67.784706
958.054567	-67.756966
958.360833	-67.936018
958.667294	-68.278215
958.973952	-68.714100
959.280806	-69.157212
959.587857	-69.521408
959.895104	-69.741927
960.202548	-69.788147
960.510189	-69.659725
960.818027	-69.372621
961.126062	-68.950900
961.434295	-68.432254
961.742726	-67.877229
962.051355	-67.365771
962.360182	-66.979304
962.669207	-66.781078
962.978431	-66.804668
963.287854	-67.051176
963.597475	-67.492642
963.907296	-68.080577
964.217315	-68.756609
964.527535	-69.453762
964.837954	-70.073632
965.148573	-70.453796
965.459392	-70.405434
965.770411	-69.871999
966.081630	-69.020082
966.393051	-68.105848
966.704672	-67.322198
967.016494	-66.768694
967.328517	-66.480131
967.640742	-66.453954
967.953169	-66.666555
968.265797	-67.085018
968.578627	-67.679936
968.891660	-68.436749
969.204895	-69.350999
969.518332	-70.383190
969.831972	-71.354842
970.145816	-71.868307
970.459862	-71.577588
970.774112	-70.672723
971.088565	-69.654908
971.403223	-68.860851
971.718084	-68.409893
972.033149	-68.300694
972.348419	-68.468233
972.663893	-68.807639
972.979572	-69.200051
973.295456	-69.557875
973.611546	-69.866359
973.927840	-70.178682
974.244340	-70.568361
974.561046	-71.084714
974.877958	-71.733989
975.195076	-72.475507
975.512401	-73.219083
975.829932	-73.826115
976.147670	-74.134675
976.465615	-74.019506
976.783767	-73.446493
977.102126	-72.472960
977.420693	-71.217267
977.739468	-69.832118
978.058451	-68.474512
978.377642	-67.276134
978.697041	-66.330727
979.016649	-65.698042
979.336466	-65.413828
979.656492	-65.499132
979.976727	-65.967515
980.297171	-66.830931
980.617825	-68.103999
980.938689	-69.794212
981.259763	-71.797819
981.581048	-73.410902
981.902542	-72.961673
982.224248	-70.536357
982.546164	-67.858273
982.868291	-65.623381
983.190630	-63.921625
983.513180	-62.720687
983.835942	-61.977552
984.158916	-61.656581
984.482101	-61.731298
984.805500	-62.184821
985.129110	-63.012303
985.452934	-64.225642
985.776970	-65.852083
986.101220	-67.876900
986.425683	-69.917804
986.750359	-70.533531
987.075250	-68.853434
987.400354	-66.451983
987.725673	-64.389293
988.051206	-62.852801
988.376954	-61.809788
988.702916	-61.200475
989.029094	-60.970199
989.355487	-61.070752
989.682095	-61.458572
990.008919	-62.095749
990.335959	-62.953466
990.663216	-64.011429
990.990688	-65.238082
991.318377	-66.526158
991.646283	-67.576780
991.974406	-67.908852
992.302746	-67.320726
992.631304	-66.188860
992.960079	-64.983434
993.289072	-63.942115
993.618283	-63.129237
993.947713	-62.533459
994.277361	-62.116878
994.607227	-61.838110
994.937313	-61.666311
995.267618	-61.589711
995.598142	-61.617226
995.928886	-61.773462
996.259849	-62.090743
996.591033	-62.601827
996.922437	-63.332875
997.254061	-64.289974
997.585906	-65.424323
997.917972	-66.555139
998.250260	-67.282624
998.582768	-67.146017
998.915498	-66.125963
999.248450	-64.653493
999.581624	-63.120043
999.915020	-61.722214
1000.248639	-60.543933
1000.582480	-59.625037
1000.916545	-58.988838
1001.250832	-58.651384
1001.585343	-58.625472
1001.920077	-58.923790
1002.255035	-59.562385
1002.590218	-60.564945
1002.925624	-61.966401
1003.261255	-63.802527
1003.597111	-66.010178
1003.933192	-67.953148
1004.269497	-67.928559
1004.606029	-65.814138
1004.942785	-63.349257
1005.279768	-61.268460
1005.616977	-59.655842
1005.954412	-58.469712
1006.292074	-57.662746
1006.629962	-57.199200
1006.968077	-57.055195
1007.306420	-57.218696
1007.644990	-57.692881
1007.983787	-58.505060
1008.322813	-59.724606
1008.662067	-61.499351
1009.001549	-64.142839
1009.341259	-68.385282
1009.681199	-75.096456
1010.021367	-71.494160
1010.361765	-65.749390
1010.702392	-62.320462
1011.043250	-60.111871
1011.384337	-58.648425
1011.725654	-57.699025
1012.067202	-57.131196
1012.408980	-56.862747
1012.750989	-56.846462
1013.093230	-57.067257
1013.435702	-57.543556
1013.778405	-58.330498
1014.121341	-59.528920
1014.464508	-61.314349
1014.807908	-64.031884
1015.151540	-68.575467
1015.495405	-79.211506
1015.839503	-74.864186
1016.183835	-67.169786
1016.528400	-63.365501
1016.873198	-60.965943
1017.218231	-59.314249
1017.563498	-58.147041
1017.908999	-57.344790
1018.254735	-56.855903
1018.600707	-56.664636
1018.946913	-56.775643
1019.293354	-57.208109
1019.640032	-57.997490
1019.986945	-59.206225
1020.334094	-60.951409
1020.681480	-63.479214
1021.029102	-67.420942
1021.376961	-75.345813
1021.725058	-81.165621
1022.073391	-69.309666
1022.421962	-64.630656
1022.770772	-61.814126
1023.119819	-59.945106
1023.469104	-58.702871
1023.818628	-57.941429
1024.168391	-57.582426
1024.518393	-57.577904
1024.868634	-57.895931
1025.219115	-58.516573
1025.569836	-59.435105
1025.920796	-60.673146
1026.271997	-62.301268
1026.623438	-64.483574
1026.975121	-67.579760
1027.327044	-72.381652
1027.679208	-77.786654
1028.031614	-72.635502
1028.384262	-67.899992
1028.737152	-64.990892
1029.090284	-63.123432
1029.443659	-61.925636
1029.797276	-61.196404
1030.151137	-60.805188
1030.505240	-60.658385
1030.859587	-60.692952
1031.214178	-60.880499
1031.569013	-61.230316
1031.924093	-61.785166
1032.279417	-62.612319
1032.634985	-63.797480
1032.990799	-65.447879
1033.346858	-67.704237
1033.703162	-70.719789
1034.059712	-74.180035
1034.416509	-75.099213
1034.773551	-72.265226
1035.130841	-69.254394
1035.488377	-66.899236
1035.846160	-65.089299
1036.204190	-63.707546
1036.562468	-62.695283
1036.920994	-62.030271
1037.279768	-61.709718
1037.638790	-61.742977
1037.998061	-62.151411
1038.357581	-62.974656
1038.717350	-64.286493
1039.077368	-66.231861
1039.437636	-69.120746
1039.798154	-73.673430
1040.158922	-79.756509
1040.519940	-75.252729
1040.881209	-70.071719
1041.242729	-66.848339
1041.604501	-64.713389
1041.966524	-63.284556
1042.328798	-62.388325
1042.691325	-61.940351
1043.054103	-61.900995
1043.417135	-62.258528
1043.780419	-63.025857
1044.143956	-64.248598
1044.507746	-66.030612
1044.871791	-68.597859
1045.236088	-72.449260
1045.600641	-78.048049
1045.965447	-77.073359
1046.330508	-71.619937
1046.695824	-68.030221
1047.061395	-65.651947
1047.427222	-64.044310
1047.793304	-62.996670
1048.159642	-62.397362
1048.526237	-62.180555
1048.893088	-62.305429
1049.260196	-62.750143
1049.627561	-63.515090
1049.995183	-64.634910
1050.363063	-66.203218
1050.731201	-68.426375
1051.099597	-71.767809
1051.468251	-77.348762
1051.837164	-81.449328
1052.206336	-74.390185
1052.575767	-69.843496
1052.945458	-66.969218
1053.315409	-64.987374
1053.685619	-63.548906
1054.056090	-62.467042
1054.426821	-61.635636
1054.797814	-61.003583
1055.169067	-60.563430
1055.540582	-60.340832
1055.912359	-60.384272
1056.284398	-60.759580
1056.656698	-61.554270
1057.029262	-62.898878
1057.402088	-65.026217
1057.775177	-68.448138
1058.148530	-74.525444
1058.522146	-77.894262
1058.896027	-70.201547
1059.270171	-65.727323
1059.644580	-62.887671
1060.019254	-60.920386
1060.394193	-59.513122
1060.769397	-58.516172
1061.144867	-57.852374
1061.520602	-57.482696
1061.896604	-57.391345
1062.272872	-57.579649
1062.649407	-58.065402
1063.026210	-58.887590
1063.403279	-60.119492
1063.780616	-61.900285
1064.158221	-64.519580
1064.536094	-68.702821
1064.914235	-76.795223
1065.292645	-75.323937
1065.671325	-67.908866
1066.050273	-63.954053
1066.429491	-61.438099
1066.808979	-59.727512
1067.188738	-58.556319
1067.568766	-57.787025
1067.949066	-57.337516
1068.329636	-57.153296
1068.710478	-57.195543
1069.091592	-57.435793
1069.472977	-57.853927
1069.854635	-58.438291
1070.236565	-59.187662
1070.618768	-60.115438
1071.001243	-61.257156
1071.383993	-62.684020
1071.767016	-64.528671
1072.150313	-67.036412
1072.533884	-70.623585
1072.917730	-74.825925
1073.301850	-72.889551
1073.686246	-68.148777
1074.070917	-64.677577
1074.455864	-62.190859
1074.841087	-60.363083
1075.226586	-59.012494
1075.612362	-58.033235
1075.998415	-57.359469
1076.384745	-56.949870
1076.771353	-56.781519
1077.158238	-56.847827
1077.545401	-57.157850
1077.932843	-57.736247
1078.320564	-58.624906
1078.708564	-59.889239
1079.096842	-61.635672
1079.485401	-64.057517
1079.874240	-67.564618
1080.263358	-73.148517
1080.652757	-78.348979
1081.042438	-71.727998
1081.432399	-67.064054
1081.822641	-64.034346
1082.213166	-61.822835
1082.603972	-60.090483
1082.995061	-58.682527
1083.386433	-57.525855
1083.778087	-56.586884
1084.170025	-55.851160
1084.562246	-55.312809
1084.954751	-54.969525
1085.347541	-54.821306
1085.740615	-54.872198
1086.133973	-55.134647
1086.527617	-55.636214
1086.921546	-56.428973
1087.315761	-57.604347
1087.710262	-59.323759
1088.105050	-61.900780
1088.500124	-66.080978
1088.895485	-74.002658
1089.291134	-71.985786
1089.687070	-65.046454
1090.083294	-61.293150
1090.479806	-58.938186
1090.876607	-57.373614
1091.273696	-56.333986
1091.671075	-55.679224
1092.068744	-55.324899
1092.466702	-55.212053
1092.864950	-55.289024
1093.263489	-55.497848
1093.662319	-55.766427
1094.061440	-56.013519
1094.460852	-56.172402
1094.860555	-56.222604
1095.260551	-56.201378
1095.660840	-56.181626
1096.061421	-56.236529
1096.462295	-56.413571
1096.863462	-56.717420
1097.264923	-57.087257
1097.666678	-57.364824
1098.068727	-57.301737
1098.471071	-56.704231
1098.873710	-55.627778
1099.276644	-54.325958
1099.679874	-53.040432
1100.083400	-51.911578
1100.487222	-51.000409
1100.891340	-50.326966
1101.295756	-49.895256
1101.700468	-49.706962
1102.105478	-49.769575
1102.510787	-50.102525
1102.916393	-50.743738
1103.322298	-51.759880
1103.728502	-53.267606
1104.135005	-55.487254
1104.541807	-58.910357
1104.948909	-65.023887
1105.356312	-73.334939
1105.764015	-63.075281
1106.172019	-58.101466
1106.580324	-55.199812
1106.988931	-53.311739
1107.397840	-52.056534
1107.807051	-51.262387
1108.216564	-50.845493
1108.626380	-50.768318
1109.036500	-51.022939
1109.446923	-51.624816
1109.857649	-52.612319
1110.268680	-54.049112
1110.680016	-56.017106
1111.091657	-58.519046
1111.503602	-60.883724
1111.915854	-60.906333
1112.328411	-58.589465
1112.741275	-56.127434
1113.154445	-54.179995
1113.567922	-52.738126
1113.981706	-51.715955
1114.395798	-51.046547
1114.810198	-50.686362
1115.224906	-50.607868
1115.639923	-50.790743
1116.055249	-51.210589
1116.470884	-51.820782
1116.886829	-52.521703
1117.303084	-53.123067
1117.719650	-53.355979
1118.136526	-53.027894
1118.553713	-52.205602
1118.971212	-51.142270
1119.389022	-50.072108
1119.807145	-49.133311
1120.225580	-48.392287
1120.644328	-47.879407
1121.063389	-47.611122
1121.482763	-47.601826
1121.902452	-47.871526
1122.322454	-48.453559
1122.742771	-49.406379
1123.163404	-50.836765
1123.584351	-52.955141
1124.005614	-56.239225
1124.427193	-62.061495
1124.849089	-68.237899
1125.271301	-59.287835
1125.693830	-54.265630
1126.116677	-51.144416
1126.539842	-48.987270
1126.963324	-47.436491
1127.387126	-46.321755
1127.811246	-45.549961
1128.235685	-45.066037
1128.660444	-44.837029
1129.085522	-44.845557
1129.510922	-45.087487
1129.936641	-45.571323
1130.362682	-46.317434
1130.789044	-47.354332
1131.215728	-48.703766
1131.642734	-50.326028
1132.070063	-51.948349
1132.497714	-52.803029
1132.925689	-52.162845
1133.353987	-50.519625
1133.782610	-48.726797
1134.211556	-47.147326
1134.640827	-45.851744
1135.070424	-44.827380
1135.500345	-44.048693
1135.930593	-43.494481
1136.361166	-43.150226
1136.792067	-43.007008
1137.223294	-43.060338
1137.654848	-43.309940
1138.086730	-43.760703
1138.518940	-44.424606
1138.951479	-45.323064
1139.384346	-46.488446
1139.817543	-47.960725
1140.251069	-49.763005
1140.684925	-51.792999
1141.119111	-53.488122
1141.553628	-53.694704
1141.988475	-52.281293
1142.423655	-50.391790
1142.859166	-48.690309
1143.295009	-47.318728
1143.731185	-46.264104
1144.167694	-45.489470
1144.604536	-44.964213
1145.041711	-44.668791
1145.479221	-44.593697
1145.917065	-44.737482
1146.355245	-45.105081
1146.793759	-45.706397
1147.232609	-46.553438
1147.671795	-47.650069
1148.111317	-48.956321
1148.551177	-50.284952
1148.991373	-51.127883
1149.431907	-50.830664
1149.872779	-49.441426
1150.313989	-47.632090
1150.755538	-45.870040
1151.197426	-44.314055
1151.639653	-42.988066
1152.082220	-41.875337
1152.525128	-40.950566
1152.968376	-40.189350
1153.411966	-39.570711
1153.855897	-39.077586
1154.300169	-38.696692
1154.744784	-38.418086
1155.189742	-38.234473
1155.635042	-38.140292
1156.080687	-38.130616
1156.526674	-38.200040
1156.973007	-38.341692
1157.419683	-38.546527
1157.866705	-38.802980
1158.314072	-39.097016
1158.761786	-39.412616
1159.209845	-39.732760
1159.658251	-40.040892
1160.107004	-40.322757
1160.556104	-40.568285
1161.005553	-40.773050
1161.455349	-40.938840
1161.905494	-41.073115
1162.355989	-41.187486
1162.806832	-41.295692
1163.258026	-41.411647
1163.709570	-41.547952
1164.161464	-41.715040
1164.613710	-41.920810
1165.066307	-42.170421
1165.519256	-42.465841
1165.972558	-42.804710
1166.426212	-43.178185
1166.880219	-43.567725
1167.334580	-43.941517
1167.789295	-44.252673
1168.244364	-44.443137
1168.699788	-44.456956
1169.155567	-44.260353
1169.611702	-43.856434
1170.068193	-43.282617
1170.525041	-42.593560
1170.982245	-41.843227
1171.439807	-41.075158
1171.897726	-40.320616
1172.356004	-39.600593
1172.814640	-38.928593
1173.273635	-38.312934
1173.732989	-37.758367
1174.192703	-37.267176
1174.652778	-36.839962
1175.113213	-36.476258
1175.574009	-36.175039
1176.035167	-35.935153
1176.496687	-35.755655
1176.958569	-35.636017
1177.420814	-35.576189
1177.883422	-35.576505
1178.346394	-35.637442
1178.809730	-35.759259
1179.273430	-35.941545
1179.737496	-36.182676
1180.201927	-36.479162
1180.666723	-36.824845
1181.131886	-37.209868
1181.597416	-37.619427
1182.063312	-38.032472
1182.529576	-38.420903
1182.996209	-38.750335
1183.463209	-38.983800
1183.930579	-39.089008
1184.398317	-39.047299
1184.866426	-38.859786
1185.334904	-38.546659
1185.803754	-38.140067
1186.272974	-37.674998
1186.742566	-37.182498
1187.212529	-36.686631
1187.682865	-36.204332
1188.153574	-35.746657
1188.624656	-35.320335
1189.096112	-34.929078
1189.567942	-34.574485
1190.040147	-34.256589
1190.512726	-33.974177
1190.985681	-33.725001
1191.459012	-33.505963
1191.932720	-33.313325
1192.406804	-33.142933
1192.881265	-32.990417
1193.356104	-32.851360
1193.831322	-32.721392
1194.306918	-32.596241
1194.782893	-32.471768
1195.259248	-32.344019
1195.735982	-32.209363
1196.213097	-32.064693
1196.690593	-31.907692
1197.168471	-31.737105
1197.646730	-31.552931
1198.125371	-31.356483
1198.604395	-31.150276
1199.083803	-30.937744
1199.563594	-30.722868
1200.043769	-30.509781
1200.524329	-30.302438
1201.005273	-30.104427
1201.486604	-29.918916
1201.968320	-29.748716
1202.450422	-29.596395
1202.932912	-29.464369
1203.415789	-29.354924
1203.899054	-29.270134
1204.382707	-29.211728
1204.866748	-29.180925
1205.351179	-29.178328
1205.836000	-29.203885
1206.321211	-29.256941
1206.806812	-29.336342
1207.292805	-29.440530
1207.779189	-29.567569
1208.265965	-29.715052
1208.753134	-29.879900
1209.240696	-30.058079
1209.728651	-30.244319
1210.217000	-30.431916
1210.705744	-30.612724
1211.194883	-30.777389
1211.684417	-30.915864
1212.174347	-31.018201
1212.664673	-31.075524
1213.155396	-31.081045
1213.646516	-31.030894
1214.138034	-30.924559
1214.629951	-30.764806
1215.122266	-30.557123
1215.614980	-30.308845
1216.108095	-30.028222
1216.601609	-29.723625
1217.095524	-29.402990
1217.589841	-29.073499
1218.084559	-28.741434
1218.579679	-28.412118
1219.075202	-28.089887
1219.571128	-27.778082
1220.067458	-27.479068
1220.564191	-27.194297
1221.061330	-26.924445
1221.558874	-26.669597
1222.056823	-26.429467
1222.555178	-26.203589
1223.053940	-25.991450
1223.553109	-25.792540
1224.052686	-25.606323
1224.552671	-25.432152
1225.053065	-25.269191
1225.553867	-25.116366
1226.055079	-24.972391
1226.556702	-24.835849
1227.058735	-24.705322
1227.561179	-24.579521
1228.064035	-24.457398
1228.567303	-24.338190
1229.070983	-24.221415
1229.575077	-24.106808
1230.079585	-23.994242
1230.584506	-23.883650
1231.089842	-23.774993
1231.595594	-23.668261
1232.101761	-23.563518
1232.608345	-23.460966
1233.115345	-23.360998
1233.622762	-23.264221
1234.130597	-23.171430
1234.638851	-23.083537
1235.147523	-23.001479
1235.656615	-22.926114
1236.166126	-22.858157
1236.676058	-22.798142
1237.186411	-22.746438
1237.697185	-22.703290
1238.208381	-22.668881
1238.719999	-22.643377
1239.232040	-22.626954
1239.744505	-22.619788
1240.257394	-22.622009
1240.770708	-22.633648
1241.284446	-22.654571
1241.798610	-22.684447
1242.313201	-22.722730
1242.828218	-22.768684
1243.343662	-22.821422
1243.859534	-22.879967
1244.375834	-22.943300
1244.892563	-23.010392
1245.409721	-23.080209
1245.927309	-23.151691
1246.445327	-23.223705
1246.963777	-23.295012
1247.482657	-23.364234
1248.001970	-23.429855
1248.521716	-23.490253
1249.041894	-23.543760
1249.562506	-23.588741
1250.083553	-23.623678
1250.605034	-23.647241
1251.126950	-23.658339
1251.649302	-23.656135
1252.172091	-23.640044
1252.695316	-23.609712
1253.218979	-23.564982
1253.743079	-23.505874
1254.267619	-23.432571
1254.792597	-23.345418
1255.318015	-23.244938
1255.843874	-23.131843
1256.370173	-23.007041
1256.896913	-22.871620
1257.424095	-22.726808
1257.951720	-22.573919
1258.479787	-22.414276
1259.008298	-22.249143
1259.537254	-22.079665
1260.066654	-21.906829
1260.596499	-21.731461
1261.126790	-21.554247
1261.657527	-21.375773
1262.188711	-21.196571
1262.720342	-21.017160
1263.252422	-20.838054
1263.784950	-20.659765
1264.317928	-20.482769
1264.851355	-20.307481
1265.385232	-20.134223
1265.919560	-19.963212
1266.454340	-19.794571
1266.989572	-19.628358
1267.525256	-19.464597
1268.061394	-19.303319
1268.597985	-19.144589
1269.135031	-18.988517
1269.672531	-18.835257
1270.210487	-18.684987
1270.748899	-18.537881
1271.287768	-18.394077
1271.827094	-18.253658
1272.366877	-18.116646
1272.907119	-17.983009
1273.447820	-17.852689
1273.988981	-17.725617
1274.530601	-17.601740
1275.072683	-17.481028
1275.615226	-17.363474
1276.158230	-17.249078
1276.701697	-17.137824
1277.245627	-17.029655
1277.790021	-16.924461
1278.334879	-16.822069
1278.880202	-16.722256
1279.425991	-16.624768
1279.972245	-16.529344
1280.518966	-16.435739
1281.066155	-16.343730
1281.613811	-16.253118
1282.161936	-16.163718
1282.710529	-16.075352
1283.259593	-15.987834
1283.809126	-15.900972
1284.359131	-15.814562
1284.909607	-15.728401
1285.460555	-15.642292
1286.011976	-15.556066
1286.563870	-15.469585
1287.116237	-15.382754
1287.669080	-15.295513
1288.222397	-15.207836
1288.776191	-15.119712
1289.330460	-15.031140
1289.885207	-14.942115
1290.440431	-14.852626
1290.996133	-14.762655
1291.552314	-14.672183
1292.108975	-14.581194
1292.666115	-14.489687
1293.223737	-14.397670
1293.781839	-14.305159
1294.340424	-14.212170
1294.899491	-14.118707
1295.459041	-14.024756
1296.019075	-13.930289
1296.579593	-13.835257
1297.140597	-13.739601
1297.702086	-13.643256
1298.264061	-13.546157
1298.826524	-13.448249
1299.389474	-13.349486
1299.952912	-13.249831
1300.516839	-13.149258
1301.081255	-13.047743
1301.646162	-12.945267
1302.211559	-12.841809
1302.777448	-12.737355
1303.343829	-12.631901
1303.910702	-12.525459
1304.478069	-12.418067
1305.045930	-12.309785
1305.614285	-12.200698
1306.183136	-12.090913
1306.752483	-11.980547
1307.322326	-11.869721
1307.892666	-11.758559
1308.463504	-11.647179
1309.034841	-11.535695
1309.606677	-11.424219
1310.179012	-11.312867
1310.751849	-11.201758
1311.325186	-11.091016
1311.899025	-10.980768
1312.473366	-10.871138
1313.048211	-10.762239
1313.623559	-10.654172
1314.199412	-10.547017
1314.775770	-10.440835
1315.352634	-10.335665
1315.930004	-10.231531
1316.507881	-10.128441
1317.086266	-10.026396
1317.665159	-9.925394
1318.244562	-9.825430
1318.824474	-9.726498
1319.404897	-9.628587
1319.985831	-9.531680
1320.567276	-9.435752
1321.149234	-9.340766
1321.731706	-9.246678
1322.314691	-9.153439
1322.898190	-9.060994
1323.482205	-8.969293
1324.066736	-8.878288
1324.651783	-8.787943
1325.237347	-8.698231
1325.823430	-8.609139
1326.410031	-8.520669
1326.997151	-8.432828
1327.584791	-8.345635
1328.172952	-8.259111
1328.761634	-8.173281
1329.350839	-8.088178
1329.940566	-8.003835
1330.530817	-7.920298
1331.121592	-7.837618
1331.712891	-7.755859
1332.304716	-7.675093
1332.897068	-7.595405
1333.489946	-7.516888
1334.083352	-7.439639
1334.677287	-7.363757
1335.271750	-7.289340
1335.866744	-7.216482
1336.462268	-7.145271
1337.058323	-7.075792
1337.654910	-7.008127
1338.252029	-6.942358
1338.849682	-6.878565
1339.447869	-6.816828
1340.046591	-6.757224
1340.645848	-6.699827
1341.245641	-6.644706
1341.845972	-6.591924
1342.446840	-6.541538
1343.048246	-6.493592
1343.650191	-6.448122
1344.252677	-6.405154
1344.855702	-6.364706
1345.459269	-6.326791
1346.063379	-6.291418
1346.668030	-6.258596
1347.273226	-6.228328
1347.878965	-6.200616
1348.485250	-6.175453
1349.092080	-6.152828
1349.699456	-6.132718
1350.307380	-6.115098
1350.915851	-6.099928
1351.524871	-6.087165
1352.134441	-6.076753
1352.744560	-6.068633
1353.355231	-6.062740
1353.966453	-6.059004
1354.578227	-6.057355
1355.190555	-6.057723
1355.803436	-6.060039
1356.416872	-6.064238
1357.030863	-6.070255
1357.645411	-6.078022
1358.260515	-6.087470
1358.876177	-6.098528
1359.492397	-6.111120
1360.109176	-6.125169
1360.726516	-6.140599
1361.344416	-6.157330
1361.962877	-6.175285
1362.581901	-6.194390
1363.201487	-6.214578
1363.821637	-6.235790
1364.442352	-6.257973
1365.063632	-6.281086
1365.685478	-6.305091
1366.307891	-6.329954
1366.930871	-6.355638
1367.554420	-6.382107
1368.178538	-6.409318
1368.803226	-6.437231
1369.428485	-6.465808
1370.054315	-6.495024
1370.680717	-6.524861
1371.307693	-6.555316
1371.935242	-6.586394
1372.563366	-6.618104
1373.192065	-6.650459
1373.821341	-6.683473
1374.451193	-6.717156
1375.081623	-6.751519
1375.712632	-6.786570
1376.344221	-6.822317
1376.976389	-6.858764
1377.609139	-6.895918
1378.242470	-6.933779
1378.876384	-6.972352
1379.510881	-7.011642
1380.145963	-7.051659
1380.781629	-7.092419
1381.417881	-7.133939
1382.054720	-7.176233
1382.692147	-7.219301
1383.330161	-7.263129
1383.968765	-7.307682
1384.607959	-7.352909
1385.247743	-7.398752
1385.888119	-7.445160
1386.529087	-7.492099
1387.170648	-7.539559
1387.812804	-7.587553
1388.455554	-7.636108
1389.098899	-7.685247
1389.742842	-7.734982
1390.387381	-7.785308
1391.032519	-7.836198
1391.678256	-7.887612
1392.324592	-7.939508
1392.971529	-7.991850
1393.619068	-8.044616
1394.267208	-8.097796
1394.915952	-8.151388
1395.565300	-8.205398
1396.215253	-8.259828
1396.865812	-8.314688
1397.516977	-8.369987
1398.168749	-8.425752
1398.821130	-8.482025
1399.474120	-8.538876
1400.127719	-8.596388
1400.781930	-8.654654
1401.436752	-8.713758
1402.092186	-8.773756
1402.748234	-8.834677
1403.404897	-8.896514
1404.062174	-8.959242
1404.720067	-9.022829
1405.378577	-9.087257
1406.037705	-9.152528
1406.697451	-9.218670
1407.357817	-9.285724
1408.018803	-9.353729
1408.680410	-9.422700
1409.342639	-9.492614
1410.005492	-9.563409
1410.668968	-9.634998
1411.333068	-9.707291
1411.997795	-9.780226
1412.663147	-9.853794
1413.329127	-9.928045
1413.995736	-10.003079
1414.662973	-10.079027
1415.330840	-10.156012
1415.999339	-10.234124
1416.668469	-10.313393
1417.338232	-10.393792
1418.008628	-10.475256
1418.679659	-10.557719
1419.351325	-10.641155
1420.023628	-10.725615
1420.696568	-10.811240
1421.370145	-10.898251
1422.044362	-10.986908
1422.719219	-11.077460
1423.394717	-11.170083
1424.070856	-11.264842
1424.747638	-11.361676
1425.425064	-11.460422
1426.103134	-11.560873
1426.781850	-11.662856
1427.461212	-11.766300
1428.141221	-11.871287
1428.821878	-11.978066
1429.503185	-12.087023
1430.185141	-12.198612
1430.867749	-12.313253
1431.551008	-12.431231
1432.234920	-12.552619
1432.919486	-12.677241
1433.604707	-12.804699
1434.290583	-12.934454
1434.977116	-13.065959
1435.664307	-13.198797
1436.352156	-13.332814
1437.040664	-13.468201
1437.729833	-13.605494
1438.419663	-13.745511
1439.110156	-13.889203
1439.801312	-14.037481
1440.493132	-14.191027
1441.185617	-14.350140
1441.878768	-14.514642
1442.572586	-14.683879
1443.267072	-14.856819
1443.962228	-15.032242
1444.658053	-15.208981
1445.354549	-15.386181
1446.051717	-15.563509
1446.749558	-15.741293
1447.448073	-15.920522
1448.147263	-16.102718
1448.847128	-16.289712
1449.547671	-16.483325
1450.248891	-16.685044
1450.950789	-16.895701
1451.653368	-17.115233
1452.356627	-17.342545
1453.060568	-17.575508
1453.765192	-17.811097
1454.470500	-18.045674
1455.176492	-18.275388
1455.883170	-18.496654
1456.590534	-18.706635
1457.298586	-18.903632
1458.007327	-19.087313
1458.716758	-19.258706
1459.426880	-19.419973
1460.137693	-19.574003
1460.849199	-19.723903
1461.561398	-19.872470
1462.274293	-20.021695
1462.987883	-20.172356
1463.702170	-20.323720
1464.417155	-20.473357
1465.132838	-20.617095
1465.849222	-20.749161
1466.566306	-20.862561
1467.284093	-20.949721
1468.002582	-21.003405
1468.721775	-21.017795
1469.441674	-20.989570
1470.162278	-20.918689
1470.883590	-20.808669
1471.605609	-20.666253
1472.328338	-20.500573
1473.051777	-20.322039
1473.775928	-20.141233
1474.500790	-19.967987
1475.226367	-19.810732
1475.952657	-19.676092
1476.679663	-19.568686
1477.407386	-19.491044
1478.135826	-19.443589
1478.864985	-19.424654
1479.594863	-19.430546
1480.325463	-19.455695
1481.056784	-19.492947
1481.788828	-19.534076
1482.521597	-19.570566
1483.255090	-19.594630
1483.989309	-19.600350
1484.724256	-19.584713
1485.459931	-19.548262
1486.196336	-19.495202
1486.933471	-19.432917
1487.671337	-19.371076
1488.409937	-19.320596
1489.149270	-19.292680
1489.889337	-19.298111
1490.630141	-19.346835
1491.371682	-19.447786
1492.113961	-19.608901
1492.856979	-19.837221
1493.600738	-20.139025
1494.345238	-20.519952
1495.090481	-20.985039
1495.836467	-21.538632
1496.583198	-22.184045
1497.330675	-22.922834
1498.078899	-23.753453
1498.827872	-24.668970
1499.577593	-25.653457
1500.328065	-26.676997
1501.079289	-27.690618
1501.831265	-28.625603
1502.583995	-29.404947
1503.337480	-29.970730
1504.091721	-30.313561
1504.846719	-30.477784
1505.602475	-30.536266
1506.358991	-30.557566
1507.116268	-30.585842
1507.874306	-30.634559
1508.633108	-30.687039
1509.392673	-30.700655
1510.153004	-30.617186
1510.914101	-30.382669
1511.675965	-29.971859
1512.438599	-29.401648
1513.202002	-28.722501
1513.966176	-27.996241
1514.731122	-27.276959
1515.496842	-26.602497
1516.263336	-25.993721
1517.030607	-25.456590
1517.798654	-24.983978
1518.567479	-24.556391
1519.337083	-24.142188
1520.107468	-23.699121
1520.878634	-23.179720
1521.650584	-22.541969
1522.423317	-21.762528
1523.196836	-20.845119
1523.971141	-19.818037
1524.746233	-18.722799
1525.522115	-17.601673
1526.298786	-16.489881
1527.076249	-15.413151
1527.854504	-14.388549
1528.633553	-13.426500
1529.413397	-12.532829
1530.194037	-11.710372
1530.975474	-10.960143
1531.757709	-10.282108
1532.540745	-9.675695
1533.324581	-9.140107
1534.109220	-8.674520
1534.894662	-8.278189
1535.680909	-7.950511
1536.467961	-7.691046
1537.255821	-7.499516
1538.044489	-7.375781
1538.833967	-7.319800
1539.624256	-7.331577
1540.415357	-7.411082
1541.207271	-7.558158
1542.000000	-7.772377
1542.793545	-8.052856
1543.587907	-8.397997
1544.383087	-8.805127
1545.179088	-9.270004
1545.975909	-9.786166
1546.773552	-10.344123
1547.572019	-10.930451
1548.371311	-11.527023
1549.171428	-12.110808
1549.972373	-12.654927
1550.774147	-13.131646
1551.576751	-13.517324
1552.380185	-13.798025
1553.184453	-13.973309
1553.989554	-14.056129
1554.795490	-14.068890
1555.602263	-14.037834
1556.409873	-13.988186
1557.218322	-13.941287
1558.027612	-13.913626
1558.837743	-13.917083
1559.648717	-13.959703
1560.460536	-14.046559
1561.273200	-14.180507
1562.086710	-14.362754
1562.901069	-14.593239
1563.716278	-14.870839
1564.532337	-15.193429
1565.349249	-15.557810
1566.167014	-15.959522
1566.985634	-16.392543
1567.805111	-16.848916
1568.625444	-17.318376
1569.446637	-17.788102
1570.268690	-18.242798
1571.091605	-18.665336
1571.915382	-19.038206
1572.740024	-19.345769
1573.565532	-19.576894
1574.391907	-19.727181
1575.219150	-19.799903
1576.047262	-19.805235
1576.876246	-19.758103
1577.706103	-19.675524
1578.536833	-19.574278
1579.368439	-19.469361
1580.200922	-19.373242
1581.034282	-19.295729
1581.868522	-19.244182
1582.703643	-19.223864
1583.539646	-19.238286
1584.376532	-19.289496
1585.214304	-19.378272
1586.052962	-19.504243
1586.892508	-19.665931
1587.732943	-19.860727
1588.574269	-20.084841
1589.416487	-20.333240
1590.259599	-20.599619
1591.103605	-20.876480
1591.948508	-21.155375
1592.794309	-21.427395
1593.641009	-21.683907
1594.488609	-21.917502
1595.337112	-22.122991
1596.186518	-22.298223
1597.036829	-22.444500
1597.888047	-22.566452
1598.740172	-22.671431
1599.593207	-22.768596
1600.447153	-22.867907
1601.302010	-22.979250
1602.157782	-23.111763
1603.014469	-23.273394
1603.872072	-23.470640
1604.730593	-23.708384
1605.590034	-23.989757
1606.450397	-24.315924
1607.311681	-24.685705
1608.173890	-25.094976
1609.037024	-25.535805
1609.901085	-25.995370
1610.766075	-26.454841
1611.631995	-26.888751
1612.498846	-27.265830
1613.366630	-27.552410
1614.235349	-27.718857
1615.105004	-27.747455
1615.975596	-27.638034
1616.847128	-27.407911
1617.719600	-27.086193
1618.593014	-26.705895
1619.467372	-26.297593
1620.342675	-25.886097
1621.218924	-25.489696
1622.096122	-25.120783
1622.974270	-24.786949
1623.853369	-24.492027
1624.733420	-24.236949
1625.614427	-24.020393
1626.496389	-23.839258
1627.379308	-23.689044
1628.263187	-23.564195
1629.148026	-23.458485
1630.033828	-23.365496
1630.920593	-23.279168
1631.808324	-23.194369
1632.697022	-23.107393
1633.586688	-23.016305
1634.477324	-22.921052
1635.368932	-22.823319
1636.261514	-22.726165
1637.155070	-22.633507
1638.049602	-22.549583
1638.945113	-22.478454
1639.841603	-22.423587
1640.739075	-22.387559
1641.637529	-22.371859
1642.536968	-22.376802
1643.437393	-22.401538
1644.338806	-22.444129
1645.241209	-22.501716
1646.144602	-22.570765
1647.048988	-22.647391
1647.954368	-22.727752
1648.860744	-22.808461
1649.768118	-22.886951
1650.676491	-22.961720
1651.585865	-23.032427
1652.496241	-23.099789
1653.407621	-23.165328
1654.320008	-23.231026
1655.233401	-23.298941
1656.147804	-23.370833
1657.063218	-23.447856
1657.979645	-23.530367
1658.897085	-23.617857
1659.815542	-23.709020
1660.735016	-23.801930
1661.655509	-23.894309
1662.577023	-23.983854
1663.499560	-24.068585
1664.423121	-24.147142
1665.347709	-24.218955
1666.273324	-24.284256
1667.199969	-24.343935
1668.127645	-24.399261
1669.056353	-24.451546
1669.986097	-24.501836
1670.916877	-24.550667
1671.848695	-24.597957
1672.781553	-24.643030
1673.715452	-24.684773
1674.650395	-24.721876
1675.586383	-24.753129
1676.523418	-24.777688
1677.461501	-24.795263
1678.400635	-24.806170
1679.340821	-24.811241
1680.282061	-24.811614
1681.224357	-24.808458
1682.167710	-24.802729
1683.112122	-24.794974
1684.057595	-24.785245
1685.004132	-24.773133
1685.951732	-24.757904
1686.900400	-24.738727
1687.850135	-24.714910
1688.800940	-24.686077
1689.752818	-24.652246
1690.705768	-24.613799
1691.659795	-24.571391
1692.614898	-24.525784
1693.571081	-24.477681
1694.528345	-24.427566
1695.486691	-24.375626
1696.446122	-24.321779
1697.406640	-24.265764
1698.368245	-24.207276
1699.330941	-24.146088
1700.294729	-24.082145
1701.259611	-24.015600
1702.225588	-23.946781
1703.192664	-23.876122
1704.160838	-23.804070
1705.130114	-23.730990
1706.100493	-23.657117
1707.071977	-23.582563
1708.044568	-23.507367
1709.018268	-23.431576
1709.993079	-23.355304
1710.969003	-23.278772
1711.946041	-23.202326
1712.924196	-23.126409
1713.903469	-23.051496
1714.883862	-22.978018
1715.865378	-22.906304
1716.848017	-22.836581
1717.831783	-22.769005
1718.816677	-22.703702
1719.802701	-22.640801
1720.789857	-22.580467
1721.778147	-22.522921
1722.767573	-22.468424
1723.758136	-22.417221
1724.749840	-22.369492
1725.742685	-22.325314
1726.736673	-22.284674
1727.731808	-22.247491
1728.728090	-22.213654
1729.725521	-22.183073
1730.724105	-22.155719
1731.723842	-22.131631
1732.724735	-22.110900
1733.726785	-22.093628
1734.729995	-22.079893
1735.734366	-22.069722
1736.739902	-22.063083
1737.746603	-22.059905
1738.754472	-22.060094
1739.763510	-22.063554
1740.773721	-22.070192
1741.785105	-22.079913
1742.797665	-22.092601
1743.811403	-22.108082
1744.826321	-22.126114
1745.842422	-22.146400
1746.859706	-22.168610
1747.878177	-22.192405
1748.897835	-22.217449
1749.918685	-22.243417
1750.940726	-22.269992
1751.963963	-22.296851
1752.988395	-22.323645
1754.014027	-22.349986
1755.040860	-22.375452
1756.068895	-22.399597
1757.098135	-22.421967
1758.128583	-22.442104
1759.160240	-22.459541
1760.193109	-22.473793
1761.227191	-22.484346
1762.262488	-22.490650
1763.299004	-22.492124
1764.336740	-22.488174
1765.375697	-22.478216
1766.415880	-22.461679
1767.457288	-22.438009
1768.499926	-22.406674
1769.543794	-22.367174
1770.588895	-22.319046
1771.635231	-22.261882
1772.682805	-22.195347
1773.731619	-22.119194
1774.781674	-22.033272
1775.832973	-21.937528
1776.885519	-21.831998
1777.939312	-21.716815
1778.994357	-21.592205
1780.050654	-21.458503
1781.108207	-21.316148
1782.167017	-21.165675
1783.227087	-21.007705
1784.288418	-20.842927
1785.351013	-20.672081
1786.414875	-20.495955
1787.480006	-20.315373
1788.546407	-20.131188
1789.614082	-19.944269
1790.683032	-19.755478
1791.753259	-19.565671
1792.824767	-19.375675
1793.897557	-19.186288
1794.971632	-18.998267
1796.046994	-18.812330
1797.123645	-18.629156
1798.201588	-18.449381
1799.280824	-18.273595
1800.361357	-18.102339
1801.443188	-17.936107
1802.526320	-17.775356
1803.610756	-17.620506
1804.696497	-17.471944
1805.783546	-17.330027
1806.871906	-17.195081
1807.961578	-17.067405
1809.052565	-16.947268
1810.144870	-16.834920
1811.238494	-16.730582
1812.333441	-16.634456
1813.429713	-16.546717
1814.527311	-16.467522
1815.626239	-16.397006
1816.726499	-16.335283
1817.828094	-16.282453
1818.931025	-16.238603
1820.035295	-16.203806
1821.140906	-16.178130
1822.247862	-16.161632
1823.356165	-16.154364
1824.465816	-16.156376
1825.576819	-16.167715
1826.689175	-16.188418
1827.802888	-16.218519
1828.917960	-16.258040
1830.034394	-16.306989
1831.152191	-16.365365
1832.271354	-16.433145
1833.391887	-16.510290
1834.513790	-16.596727
1835.637068	-16.692358
1836.761722	-16.797044
1837.887755	-16.910595
1839.015169	-17.032759
1840.143968	-17.163202
1841.274153	-17.301491
1842.405727	-17.447063
1843.538693	-17.599193
1844.673053	-17.756957
1845.808810	-17.919180
1846.945966	-18.084389
1848.084525	-18.250747
1849.224488	-18.415996
1850.365858	-18.577396
1851.508638	-18.731678
1852.652831	-18.875023
1853.798438	-19.003080
1854.945463	-19.111038
1856.093909	-19.193776
1857.243777	-19.246101
1858.395071	-19.263067
1859.547794	-19.240354
1860.701947	-19.174663
1861.857533	-19.064066
1863.014556	-18.908234
1864.173018	-18.708509
1865.332922	-18.467785
1866.494270	-18.190250
1867.657065	-17.881018
1868.821309	-17.545729
1869.987006	-17.190187
1871.154158	-16.820049
1872.322768	-16.440618
1873.492839	-16.056713
1874.664373	-15.672613
1875.837373	-15.292049
1877.011841	-14.918236
1878.187782	-14.553925
1879.365197	-14.201462
1880.544089	-13.862851
1881.724460	-13.539807
1882.906315	-13.233811
1884.089655	-12.946149
1885.274483	-12.677948
1886.460803	-12.430203
1887.648616	-12.203791
1888.837927	-11.999482
1890.028736	-11.817938
1891.221049	-11.659697
1892.414866	-11.525154
1893.610192	-11.414526
1894.807028	-11.327793
1896.005379	-11.264628
1897.205246	-11.224292
1898.406633	-11.205509
1899.609542	-11.206297
1900.813977	-11.223772
1902.019940	-11.253928
1903.227434	-11.291403
1904.436462	-11.329289
1905.647028	-11.359046
1906.859133	-11.370618
1908.072781	-11.352872
1909.287976	-11.294441
1910.504719	-11.184965
1911.723013	-11.016560
1912.942863	-10.785170
1914.164270	-10.491386
1915.387238	-10.140458
1916.611770	-9.741486
1917.837868	-9.306084
1919.065536	-8.846913
1920.294777	-8.376446
1921.525594	-7.906129
1922.757989	-7.445944
1923.991967	-7.004302
1925.227529	-6.588139
1926.464679	-6.203123
1927.703420	-5.853900
1928.943755	-5.544332
1930.185688	-5.277725
1931.429221	-5.057013
1932.674356	-4.884928
1933.921099	-4.764142
1935.169451	-4.697393
1936.419415	-4.687597
1937.670996	-4.737971
1938.924195	-4.852150
1940.179017	-5.034322
1941.435463	-5.289392
1942.693538	-5.623177
1943.953245	-6.042659
1945.214586	-6.556302
1946.477566	-7.174475
1947.742186	-7.909977
1949.008451	-8.778694
1950.276363	-9.800248
1951.545926	-10.998247
1952.817143	-12.398582
1954.090017	-14.020675
1955.364551	-15.845493
1956.640749	-17.718169
1957.918615	-19.160842
1959.198150	-19.471212
1960.479359	-18.606119
1961.762244	-17.256098
1963.046810	-15.939233
1964.333059	-14.836053
1965.620995	-13.977217
1966.910621	-13.349497
1968.201940	-12.931156
1969.494956	-12.701347
1970.789672	-12.641258
1972.086091	-12.732454
1973.384217	-12.953811
1974.684053	-13.277260
1975.985602	-13.662675
1977.288869	-14.053640
1978.593855	-14.378682
1979.900566	-14.564521
1981.209003	-14.562019
1982.519171	-14.369888
1983.831073	-14.035035
1985.144712	-13.629055
1986.460093	-13.221615
1987.777217	-12.866192
1989.096089	-12.597769
1990.416713	-12.435861
1991.739092	-12.387999
1993.063228	-12.451677
1994.389127	-12.614356
1995.716791	-12.851885
1997.046223	-13.126509
1998.377428	-13.387118
1999.710409	-13.575816
2001.045169	-13.643442
2002.381713	-13.569059
2003.720043	-13.370247
2005.060163	-13.095368
2006.402077	-12.804454
2007.745788	-12.552240
2009.091301	-12.379870
2010.438618	-12.313316
2011.787743	-12.364181
2013.138680	-12.529798
2014.491433	-12.791215
2015.846005	-13.109409
2017.202399	-13.422722
2018.560621	-13.652635
2019.920673	-13.725793
2021.282558	-13.607741
2022.646281	-13.323282
2024.011846	-12.943166
2025.379256	-12.550699
2026.748515	-12.215718
2028.119626	-11.985348
2029.492594	-11.884929
2030.867422	-11.920997
2032.244114	-12.082224
2033.622673	-12.337548
2035.003104	-12.633488
2036.385411	-12.896373
2037.769597	-13.048018
2039.155665	-13.036613
2040.543621	-12.864672
2041.933467	-12.588076
2043.325208	-12.286953
2044.718847	-12.034638
2046.114389	-11.881782
2047.511837	-11.853047
2048.911195	-11.947837
2050.312467	-12.140111
2051.715657	-12.377768
2053.120769	-12.587419
2054.527807	-12.693195
2055.936775	-12.649513
2057.347677	-12.467024
2058.760516	-12.207087
2060.175297	-11.950182
2061.592025	-11.765528
2063.010701	-11.696198
2064.431332	-11.755283
2065.853921	-11.924888
2067.278472	-12.155278
2068.704988	-12.369310
2070.133475	-12.482699
2071.563936	-12.442339
2072.996375	-12.258722
2074.430796	-12.000586
2075.867204	-11.757267
2077.305603	-11.602870
2078.745996	-11.579279
2080.188389	-11.691563
2081.632784	-11.906251
2083.079187	-12.151911
2084.527601	-12.332567
2085.978030	-12.365896
2087.430480	-12.232227
2088.884954	-11.989460
2090.341455	-11.736739
2091.799990	-11.565117
2093.260561	-11.529543
2094.723173	-11.640428
2096.187831	-11.861501
2097.654538	-12.111651
2099.123300	-12.283847
2100.594119	-12.294362
2102.067001	-12.138244
2103.541950	-11.894475
2105.018971	-11.674124
2106.498067	-11.565721
2107.979243	-11.609491
2109.462503	-11.790682
2110.947853	-12.039690
2112.435295	-12.246307
2113.924836	-12.306857
2115.416478	-12.191973
2116.910227	-11.970646
2118.406087	-11.760633
2119.904063	-11.661312
2121.404158	-11.717605
2122.906378	-11.909734
2124.410727	-12.154989
2125.917210	-12.331627
2127.425831	-12.343039
2128.936594	-12.189953
2130.449505	-11.971702
2131.964567	-11.813934
2133.481786	-11.800578
2135.001166	-11.944791
2136.522711	-12.183675
2138.046427	-12.394406
2139.572317	-12.454592
2141.100388	-12.333034
2142.630642	-12.119171
2144.163085	-11.951775
2145.697722	-11.931764
2147.234558	-12.079906
2148.773596	-12.327762
2150.314842	-12.537461
2151.858301	-12.577370
2153.403977	-12.429442
2154.951875	-12.209329
2156.502000	-12.070278
2158.054357	-12.106235
2159.608950	-12.311652
2161.165785	-12.578506
2162.724866	-12.740020
2164.286198	-12.688373
2165.849786	-12.478583
2167.415635	-12.279011
2168.983749	-12.236580
2170.554134	-12.395407
2172.126795	-12.676069
2173.701737	-12.902023
2175.278964	-12.913914
2176.858481	-12.721786
2178.440294	-12.499574
2180.024408	-12.427663
2181.610827	-12.576051
2183.199557	-12.870422
2184.790602	-13.116968
2186.383968	-13.132755
2187.979660	-12.929672
2189.577683	-12.706784
2191.178041	-12.659969
2192.780741	-12.849442
2194.385787	-13.167354
2195.993185	-13.384333
2197.602939	-13.332165
2199.215054	-13.092585
2200.829537	-12.908267
2202.446392	-12.954966
2204.065624	-13.229579
2205.687239	-13.544668
2207.311242	-13.646610
2208.937638	-13.473218
2210.566433	-13.235072
2212.197631	-13.180745
2213.831239	-13.391725
2215.467261	-13.731769
2217.105703	-13.924088
2218.746570	-13.815534
2220.389867	-13.571823
2222.035601	-13.477543
2223.683776	-13.662702
2225.334398	-14.012354
2226.987472	-14.232827
2228.643004	-14.137805
2230.300999	-13.894049
2231.961463	-13.811004
2233.624402	-14.023985
2235.289820	-14.390482
2236.957723	-14.582663
2238.628118	-14.439946
2240.301009	-14.197026
2241.976402	-14.178525
2243.654303	-14.468926
2245.334717	-14.839449
2247.017650	-14.931332
2248.703108	-14.704491
2250.391096	-14.507185
2252.081620	-14.626821
2253.774686	-15.015997
2255.470300	-15.312601
2257.168467	-15.220908
2258.869193	-14.947318
2260.572484	-14.904787
2262.278345	-15.225296
2263.986783	-15.633498
2265.697804	-15.694145
2267.411412	-15.417533
2269.127615	-15.258315
2270.846417	-15.495537
2272.567826	-15.949873
2274.291846	-16.126373
2276.018484	-15.872398
2277.747745	-15.642631
2279.479637	-15.822912
2281.214164	-16.301157
2282.951333	-16.547489
2284.691149	-16.309719
2286.433619	-16.051294
2288.178750	-16.223175
2289.926546	-16.726840
2291.677014	-16.986175
2293.430161	-16.732606
2295.185992	-16.486104
2296.944513	-16.710308
2298.705732	-17.240484
2300.469653	-17.434085
2302.236283	-17.126780
2304.005629	-16.946030
2305.777696	-17.284498
2307.552492	-17.812658
2309.330022	-17.850824
2311.110292	-17.501872
2312.893310	-17.476240
2314.679080	-17.962955
2316.467611	-18.384263
2318.258907	-18.198749
2320.052976	-17.909368
2321.849824	-18.137974
2323.649457	-18.699573
2325.451883	-18.824865
2327.257106	-18.474878
2329.065135	-18.432361
2330.875975	-18.930611
2332.689633	-19.313387
2334.506116	-19.063189
2336.325430	-18.831398
2338.147581	-19.188527
2339.972578	-19.720598
2341.800425	-19.641280
2343.631130	-19.315674
2345.464700	-19.531900
2347.301141	-20.121421
2349.140461	-20.193811
2350.982665	-19.833868
2352.827760	-19.946727
2354.675754	-20.556874
2356.526653	-20.735879
2358.380464	-20.367688
2360.237195	-20.425900
2362.096851	-21.050712
2363.959440	-21.273916
2365.824968	-20.893083
2367.693444	-20.946594
2369.564873	-21.588915
2371.439263	-21.775576
2373.316620	-21.363549
2375.196953	-21.463720
2377.080267	-22.119863
2378.966570	-22.194804
2380.855869	-21.773945
2382.748171	-21.995014
2384.643484	-22.644108
2386.541815	-22.543373
2388.443170	-22.180899
2390.347557	-22.589348
2392.254984	-23.147213
2394.165457	-22.838243
2396.078984	-22.652919
2397.995572	-23.274838
2399.915229	-23.600935
2401.837961	-23.167827
2403.763777	-23.317215
2405.692684	-24.055366
2407.624689	-23.980639
2409.559800	-23.636943
2411.498023	-24.206359
2413.439368	-24.728009
2415.383840	-24.268218
2417.331449	-24.340804
2419.282201	-25.167863
2421.236104	-25.059882
2423.193165	-24.644548
2425.153393	-25.319695
2427.116795	-25.774632
2429.083378	-25.130021
2431.053151	-25.349796
2433.026121	-26.227215
2435.002297	-25.759766
2436.981685	-25.455389
2438.964293	-26.418480
2440.950131	-26.472149
2442.939204	-25.758260
2444.931522	-26.477335
2446.927092	-27.147652
2448.925923	-26.285342
2450.928022	-26.577309
2452.933397	-27.709197
2454.942056	-27.017351
2456.954008	-26.849724
2458.969260	-28.155139
2460.987821	-27.832335
2463.009699	-27.269444
2465.034902	-28.505595
2467.063437	-28.583465
2469.095315	-27.761277
2471.130542	-28.818266
2473.169127	-29.187545
2475.211078	-28.233996
2477.256404	-29.091041
2479.305112	-29.589804
2481.357212	-28.622393
2483.412713	-29.352177
2485.471621	-29.871744
2487.533946	-28.977038
2489.599696	-29.675392
2491.668880	-30.110955
2493.741507	-29.332807
2495.817585	-30.096680
2497.897122	-30.378750
2499.980127	-29.772356
2502.066609	-30.680722
2504.156578	-30.714930
2506.250040	-30.329127
2508.347006	-31.378601
2510.447483	-31.072407
2512.551482	-31.021952
2514.659010	-32.112193
2516.770076	-31.430862
2518.884690	-31.838516
2521.002861	-32.657187
2523.124597	-31.735055
2525.249907	-32.680587
2527.378801	-32.843982
2529.511287	-32.076684
2531.647375	-33.413972
2533.787074	-32.705880
2535.930393	-32.552106
2538.077340	-33.798580
2540.227927	-32.546874
2542.382160	-33.282910
2544.540051	-33.754770
2546.701608	-32.681961
2548.866840	-34.117747
2551.035757	-33.480618
2553.208369	-33.345429
2555.384684	-34.704188
2557.564713	-33.480351
2559.748465	-34.546392
2561.935948	-34.775338
2564.127174	-34.153553
2566.322152	-35.776094
2568.520890	-34.795523
2570.723399	-35.563208
2572.929689	-36.100401
2575.139769	-35.396449
2577.353649	-36.855679
2579.571340	-35.927816
2581.792849	-36.634748
2584.018189	-36.750583
2586.247368	-36.297557
2588.480396	-37.203572
2590.717284	-36.331003
2592.958041	-37.095094
2595.202678	-36.644807
2597.451204	-36.824813
2599.703630	-37.050260
2601.959966	-36.717263
2604.220222	-37.400889
2606.484408	-36.801918
2608.752535	-37.646765
2611.024612	-37.153615
2613.300651	-37.782168
2615.580661	-37.797106
2617.864653	-37.848493
2620.152638	-38.659266
2622.444625	-38.062800
2624.740626	-39.541061
2627.040651	-38.589889
2629.344710	-40.145670
2631.652814	-39.441806
2633.964974	-40.414115
2636.281200	-40.424167
2638.601504	-40.359018
2640.925896	-41.239263
2643.254386	-40.156850
2645.586987	-41.715212
2647.923707	-39.956755
2650.264559	-41.749889
2652.609554	-39.897550
2654.958702	-41.512253
2657.312015	-40.052677
2659.669503	-41.172081
2662.031178	-40.367874
2664.397051	-40.893098
2666.767132	-40.767368
2669.141434	-40.708124
2671.519968	-41.190105
2673.902745	-40.728805
2676.289776	-41.712366
2678.681072	-40.995658
2681.076646	-42.353895
2683.476508	-41.549044
2685.880671	-43.214353
2688.289145	-42.361072
2690.701942	-44.190330
2693.119075	-43.286717
2695.540554	-45.094898
2697.966391	-44.080040
2700.396599	-45.619660
2702.831189	-44.607479
2705.270172	-45.743422
2707.713561	-44.862388
2710.161368	-45.552407
2712.613605	-45.029440
2715.070283	-45.271254
2717.531416	-45.152427
2719.997014	-44.884871
2722.467090	-45.235811
2724.941657	-44.436341
2727.420726	-45.224550
2729.904310	-44.021636
2732.392421	-45.234262
2734.885072	-43.775309
2737.382275	-45.354378
2739.884042	-43.883209
2742.390387	-45.720192
2744.901321	-44.403152
2747.416857	-46.224291
2749.937008	-45.415308
2752.461787	-46.701220
2754.991206	-46.844906
2757.525279	-47.004779
2760.064017	-48.548853
2762.607434	-47.266405
2765.155544	-50.000013
2767.708358	-47.905591
2770.265890	-50.435749
2772.828153	-49.180814
2775.395160	-49.919675
2777.966924	-51.042876
2780.543459	-49.290716
2783.124778	-52.001519
2785.710894	-49.279582
2788.301821	-50.578095
2790.897572	-49.884040
2793.498160	-48.754263
2796.103599	-50.249762
2798.713903	-47.948593
2801.329085	-49.449536
2803.949159	-48.371067
2806.574139	-48.314766
2809.204038	-49.609009
2811.838871	-48.132297
2814.478650	-50.110198
2817.123391	-49.342524
2819.773107	-49.466488
2822.427812	-51.114502
2825.087521	-49.492446
2827.752247	-51.112682
2830.422005	-51.081227
2833.096808	-50.480124
2835.776672	-52.926805
2838.461611	-51.751757
2841.151638	-52.736053
2843.846769	-55.012301
2846.547019	-53.408098
2849.252401	-55.254433
2851.962930	-56.843085
2854.678621	-54.603281
2857.399489	-56.140507
2860.125549	-56.753029
2862.856815	-53.943136
2865.593302	-55.035094
2868.335026	-55.168531
2871.082002	-52.965099
2873.834244	-54.606468
2876.591767	-54.873862
2879.354588	-53.156240
2882.122721	-55.102180
2884.896181	-55.394274
2887.674984	-53.232824
2890.459146	-54.584962
2893.248681	-55.065223
2896.043606	-52.838214
2898.843937	-53.940510
2901.649687	-55.218850
2904.460875	-53.230975
2907.277515	-54.155896
2910.099623	-56.565473
2912.927215	-54.734760
2915.760308	-55.094123
2918.598916	-58.830837
2921.443057	-58.024012
2924.292747	-56.772833
2927.148002	-59.655232
2930.008837	-62.553576
2932.875270	-58.161250
2935.747318	-57.414576
2938.624995	-60.962109
2941.508320	-60.005002
2944.397308	-57.326471
2947.291977	-59.269289
2950.192343	-64.383472
2953.098423	-61.028127
2956.010234	-58.888824
2958.927792	-60.586558
2961.851116	-64.557206
2964.780221	-60.417413
2967.715126	-57.678340
2970.655847	-58.914504
2973.602402	-61.569519
2976.554808	-58.516780
2979.513083	-56.554077
2982.477243	-57.987385
2985.447308	-60.852183
2988.423293	-59.138752
2991.405218	-57.715201
2994.393099	-59.341227
2997.386955	-64.094175
