# 2022-03-22_09.33.13
# shape = sech2
# FWHM_ps = 0.11
# carrier_nm = 1542
# frep_MHz = 12126
# pow_mW = 8000
# GDD = 0.0
# propa_len = 0.11177777777777778
# untap_len = 0.01
# taper_len = 0.05177777777777778
# waist_len = 0.02
# uptap_len = 0.02
# untap_scale = 1.0
# waist_scale = 0.3052631578947369
# workingDir = NL_20110305_12 (Spirou)
# axis = slow
# window_ps = 10.0
# steps = 200
# points = 21700
# 
# wavelength [nm]	 power spectral density [dB]
600.043425	-81.751463
600.163550	-81.849204
600.283723	-81.936519
600.403943	-82.007549
600.524212	-82.058932
600.644529	-82.088411
600.764895	-82.095094
600.885308	-82.079573
601.005770	-82.043951
601.126280	-81.991716
601.246839	-81.927492
601.367446	-81.856709
601.488101	-81.785233
601.608804	-81.719008
601.729557	-81.663678
601.850357	-81.624240
601.971206	-81.604756
602.092104	-81.608171
602.213050	-81.636112
602.334045	-81.688792
602.455089	-81.765085
602.576181	-81.862552
602.697322	-81.977562
602.818511	-82.105590
602.939749	-82.241456
603.061036	-82.379578
603.182372	-82.514277
603.303757	-82.640067
603.425191	-82.751969
603.546673	-82.845764
603.668204	-82.918407
603.789785	-82.968485
603.911414	-82.996466
604.033092	-83.004934
604.154820	-82.998612
604.276596	-82.984035
604.398422	-82.968952
604.520297	-82.961615
604.642220	-82.970055
604.764193	-83.001400
604.886216	-83.061391
605.008287	-83.154181
605.130408	-83.282315
605.252578	-83.446748
605.374798	-83.646931
605.497066	-83.881047
605.619385	-84.146068
605.741752	-84.437685
605.864169	-84.749955
605.986636	-85.074534
606.109152	-85.399744
606.231718	-85.709685
606.354333	-85.983932
606.476998	-86.198799
606.599712	-86.330769
606.722476	-86.362023
606.845290	-86.286255
606.968154	-86.111530
607.091067	-85.858564
607.214030	-85.555464
607.337043	-85.231427
607.460106	-84.912149
607.583219	-84.617584
607.706381	-84.361646
607.829594	-84.152841
607.952856	-83.995408
608.076169	-83.890729
608.199531	-83.838404
608.322944	-83.837119
608.446407	-83.885569
608.569920	-83.982987
608.693483	-84.129486
608.817096	-84.326136
608.940759	-84.574680
609.064473	-84.876860
609.188237	-85.233583
609.312051	-85.643639
609.435916	-86.102062
609.559831	-86.598243
609.683796	-87.114002
609.807812	-87.622471
609.931878	-88.088815
610.055995	-88.474784
610.180162	-88.747691
610.304380	-88.890628
610.428648	-88.908430
610.552967	-88.825237
610.677337	-88.675253
610.801757	-88.492774
610.926228	-88.305948
611.050750	-88.134770
611.175323	-87.991805
611.299946	-87.884466
611.424620	-87.817259
611.549345	-87.793577
611.674121	-87.816918
611.798948	-87.891731
611.923826	-88.023356
612.048755	-88.217523
612.173734	-88.479705
612.298765	-88.813946
612.423847	-89.221491
612.548980	-89.698913
612.674165	-90.235968
612.799400	-90.813216
612.924687	-91.400296
613.050025	-91.956312
613.175414	-92.434567
613.300854	-92.793978
613.426346	-93.012947
613.551889	-93.096891
613.677484	-93.074019
613.803130	-92.982608
613.928827	-92.858047
614.054576	-92.725650
614.180377	-92.599612
614.306229	-92.485452
614.432132	-92.384018
614.558087	-92.295743
614.684094	-92.223462
614.810153	-92.174078
614.936263	-92.158553
615.062425	-92.190734
615.188639	-92.286038
615.314904	-92.459552
615.441222	-92.724775
615.567591	-93.092952
615.694012	-93.572313
615.820486	-94.166864
615.947011	-94.874877
616.073588	-95.686319
616.200217	-96.578699
616.326898	-97.512280
616.453632	-98.426829
616.580417	-99.245422
616.707255	-99.892345
616.834144	-100.322453
616.961086	-100.539693
617.088081	-100.586598
617.215127	-100.514936
617.342226	-100.359821
617.469378	-100.130214
617.596581	-99.815337
617.723837	-99.397394
617.851146	-98.864957
617.978507	-98.223407
618.105920	-97.495961
618.233386	-96.716518
618.360905	-95.921599
618.488476	-95.144183
618.616100	-94.411106
618.743777	-93.742579
618.871506	-93.153598
618.999288	-92.655285
619.127123	-92.255560
619.255011	-91.960147
619.382951	-91.773140
619.510945	-91.696968
619.638991	-91.732294
619.767090	-91.877492
619.895243	-92.127785
620.023448	-92.474046
620.151706	-92.901198
620.280017	-93.385454
620.408382	-93.893278
620.536799	-94.382421
620.665270	-94.805488
620.793794	-95.118814
620.922371	-95.294321
621.051002	-95.325959
621.179686	-95.226787
621.308423	-95.019712
621.437213	-94.728384
621.566057	-94.373159
621.694954	-93.972177
621.823905	-93.544255
621.952909	-93.110587
622.081967	-92.695426
622.211079	-92.324861
622.340244	-92.024697
622.469462	-91.819134
622.598735	-91.730290
622.728061	-91.778175
622.857441	-91.981283
622.986874	-92.357414
623.116361	-92.923521
623.245903	-93.694523
623.375498	-94.678454
623.505147	-95.862975
623.634850	-97.184393
623.764606	-98.472287
623.894417	-99.417601
624.024282	-99.731142
624.154201	-99.454401
624.284174	-98.927054
624.414202	-98.475667
624.544283	-98.295800
624.674419	-98.503610
624.804609	-99.205765
624.934853	-100.566616
625.065151	-102.931091
625.195504	-107.274207
625.325911	-119.561247
625.456373	-111.845859
625.586889	-103.966151
625.717460	-99.908276
625.848085	-97.270898
625.978764	-95.435628
626.109498	-94.152558
626.240287	-93.300896
626.371131	-92.820116
626.502029	-92.683885
626.632982	-92.891293
626.763989	-93.466731
626.895052	-94.466147
627.026169	-95.993937
627.157341	-98.233910
627.288568	-101.439033
627.419850	-105.002160
627.551187	-104.074004
627.682579	-100.153836
627.814026	-97.033705
627.945528	-94.805919
628.077085	-93.216970
628.208697	-92.102095
628.340364	-91.363744
628.472087	-90.942314
628.603865	-90.799581
628.735698	-90.908376
628.867586	-91.243430
628.999530	-91.770258
629.131529	-92.428516
629.263584	-93.109838
629.395694	-93.647378
629.527859	-93.860691
629.660080	-93.671200
629.792357	-93.170767
629.924689	-92.544274
630.057077	-91.956449
630.189520	-91.512876
630.322019	-91.273089
630.454574	-91.272117
630.587184	-91.535547
630.719851	-92.086316
630.852573	-92.942947
630.985351	-94.097258
631.118185	-95.433415
631.251075	-96.532310
631.384021	-96.618727
631.517023	-95.420514
631.650081	-93.615595
631.783195	-91.826518
631.916365	-90.279455
632.049592	-89.012152
632.182874	-88.007918
632.316213	-87.240369
632.449608	-86.685501
632.583059	-86.324331
632.716567	-86.142480
632.850131	-86.129520
632.983751	-86.278211
633.117428	-86.583649
633.251161	-87.043036
633.384951	-87.654868
633.518797	-88.418115
633.652700	-89.331670
633.786660	-90.393012
633.920676	-91.595879
634.054749	-92.927791
634.188879	-94.365914
634.323065	-95.870148
634.457308	-97.375341
634.591608	-98.775447
634.725965	-99.897209
634.860379	-100.492140
634.994850	-100.332613
635.129377	-99.415893
635.263962	-97.995646
635.398604	-96.371996
635.533303	-94.746415
635.668058	-93.220729
635.802872	-91.836813
635.937742	-90.607376
636.072669	-89.532196
636.207654	-88.605480
636.342696	-87.819654
636.477796	-87.166960
636.612953	-86.640390
636.748167	-86.233590
636.883439	-85.940870
637.018768	-85.757713
637.154155	-85.680318
637.289599	-85.705327
637.425101	-85.829744
637.560660	-86.050797
637.696277	-86.365541
637.831952	-86.770237
637.967685	-87.259517
638.103475	-87.825390
638.239324	-88.456081
638.375230	-89.134042
638.511194	-89.834413
638.647215	-90.524667
638.783295	-91.167311
638.919433	-91.726346
639.055629	-92.177391
639.191883	-92.516951
639.328195	-92.765030
639.464565	-92.959086
639.600994	-93.143707
639.737481	-93.361469
639.874025	-93.648393
640.010629	-94.032227
640.147290	-94.531180
640.284010	-95.151998
640.420789	-95.884332
640.557625	-96.687430
640.694521	-97.467936
640.831474	-98.066578
640.968487	-98.295541
641.105558	-98.054278
641.242687	-97.420230
641.379876	-96.579302
641.517123	-95.702283
641.654429	-94.895819
641.791793	-94.212572
641.929216	-93.674256
642.066699	-93.286965
642.204240	-93.048510
642.341840	-92.951866
642.479499	-92.984485
642.617217	-93.125801
642.754994	-93.341155
642.892830	-93.574178
643.030726	-93.741574
643.168680	-93.741253
643.306694	-93.484620
643.444767	-92.941213
643.582899	-92.156895
643.721091	-91.223414
643.859342	-90.233025
643.997652	-89.254900
644.136022	-88.331653
644.274451	-87.486140
644.412940	-86.728766
644.551488	-86.063044
644.690096	-85.489192
644.828763	-85.005362
644.967490	-84.609360
645.106277	-84.299300
645.245124	-84.073413
645.384030	-83.930694
645.522997	-83.871051
645.662023	-83.895427
645.801109	-84.005827
645.940255	-84.205457
646.079460	-84.499362
646.218726	-84.894283
646.358052	-85.398947
646.497438	-86.024452
646.636884	-86.783693
646.776391	-87.690151
646.915957	-88.752237
647.055584	-89.957106
647.195271	-91.230664
647.335019	-92.355570
647.474826	-92.918926
647.614695	-92.562836
647.754623	-91.417009
647.894612	-89.924934
648.034662	-88.412685
648.174772	-87.018494
648.314943	-85.780358
648.455174	-84.698343
648.595466	-83.760930
648.735819	-82.954676
648.876233	-82.267559
649.016707	-81.689406
649.157242	-81.212292
649.297838	-80.830215
649.438495	-80.538799
649.579213	-80.335242
649.719992	-80.217918
649.860832	-80.186541
650.001733	-80.242207
650.142695	-80.387413
650.283718	-80.626250
650.424803	-80.964804
650.565949	-81.411865
650.707156	-81.979614
650.848424	-82.685205
650.989754	-83.553143
651.131145	-84.619591
651.272597	-85.940459
651.414111	-87.607223
651.555687	-89.785536
651.697324	-92.823507
651.839022	-97.677642
651.980782	-109.544498
652.122604	-103.041326
652.264488	-95.454854
652.406433	-91.504117
652.548441	-88.858625
652.690510	-86.900092
652.832640	-85.373028
652.974833	-84.147104
653.117088	-83.147142
653.259405	-82.326088
653.401784	-81.652856
653.544224	-81.106267
653.686727	-80.671291
653.829293	-80.337586
653.971920	-80.097923
654.114609	-79.947552
654.257361	-79.883751
654.400175	-79.905396
654.543052	-80.013157
654.685991	-80.209153
654.828992	-80.497110
654.972056	-80.882845
655.115183	-81.374446
655.258372	-81.983078
655.401623	-82.724075
655.544937	-83.618593
655.688314	-84.696093
655.831754	-85.999046
655.975256	-87.588912
656.118822	-89.553490
656.262450	-91.997639
656.406141	-94.887992
656.549894	-97.133569
656.693711	-96.269681
656.837591	-93.539610
656.981534	-90.985763
657.125540	-88.937703
657.269610	-87.312250
657.413742	-86.009018
657.557938	-84.954742
657.702196	-84.098767
657.846519	-83.405761
657.990904	-82.850869
658.135353	-82.416059
658.279866	-82.088160
658.424441	-81.857624
658.569081	-81.717735
658.713784	-81.664025
658.858550	-81.693884
659.003381	-81.806447
659.148274	-82.002755
659.293232	-82.285747
659.438253	-82.660413
659.583339	-83.134655
659.728488	-83.719694
659.873701	-84.431665
660.018978	-85.293222
660.164318	-86.336919
660.309723	-87.610214
660.455192	-89.183753
660.600725	-91.160220
660.746323	-93.663110
660.891984	-96.605078
661.037710	-98.376428
661.183500	-96.538369
661.329354	-93.417073
661.475272	-90.716915
661.621255	-88.549144
661.767303	-86.792177
661.913415	-85.342225
662.059591	-84.128443
662.205833	-83.103380
662.352138	-82.234556
662.498509	-81.499534
662.644944	-80.882418
662.791443	-80.372189
662.938008	-79.961295
663.084638	-79.644859
663.231332	-79.420256
663.378091	-79.286804
663.524915	-79.245620
663.671804	-79.299624
663.818759	-79.454070
663.965778	-79.716591
664.112863	-80.098112
664.260012	-80.614165
664.407227	-81.286655
664.554507	-82.147478
664.701853	-83.244641
664.849264	-84.654566
664.996740	-86.508809
665.144282	-89.060452
665.291889	-92.886312
665.439561	-99.493244
665.587300	-100.882155
665.735103	-93.442895
665.882973	-89.076239
666.030908	-86.151021
666.178909	-83.990984
666.326976	-82.309695
666.475109	-80.962553
666.623307	-79.867255
666.771571	-78.973321
666.919902	-78.248042
667.068298	-77.669663
667.216761	-77.223600
667.365289	-76.900316
667.513884	-76.694154
667.662545	-76.602554
667.811272	-76.625746
667.960065	-76.766626
668.108925	-77.030862
668.257851	-77.427218
668.406843	-77.967875
668.555902	-78.668712
668.705027	-79.548646
668.854219	-80.626022
669.003478	-81.904542
669.152803	-83.329014
669.302195	-84.672411
669.451653	-85.401374
669.601179	-84.979906
669.750771	-83.600967
669.900430	-81.889844
670.050156	-80.233598
670.199949	-78.760488
670.349808	-77.489542
670.499735	-76.407190
670.649729	-75.493673
670.799790	-74.730793
670.949918	-74.103975
671.100114	-73.602110
671.250377	-73.217159
671.400707	-72.943779
671.551104	-72.779100
671.701569	-72.722558
671.852101	-72.775835
672.002700	-72.943124
672.153368	-73.231595
672.304102	-73.652155
672.454905	-74.220643
672.605775	-74.960254
672.756713	-75.905168
672.907718	-77.107549
673.058791	-78.651332
673.209933	-80.681371
673.361142	-83.474028
673.512419	-87.602494
673.663764	-93.309851
673.815177	-91.022855
673.966658	-85.648205
674.118207	-82.082429
674.269825	-79.576477
674.421510	-77.701803
674.573264	-76.247171
674.725086	-75.097281
674.876977	-74.183273
675.028936	-73.461291
675.180963	-72.902164
675.333059	-72.485788
675.485224	-72.198137
675.637457	-72.029423
675.789758	-71.972815
675.942129	-72.023680
676.094568	-72.179004
676.247075	-72.436795
676.399652	-72.795418
676.552298	-73.252761
676.705012	-73.804869
676.857795	-74.443801
677.010648	-75.154014
677.163569	-75.907216
677.316560	-76.656058
677.469619	-77.330244
677.622748	-77.843210
677.775946	-78.117574
677.929214	-78.122215
678.082551	-77.890007
678.235957	-77.498037
678.389432	-77.030451
678.542977	-76.553418
678.696592	-76.109261
678.850276	-75.720037
679.004030	-75.393530
679.157853	-75.127862
679.311746	-74.914500
679.465709	-74.740339
679.619742	-74.589098
679.773844	-74.442936
679.928017	-74.284526
680.082259	-74.099554
680.236571	-73.879219
680.390954	-73.621740
680.545406	-73.332646
680.699929	-73.023512
680.854522	-72.709619
681.009185	-72.407666
681.163918	-72.133895
681.318722	-71.903087
681.473596	-71.728045
681.628540	-71.619668
681.783555	-71.587228
681.938641	-71.638596
682.093797	-71.780438
682.249023	-72.018058
682.404321	-72.354716
682.559689	-72.789779
682.715128	-73.315228
682.870637	-73.909236
683.026218	-74.525752
683.181869	-75.082551
683.337591	-75.459496
683.493385	-75.529979
683.649249	-75.229342
683.805185	-74.601926
683.961191	-73.768543
684.117269	-72.855696
684.273418	-71.955143
684.429639	-71.120852
684.585930	-70.380453
684.742294	-69.746318
684.898728	-69.223106
685.055234	-68.811898
685.211812	-68.512588
685.368461	-68.325104
685.525182	-68.250115
685.681975	-68.289368
685.838839	-68.445871
685.995775	-68.724021
686.152783	-69.129380
686.309863	-69.667999
686.467014	-70.344642
686.624238	-71.158351
686.781534	-72.092173
686.938902	-73.091819
687.096342	-74.029654
687.253854	-74.678509
687.411438	-74.784353
687.569095	-74.270853
687.726824	-73.320361
687.884626	-72.194617
688.042499	-71.076569
688.200446	-70.056109
688.358465	-69.167413
688.516556	-68.418759
688.674720	-67.808103
688.832957	-67.330322
688.991266	-66.980209
689.149649	-66.753716
689.308104	-66.648467
689.466632	-66.664009
689.625233	-66.801915
689.783906	-67.065973
689.942653	-67.462314
690.101473	-67.999394
690.260367	-68.687751
690.419333	-69.538637
690.578372	-70.559668
690.737485	-71.742326
690.896672	-73.030228
691.055931	-74.252772
691.215264	-75.058998
691.374671	-75.061158
691.534151	-74.247802
691.693704	-72.998474
691.853332	-71.671058
692.013033	-70.442653
692.172807	-69.372427
692.332656	-68.469525
692.492578	-67.726109
692.652575	-67.130205
692.812645	-66.670308
692.972789	-66.336819
693.133007	-66.122249
693.293300	-66.021082
693.453666	-66.029523
693.614107	-66.145266
693.774622	-66.367111
693.935211	-66.694555
694.095875	-67.127060
694.256613	-67.662808
694.417426	-68.296423
694.578313	-69.014942
694.739274	-69.791019
694.900311	-70.572989
695.061421	-71.275093
695.222607	-71.780742
695.383868	-71.977725
695.545203	-71.820050
695.706613	-71.359982
695.868098	-70.711064
696.029658	-69.986890
696.191293	-69.268860
696.353003	-68.604701
696.514789	-68.018504
696.676649	-67.520323
696.838585	-67.112668
697.000596	-66.794252
697.162682	-66.561938
697.324844	-66.411751
697.487081	-66.339256
697.649394	-66.339656
697.811782	-66.407666
697.974246	-66.537268
698.136786	-66.721372
698.299401	-66.951299
698.462092	-67.216451
698.624859	-67.503878
698.787702	-67.798228
698.950621	-68.082249
699.113616	-68.337898
699.276686	-68.548442
699.439833	-68.701017
699.603056	-68.788990
699.766355	-68.813209
699.929731	-68.781634
700.093183	-68.707372
700.256711	-68.606008
700.420315	-68.493077
700.583996	-68.382276
700.747754	-68.284391
700.911588	-68.206971
701.075499	-68.154260
701.239486	-68.127435
701.403550	-68.124809
701.567691	-68.142090
701.731909	-68.172693
701.896203	-68.208139
702.060575	-68.238751
702.225024	-68.254574
702.389549	-68.246567
702.554152	-68.207866
702.718832	-68.134963
702.883589	-68.028377
703.048424	-67.892576
703.213335	-67.735383
703.378324	-67.566852
703.543391	-67.398067
703.708535	-67.240089
703.873757	-67.103220
704.039056	-66.996546
704.204433	-66.927796
704.369887	-66.903333
704.535420	-66.928152
704.701030	-67.005877
704.866718	-67.138796
705.032484	-67.327558
705.198328	-67.570729
705.364250	-67.864091
705.530250	-68.199598
705.696328	-68.563954
705.862485	-68.937068
706.028720	-69.291063
706.195033	-69.591037
706.361424	-69.799073
706.527894	-69.882393
706.694442	-69.823195
706.861069	-69.625060
707.027775	-69.311800
707.194559	-68.919403
707.361422	-68.486291
707.528363	-68.046370
707.695384	-67.626144
707.862483	-67.244674
708.029661	-66.914964
708.196918	-66.645566
708.364254	-66.441922
708.531670	-66.307405
708.699164	-66.244044
708.866738	-66.252909
709.034391	-66.334344
709.202123	-66.487865
709.369935	-66.711802
709.537826	-67.002694
709.705796	-67.354219
709.873847	-67.755538
710.041976	-68.189191
710.210186	-68.628664
710.378475	-69.036769
710.546844	-69.366958
710.715292	-69.570440
710.883821	-69.609446
711.052429	-69.471298
711.221118	-69.173833
711.389887	-68.757882
711.558735	-68.272565
711.727664	-67.762912
711.896673	-67.263927
712.065763	-66.799960
712.234932	-66.386517
712.404183	-66.032636
712.573513	-65.742891
712.742924	-65.518850
712.912416	-65.359985
713.081988	-65.264120
713.251641	-65.227591
713.421375	-65.245215
713.591190	-65.310043
713.761085	-65.412985
713.931061	-65.542443
714.101119	-65.684076
714.271257	-65.821007
714.441476	-65.934642
714.611777	-66.006493
714.782159	-66.020774
714.952622	-65.967196
715.123166	-65.843113
715.293792	-65.654022
715.464499	-65.412160
715.635288	-65.133844
715.806158	-64.836645
715.977110	-64.537158
716.148143	-64.249666
716.319259	-63.985577
716.490456	-63.753450
716.661735	-63.559267
716.833096	-63.406764
717.004538	-63.297811
717.176063	-63.232552
717.347670	-63.209458
717.519359	-63.225418
717.691130	-63.275565
717.862984	-63.353059
718.034920	-63.449033
718.206938	-63.552583
718.379039	-63.651028
718.551222	-63.730654
718.723488	-63.777925
718.895836	-63.781158
719.068267	-63.732319
719.240781	-63.628383
719.413377	-63.471816
719.586057	-63.269966
719.758819	-63.033624
719.931664	-62.775213
720.104593	-62.507165
720.277604	-62.240697
720.450699	-61.985153
720.623876	-61.747814
720.797137	-61.533898
720.970482	-61.346736
721.143910	-61.188048
721.317421	-61.058175
721.491016	-60.956294
721.664694	-60.880563
721.838456	-60.828303
722.012302	-60.796118
722.186231	-60.780010
722.360244	-60.775540
722.534342	-60.777977
722.708523	-60.782461
722.882788	-60.784281
723.057137	-60.779068
723.231570	-60.763010
723.406088	-60.733129
723.580689	-60.687394
723.755375	-60.624794
723.930146	-60.545395
724.105000	-60.450214
724.279940	-60.341036
724.454963	-60.220224
724.630072	-60.090497
724.805265	-59.954690
724.980543	-59.815563
725.155905	-59.675656
725.331353	-59.537165
725.506885	-59.401896
725.682503	-59.271255
725.858205	-59.146239
726.033993	-59.027502
726.209865	-58.915403
726.385823	-58.810081
726.561866	-58.711541
726.737995	-58.619732
726.914209	-58.534592
727.090508	-58.456096
727.266893	-58.384263
727.443364	-58.319174
727.619920	-58.260978
727.796562	-58.209782
727.973290	-58.165602
728.150103	-58.128315
728.327003	-58.097546
728.503988	-58.072607
728.681060	-58.052451
728.858218	-58.035615
729.035461	-58.020264
729.212791	-58.004211
729.390208	-57.985012
729.567710	-57.960150
729.745299	-57.927203
729.922975	-57.884038
730.100737	-57.829037
730.278586	-57.761282
730.456521	-57.680636
730.634543	-57.587804
730.812652	-57.484297
730.990848	-57.372275
731.169130	-57.254353
731.347500	-57.133404
731.525957	-57.012338
731.704500	-56.893893
731.883131	-56.780497
732.061850	-56.674138
732.240655	-56.576290
732.419548	-56.487869
732.598528	-56.409237
732.777596	-56.340244
732.956751	-56.280255
733.135994	-56.228266
733.315325	-56.182980
733.494744	-56.142911
733.674250	-56.106500
733.853844	-56.072250
734.033526	-56.038846
734.213296	-56.005217
734.393154	-55.970608
734.573101	-55.934656
734.753135	-55.897351
734.933258	-55.859007
735.113469	-55.820208
735.293769	-55.781699
735.474157	-55.744268
735.654633	-55.708645
735.835198	-55.675396
736.015852	-55.644809
736.196594	-55.616849
736.377426	-55.591106
736.558346	-55.566753
736.739355	-55.542604
736.920453	-55.517174
737.101640	-55.488756
737.282916	-55.455587
737.464282	-55.415990
737.645736	-55.368549
737.827280	-55.312291
738.008914	-55.246826
738.190637	-55.172429
738.372449	-55.090079
738.554351	-55.001443
738.736342	-54.908745
738.918424	-54.814598
739.100595	-54.721862
739.282855	-54.633437
739.465206	-54.552069
739.647647	-54.480214
739.830178	-54.419923
740.012799	-54.372725
740.195510	-54.339552
740.378311	-54.320712
740.561203	-54.315857
740.744185	-54.324004
740.927258	-54.343541
741.110421	-54.372276
741.293674	-54.407495
741.477018	-54.446072
741.660453	-54.484592
741.843979	-54.519520
742.027596	-54.547394
742.211303	-54.565044
742.395102	-54.569842
742.578991	-54.559861
742.762972	-54.534045
742.947044	-54.492307
743.131207	-54.435525
743.315461	-54.365491
743.499807	-54.284748
743.684244	-54.196382
743.868773	-54.103815
744.053394	-54.010580
744.238106	-53.920112
744.422910	-53.835589
744.607805	-53.759797
744.792793	-53.695039
744.977872	-53.643072
745.163044	-53.605074
745.348307	-53.581644
745.533663	-53.572799
745.719111	-53.578006
745.904651	-53.596203
746.090283	-53.625854
746.276008	-53.665015
746.461826	-53.711380
746.647735	-53.762365
746.833738	-53.815189
747.019833	-53.866966
747.206021	-53.914815
747.392302	-53.955995
747.578676	-53.988000
747.765143	-54.008703
747.951703	-54.016474
748.138356	-54.010279
748.325102	-53.989745
748.511941	-53.955179
748.698874	-53.907571
748.885900	-53.848534
749.073019	-53.780164
749.260232	-53.704927
749.447539	-53.625506
749.634939	-53.544611
749.822433	-53.464838
750.010021	-53.388562
750.197703	-53.317854
750.385479	-53.254421
750.573348	-53.199573
750.761312	-53.154254
750.949370	-53.119090
751.137523	-53.094394
751.325769	-53.080233
751.514110	-53.076503
751.702545	-53.082929
751.891075	-53.099122
752.079700	-53.124557
752.268419	-53.158548
752.457233	-53.200213
752.646142	-53.248419
752.835145	-53.301692
753.024244	-53.358207
753.213437	-53.415766
753.402726	-53.471796
753.592110	-53.523431
753.781589	-53.567646
753.971163	-53.601439
754.160833	-53.622065
754.350598	-53.627290
754.540459	-53.615615
754.730415	-53.586413
754.920467	-53.540012
755.110615	-53.477697
755.300858	-53.401539
755.491198	-53.314243
755.681633	-53.218935
755.872164	-53.118895
756.062792	-53.017394
756.253515	-52.917580
756.444335	-52.822334
756.635252	-52.734225
756.826264	-52.655499
757.017373	-52.588046
757.208579	-52.533399
757.399881	-52.492749
757.591280	-52.466921
757.782776	-52.456359
757.974368	-52.461092
758.166058	-52.480676
758.357844	-52.514159
758.549728	-52.560068
758.741708	-52.616373
758.933786	-52.680460
759.125961	-52.749181
759.318233	-52.818971
759.510603	-52.885906
759.703071	-52.945907
759.895635	-52.994964
760.088298	-53.029389
760.281058	-53.046053
760.473916	-53.042616
760.666872	-53.017707
760.859926	-52.970975
761.053078	-52.903104
761.246328	-52.815738
761.439676	-52.711294
761.633122	-52.592812
761.826667	-52.463717
762.020310	-52.327636
762.214052	-52.188254
762.407892	-52.049143
762.601831	-51.913707
762.795868	-51.785051
762.990004	-51.665919
763.184239	-51.558700
763.378573	-51.465365
763.573006	-51.387436
763.767538	-51.325958
763.962169	-51.281495
764.156900	-51.254122
764.351729	-51.243394
764.546658	-51.248335
764.741687	-51.267431
764.936815	-51.298615
765.132042	-51.339280
765.327370	-51.386279
765.522797	-51.435970
765.718324	-51.484286
765.913950	-51.526869
766.109677	-51.559247
766.305504	-51.577016
766.501431	-51.576165
766.697458	-51.553357
766.893586	-51.506207
767.089814	-51.433522
767.286142	-51.335444
767.482571	-51.213471
767.679100	-51.070353
767.875730	-50.909872
768.072461	-50.736532
768.269293	-50.555290
768.466225	-50.371218
768.663259	-50.189245
768.860393	-50.013997
769.057629	-49.849614
769.254966	-49.699676
769.452404	-49.567146
769.649944	-49.454346
769.847585	-49.362965
770.045328	-49.294053
770.243172	-49.247988
770.441118	-49.224456
770.639166	-49.222418
770.837315	-49.240084
771.035567	-49.274847
771.233920	-49.323240
771.432376	-49.380912
771.630934	-49.442678
771.829594	-49.502616
772.028356	-49.554307
772.227220	-49.591187
772.426188	-49.607023
772.625257	-49.596503
772.824430	-49.555830
773.023705	-49.483179
773.223083	-49.378966
773.422563	-49.245816
773.622147	-49.088268
773.821834	-48.912260
774.021624	-48.724535
774.221517	-48.532082
774.421513	-48.341635
774.621613	-48.159354
774.821816	-47.990591
775.022122	-47.839821
775.222532	-47.710604
775.423046	-47.605575
775.623664	-47.526497
775.824385	-47.474279
776.025211	-47.448989
776.226140	-47.449839
776.427173	-47.475127
776.628311	-47.522211
776.829553	-47.587456
777.030899	-47.666183
777.232350	-47.752706
777.433905	-47.840428
777.635564	-47.922082
777.837328	-47.990159
778.039197	-48.037489
778.241171	-48.057924
778.443250	-48.047039
778.645433	-48.002693
778.847722	-47.925334
779.050116	-47.817891
779.252615	-47.685398
779.455219	-47.534363
779.657929	-47.372053
779.860744	-47.205823
780.063665	-47.042633
780.266691	-46.888695
780.469823	-46.749274
780.673061	-46.628599
780.876405	-46.529892
781.079855	-46.455372
781.283410	-46.406302
781.487072	-46.383010
781.690840	-46.384915
781.894715	-46.410502
782.098695	-46.457289
782.302783	-46.521817
782.506976	-46.599646
782.711277	-46.685387
782.915684	-46.772856
783.120198	-46.855336
783.324818	-46.925969
783.529546	-46.978310
783.734381	-47.006965
783.939322	-47.008205
784.144372	-46.980414
784.349528	-46.924325
784.554792	-46.842926
784.760163	-46.741048
784.965642	-46.624796
785.171228	-46.500907
785.376922	-46.376140
785.582724	-46.256773
785.788634	-46.148302
785.994651	-46.055234
786.200777	-45.980949
786.407011	-45.927682
786.613353	-45.896538
786.819804	-45.887479
787.026363	-45.899371
787.233030	-45.930001
787.439806	-45.976105
787.646691	-46.033453
787.853684	-46.096978
788.060786	-46.160987
788.267997	-46.219475
788.475317	-46.266529
788.682746	-46.296868
788.890285	-46.306381
789.097932	-46.292564
789.305689	-46.254805
789.513555	-46.194481
789.721531	-46.114762
789.929617	-46.020242
790.137812	-45.916413
790.346117	-45.809152
790.554531	-45.704227
790.763056	-45.606933
790.971691	-45.521824
791.180436	-45.452523
791.389291	-45.401660
791.598256	-45.370798
791.807332	-45.360419
792.016518	-45.369929
792.225815	-45.397655
792.435222	-45.440866
792.644740	-45.495804
792.854369	-45.557795
793.064109	-45.621412
793.273960	-45.680767
793.483922	-45.729915
793.693995	-45.763342
793.904180	-45.776505
794.114475	-45.766382
794.324882	-45.731831
794.535401	-45.673735
794.746031	-45.594904
794.956774	-45.499733
795.167627	-45.393716
795.378593	-45.282887
795.589671	-45.173299
795.800861	-45.070593
796.012162	-44.979716
796.223577	-44.904703
796.435103	-44.848553
796.646742	-44.813175
796.858493	-44.799359
797.070357	-44.806756
797.282334	-44.833855
797.494423	-44.877982
797.706626	-44.935325
797.918941	-45.001014
798.131369	-45.069279
798.343911	-45.133757
798.556566	-45.187909
798.769334	-45.225577
798.982215	-45.241620
799.195210	-45.232558
799.408319	-45.197015
799.621541	-45.135903
799.834877	-45.052325
800.048327	-44.951187
800.261890	-44.838614
800.475568	-44.721300
800.689360	-44.605920
800.903266	-44.498676
801.117287	-44.404978
801.331422	-44.329228
801.545671	-44.274720
801.760036	-44.243609
801.974514	-44.236896
802.189108	-44.254400
802.403816	-44.294733
802.618640	-44.355286
802.833578	-44.432215
803.048632	-44.520453
803.263800	-44.613816
803.479085	-44.705239
803.694484	-44.787202
803.909999	-44.852314
804.125630	-44.894065
804.341376	-44.907625
804.557239	-44.890503
804.773217	-44.842942
804.989311	-44.767901
805.205521	-44.670658
805.421847	-44.558119
805.638290	-44.437984
805.854849	-44.318015
806.071524	-44.205448
806.288316	-44.106506
806.505225	-44.026207
806.722250	-43.968256
806.939393	-43.934996
807.156652	-43.927417
807.374028	-43.945195
807.591521	-43.986704
807.809132	-44.049037
808.026859	-44.128027
808.244705	-44.218309
808.462667	-44.313499
808.680748	-44.406414
808.898946	-44.489496
809.117261	-44.555434
809.335695	-44.597873
809.554246	-44.612157
809.772916	-44.595992
809.991704	-44.549775
810.210610	-44.476597
810.429634	-44.381847
810.648777	-44.272549
810.868039	-44.156586
811.087419	-44.041954
811.306918	-43.936184
811.526535	-43.845884
811.746272	-43.776459
811.966127	-43.731963
812.186102	-43.715043
812.406196	-43.726923
812.626409	-43.767342
812.846742	-43.834545
813.067194	-43.925260
813.287766	-44.034670
813.508457	-44.156472
813.729269	-44.283017
813.950200	-44.405668
814.171251	-44.515362
814.392422	-44.603374
814.613714	-44.662306
814.835126	-44.687032
815.056658	-44.675424
815.278311	-44.628687
815.500084	-44.551141
815.721978	-44.449585
815.943993	-44.332373
816.166128	-44.208453
816.388385	-44.086547
816.610762	-43.974532
816.833261	-43.879073
817.055881	-43.805422
817.278623	-43.757337
817.501486	-43.737078
817.724471	-43.745378
817.947577	-43.781408
818.170805	-43.842757
818.394155	-43.925387
818.617627	-44.023607
818.841221	-44.130160
819.064937	-44.236485
819.288775	-44.333183
819.512736	-44.410782
819.736819	-44.460753
819.961025	-44.476617
820.185354	-44.454916
820.409805	-44.395725
820.634379	-44.302637
820.859076	-44.182161
821.083897	-44.042724
821.308840	-43.893562
821.533907	-43.743763
821.759097	-43.601548
821.984411	-43.473798
822.209848	-43.365861
822.435409	-43.281513
822.661093	-43.222984
822.886902	-43.190952
823.112834	-43.184636
823.338891	-43.201839
823.565072	-43.238911
823.791377	-43.290794
824.017807	-43.351088
824.244361	-43.412247
824.471039	-43.465928
824.697843	-43.503554
824.924771	-43.517103
825.151824	-43.500000
825.379002	-43.447967
825.606306	-43.359664
825.833734	-43.236848
826.061288	-43.084107
826.288967	-42.908171
826.516772	-42.717000
826.744703	-42.518873
826.972759	-42.321604
827.200941	-42.132007
827.429249	-41.955580
827.657683	-41.796338
827.886243	-41.656805
828.114930	-41.538059
828.343743	-41.439803
828.572682	-41.360489
828.801748	-41.297462
829.030941	-41.247118
829.260260	-41.205077
829.489706	-41.166455
829.719280	-41.126165
829.948980	-41.079278
830.178808	-41.021395
830.408763	-40.949022
830.638845	-40.859856
830.869055	-40.752983
831.099393	-40.628903
831.329858	-40.489384
831.560451	-40.337249
831.791173	-40.176058
832.022022	-40.009751
832.252999	-39.842344
832.484105	-39.677671
832.715339	-39.519165
832.946702	-39.369742
833.178193	-39.231724
833.409813	-39.106762
833.641561	-38.995831
833.873439	-38.899241
834.105445	-38.816628
834.337581	-38.747004
834.569846	-38.688790
834.802241	-38.639861
835.034764	-38.597640
835.267418	-38.559250
835.500201	-38.521652
835.733114	-38.481833
835.966157	-38.437020
836.199329	-38.384883
836.432632	-38.323700
836.666065	-38.252498
836.899629	-38.171113
837.133323	-38.080154
837.367147	-37.980916
837.601102	-37.875229
837.835188	-37.765268
838.069405	-37.653362
838.303752	-37.541821
838.538231	-37.432796
838.772841	-37.328153
839.007582	-37.229413
839.242455	-37.137685
839.477459	-37.053663
839.712595	-36.977618
839.947863	-36.909424
840.183263	-36.848565
840.418794	-36.794167
840.654458	-36.745060
840.890254	-36.699826
841.126182	-36.656858
841.362242	-36.614443
841.598435	-36.570875
841.834761	-36.524554
842.071220	-36.474113
842.307811	-36.418514
842.544536	-36.357124
842.781393	-36.289777
843.018384	-36.216793
843.255508	-36.138958
843.492765	-36.057433
843.730156	-35.973658
843.967681	-35.889224
844.205339	-35.805748
844.443132	-35.724761
844.681058	-35.647593
844.919118	-35.575307
845.157313	-35.508658
845.395642	-35.448078
845.634105	-35.393683
845.872703	-35.345310
846.111436	-35.302551
846.350303	-35.264827
846.589306	-35.231440
846.828443	-35.201612
847.067716	-35.174533
847.307124	-35.149400
847.546667	-35.125431
847.786345	-35.101881
848.026160	-35.078051
848.266110	-35.053304
848.506195	-35.027086
848.746417	-34.998933
848.986775	-34.968524
849.227269	-34.935713
849.467899	-34.900550
849.708666	-34.863315
849.949569	-34.824515
850.190609	-34.784861
850.431785	-34.745241
850.673099	-34.706645
850.914549	-34.670083
851.156137	-34.636494
851.397861	-34.606658
851.639723	-34.581116
851.881723	-34.560114
852.123860	-34.543573
852.366135	-34.531070
852.608547	-34.521890
852.851098	-34.515072
853.093786	-34.509492
853.336613	-34.503970
853.579578	-34.497367
853.822681	-34.488704
854.065923	-34.477253
854.309304	-34.462564
854.552823	-34.444514
854.796481	-34.423294
855.040278	-34.399356
855.284215	-34.373361
855.528290	-34.346095
855.772505	-34.318374
856.016859	-34.290994
856.261353	-34.264681
856.505987	-34.240035
856.750760	-34.217522
856.995673	-34.197449
857.240727	-34.179984
857.485920	-34.165181
857.731254	-34.152969
857.976729	-34.143184
858.222343	-34.135587
858.468099	-34.129873
858.713995	-34.125693
858.960032	-34.122667
859.206211	-34.120382
859.452530	-34.118439
859.698991	-34.116459
859.945593	-34.114080
860.192336	-34.110987
860.439222	-34.106927
860.686248	-34.101701
860.933417	-34.095190
861.180728	-34.087335
861.428181	-34.078138
861.675776	-34.067682
861.923514	-34.056115
862.171394	-34.043658
862.419417	-34.030607
862.667582	-34.017338
862.915890	-34.004313
863.164342	-33.992063
863.412936	-33.981187
863.661674	-33.972314
863.910555	-33.966074
864.159579	-33.963055
864.408747	-33.963741
864.658059	-33.968473
864.907515	-33.977383
865.157114	-33.990361
865.406858	-34.007039
865.656746	-34.026788
865.906778	-34.048750
866.156955	-34.071887
866.407277	-34.095072
866.657743	-34.117201
866.908354	-34.137294
867.159110	-34.154599
867.410011	-34.168702
867.661057	-34.179563
867.912249	-34.187523
868.163586	-34.193277
868.415069	-34.197807
868.666697	-34.202274
868.918472	-34.207879
869.170392	-34.215737
869.422458	-34.226766
869.674671	-34.241599
869.927030	-34.260510
870.179536	-34.283373
870.432188	-34.309667
870.684987	-34.338508
870.937933	-34.368718
871.191026	-34.398923
871.444266	-34.427641
871.697653	-34.453427
871.951188	-34.474998
872.204870	-34.491327
872.458700	-34.501755
872.712677	-34.506058
872.966803	-34.504465
873.221076	-34.497656
873.475498	-34.486686
873.730068	-34.472927
873.984787	-34.457959
874.239654	-34.443441
874.494669	-34.430975
874.749834	-34.421994
875.005147	-34.417682
875.260610	-34.418843
875.516222	-34.425890
875.771983	-34.438800
876.027894	-34.457122
876.283954	-34.480044
876.540164	-34.506457
876.796524	-34.535077
877.053033	-34.564587
877.309693	-34.593789
877.566503	-34.621739
877.823464	-34.647871
878.080575	-34.672083
878.337837	-34.694743
878.595249	-34.716650
878.852813	-34.738936
879.110528	-34.762919
879.368393	-34.789942
879.626410	-34.821205
879.884579	-34.857624
880.142899	-34.899715
880.401371	-34.947513
880.659994	-35.000587
880.918770	-35.058044
881.177698	-35.118645
881.436778	-35.180911
881.696010	-35.243266
881.955395	-35.304228
882.214933	-35.362548
882.474623	-35.417319
882.734467	-35.468032
882.994463	-35.514593
883.254613	-35.557259
883.514916	-35.596525
883.775372	-35.633010
884.035982	-35.667314
884.296746	-35.699901
884.557664	-35.731020
884.818735	-35.760674
885.079961	-35.788634
885.341341	-35.814475
885.602876	-35.837648
885.864565	-35.857606
886.126409	-35.873874
886.388407	-35.886129
886.650561	-35.894254
886.912870	-35.898355
887.175334	-35.898744
887.437953	-35.895891
887.700728	-35.890370
887.963658	-35.882805
888.226745	-35.873829
888.489987	-35.864010
888.753385	-35.853886
889.016940	-35.843942
889.280651	-35.834627
889.544518	-35.826405
889.808543	-35.819758
890.072723	-35.815212
890.337061	-35.813296
890.601556	-35.814565
890.866208	-35.819560
891.131017	-35.828741
891.395984	-35.842472
891.661109	-35.860971
891.926391	-35.884302
892.191831	-35.912372
892.457429	-35.944942
892.723186	-35.981671
892.989100	-36.022184
893.255173	-36.066126
893.521405	-36.113223
893.787796	-36.163354
894.054345	-36.216594
894.321053	-36.273202
894.587921	-36.333584
894.854948	-36.398286
895.122134	-36.467876
895.389480	-36.542847
895.656986	-36.623559
895.924651	-36.710135
896.192477	-36.802371
896.460463	-36.899734
896.728609	-37.001322
896.996915	-37.105874
897.265382	-37.211872
897.534010	-37.317590
897.802799	-37.421183
898.071749	-37.520840
898.340860	-37.614881
898.610132	-37.701861
898.879566	-37.780639
899.149162	-37.850394
899.418919	-37.910654
899.688838	-37.961250
899.958919	-38.002240
900.229162	-38.033855
900.499568	-38.056402
900.770136	-38.070266
901.040867	-38.075836
901.311761	-38.073502
901.582817	-38.063674
901.854037	-38.046812
902.125420	-38.023450
902.396966	-37.994213
902.668676	-37.959809
902.940550	-37.921060
903.212587	-37.878875
903.484788	-37.834212
903.757153	-37.788048
904.029683	-37.741359
904.302377	-37.695090
904.575236	-37.650118
904.848259	-37.607306
905.121447	-37.567496
905.394800	-37.531516
905.668319	-37.500196
905.942002	-37.474389
906.215852	-37.454944
906.489866	-37.442710
906.764047	-37.438500
907.038393	-37.443083
907.312906	-37.457121
907.587584	-37.481163
907.862429	-37.515617
908.137441	-37.560724
908.412619	-37.616590
908.687964	-37.683181
908.963476	-37.760315
909.239155	-37.847711
909.515002	-37.944999
909.791015	-38.051698
910.067197	-38.167240
910.343546	-38.291024
910.620063	-38.422375
910.896748	-38.560573
911.173601	-38.704837
911.450623	-38.854342
911.727813	-39.008190
912.005171	-39.165445
912.282699	-39.325078
912.560395	-39.486011
912.838261	-39.647063
913.116296	-39.806935
913.394500	-39.964225
913.672874	-40.117409
913.951418	-40.264895
914.230131	-40.404969
914.509015	-40.535834
914.788068	-40.655626
915.067292	-40.762379
915.346687	-40.854105
915.626252	-40.928868
915.905988	-40.984751
916.185895	-41.020031
916.465973	-41.033283
916.746223	-41.023478
917.026644	-40.990117
917.307236	-40.933354
917.588000	-40.854006
917.868937	-40.753632
918.150045	-40.634400
918.431325	-40.498949
918.712778	-40.350302
918.994404	-40.191607
919.276202	-40.025989
919.558173	-39.856422
919.840317	-39.685641
920.122634	-39.516036
920.405125	-39.349620
920.687789	-39.188046
920.970627	-39.032636
921.253639	-38.884402
921.536824	-38.744076
921.820184	-38.612168
922.103718	-38.489027
922.387427	-38.374879
922.671310	-38.269859
922.955368	-38.174068
923.239601	-38.087607
923.524009	-38.010535
923.808592	-37.942947
924.093351	-37.884936
924.378285	-37.836581
924.663396	-37.797945
924.948682	-37.769057
925.234144	-37.749895
925.519782	-37.740411
925.805597	-37.740503
926.091589	-37.750059
926.377757	-37.768990
926.664102	-37.797228
926.950624	-37.834730
927.237323	-37.881536
927.524200	-37.937728
927.811255	-38.003456
928.098487	-38.078905
928.385897	-38.164282
928.673485	-38.259810
928.961251	-38.365664
929.249196	-38.481982
929.537319	-38.608809
929.825621	-38.746023
930.114102	-38.893334
930.402762	-39.050211
930.691601	-39.215804
930.980620	-39.388933
931.269818	-39.568025
931.559196	-39.751061
931.848753	-39.935582
932.138491	-40.118653
932.428409	-40.296894
932.718508	-40.466575
933.008787	-40.623611
933.299246	-40.763697
933.589887	-40.882470
933.880709	-40.975711
934.171712	-41.039580
934.462896	-41.070877
934.754262	-41.067253
935.045810	-41.027445
935.337539	-40.951350
935.629451	-40.839987
935.921545	-40.695467
936.213822	-40.520758
936.506281	-40.319443
936.798922	-40.095530
937.091747	-39.853163
937.384755	-39.596471
937.677946	-39.329388
937.971321	-39.055486
938.264879	-38.777954
938.558621	-38.499542
938.852547	-38.222595
939.146657	-37.949033
939.440952	-37.680396
939.735431	-37.417927
940.030095	-37.162634
940.324943	-36.915333
940.619977	-36.676677
940.915196	-36.447197
941.210600	-36.227293
941.506189	-36.017305
941.801965	-35.817484
942.097926	-35.628029
942.394074	-35.449122
942.690407	-35.280931
942.986927	-35.123588
943.283634	-34.977216
943.580527	-34.841897
943.877608	-34.717654
944.174875	-34.604512
944.472330	-34.502470
944.769972	-34.411512
945.067802	-34.331612
945.365820	-34.262702
945.664026	-34.204691
945.962420	-34.157454
946.261002	-34.120830
946.559773	-34.094656
946.858733	-34.078759
947.157881	-34.072984
947.457219	-34.077186
947.756746	-34.091192
948.056462	-34.114801
948.356368	-34.147772
948.656464	-34.189843
948.956749	-34.240742
949.257225	-34.300181
949.557891	-34.367890
949.858748	-34.443607
950.159796	-34.527078
950.461034	-34.618051
950.762463	-34.716270
951.064084	-34.821498
951.365896	-34.933551
951.667900	-35.052261
951.970095	-35.177523
952.272483	-35.309236
952.575063	-35.447283
952.877835	-35.591543
953.180799	-35.741891
953.483956	-35.898180
953.787307	-36.060261
954.090850	-36.227949
954.394586	-36.400971
954.698516	-36.578930
955.002640	-36.761323
955.306957	-36.947405
955.611469	-37.136188
955.916174	-37.326406
956.221074	-37.516472
956.526169	-37.704432
956.831458	-37.887929
957.136942	-38.064203
957.442622	-38.230101
957.748496	-38.382196
958.054567	-38.516829
958.360833	-38.630238
958.667294	-38.718677
958.973952	-38.778588
959.280806	-38.806912
959.587857	-38.801251
959.895104	-38.760093
960.202548	-38.682948
960.510189	-38.570308
960.818027	-38.423629
961.126062	-38.245153
961.434295	-38.037766
961.742726	-37.804827
962.051355	-37.549941
962.360182	-37.276791
962.669207	-36.988928
962.978431	-36.689703
963.287854	-36.382189
963.597475	-36.069170
963.907296	-35.753071
964.217315	-35.436010
964.527535	-35.119781
964.837954	-34.805885
965.148573	-34.495569
965.459392	-34.189793
965.770411	-33.889317
966.081630	-33.594733
966.393051	-33.306494
966.704672	-33.024940
967.016494	-32.750309
967.328517	-32.482719
967.640742	-32.222212
967.953169	-31.968758
968.265797	-31.722295
968.578627	-31.482707
968.891660	-31.249865
969.204895	-31.023619
969.518332	-30.803797
969.831972	-30.590223
970.145816	-30.382715
970.459862	-30.181081
970.774112	-29.985115
971.088565	-29.794602
971.403223	-29.609339
971.718084	-29.429128
972.033149	-29.253769
972.348419	-29.083043
972.663893	-28.916713
972.979572	-28.754527
973.295456	-28.596217
973.611546	-28.441527
973.927840	-28.290207
974.244340	-28.142021
974.561046	-27.996732
974.877958	-27.854124
975.195076	-27.713999
975.512401	-27.576192
975.829932	-27.440571
976.147670	-27.307034
976.465615	-27.175501
976.783767	-27.045911
977.102126	-26.918242
977.420693	-26.792514
977.739468	-26.668811
978.058451	-26.547241
978.377642	-26.427931
978.697041	-26.311021
979.016649	-26.196662
979.336466	-26.084990
979.656492	-25.976145
979.976727	-25.870254
980.297171	-25.767438
980.617825	-25.667800
980.938689	-25.571438
981.259763	-25.478454
981.581048	-25.388952
981.902542	-25.303032
982.224248	-25.220782
982.546164	-25.142274
982.868291	-25.067562
983.190630	-24.996682
983.513180	-24.929655
983.835942	-24.866488
984.158916	-24.807161
984.482101	-24.751649
984.805500	-24.699949
985.129110	-24.652060
985.452934	-24.607983
985.776970	-24.567716
986.101220	-24.531249
986.425683	-24.498572
986.750359	-24.469658
987.075250	-24.444456
987.400354	-24.422888
987.725673	-24.404843
988.051206	-24.390203
988.376954	-24.378835
988.702916	-24.370597
989.029094	-24.365338
989.355487	-24.362921
989.682095	-24.363216
990.008919	-24.366109
990.335959	-24.371511
990.663216	-24.379368
990.990688	-24.389641
991.318377	-24.402299
991.646283	-24.417322
991.974406	-24.434713
992.302746	-24.454491
992.631304	-24.476665
992.960079	-24.501249
993.289072	-24.528275
993.618283	-24.557760
993.947713	-24.589712
994.277361	-24.624140
994.607227	-24.661065
994.937313	-24.700526
995.267618	-24.742617
995.598142	-24.787461
995.928886	-24.835186
996.259849	-24.885926
996.591033	-24.939828
996.922437	-24.997045
997.254061	-25.057732
997.585906	-25.122039
997.917972	-25.190112
998.250260	-25.262083
998.582768	-25.338093
998.915498	-25.418296
999.248450	-25.502865
999.581624	-25.591976
999.915020	-25.685801
1000.248639	-25.784524
1000.582480	-25.888333
1000.916545	-25.997427
1001.250832	-26.111990
1001.585343	-26.232166
1001.920077	-26.358089
1002.255035	-26.489917
1002.590218	-26.627787
1002.925624	-26.771808
1003.261255	-26.922105
1003.597111	-27.078797
1003.933192	-27.241984
1004.269497	-27.411785
1004.606029	-27.588306
1004.942785	-27.771598
1005.279768	-27.961659
1005.616977	-28.158447
1005.954412	-28.361874
1006.292074	-28.571795
1006.629962	-28.787993
1006.968077	-29.010139
1007.306420	-29.237804
1007.644990	-29.470453
1007.983787	-29.707393
1008.322813	-29.947762
1008.662067	-30.190521
1009.001549	-30.434408
1009.341259	-30.677873
1009.681199	-30.919060
1010.021367	-31.155769
1010.361765	-31.385429
1010.702392	-31.605147
1011.043250	-31.811726
1011.384337	-32.001700
1011.725654	-32.171441
1012.067202	-32.317303
1012.408980	-32.435728
1012.750989	-32.523452
1013.093230	-32.577730
1013.435702	-32.596420
1013.778405	-32.578147
1014.121341	-32.522534
1014.464508	-32.430155
1014.807908	-32.302370
1015.151540	-32.141320
1015.495405	-31.949832
1015.839503	-31.731160
1016.183835	-31.488781
1016.528400	-31.226230
1016.873198	-30.946943
1017.218231	-30.654187
1017.563498	-30.350973
1017.908999	-30.039965
1018.254735	-29.723479
1018.600707	-29.403484
1018.946913	-29.081611
1019.293354	-28.759240
1019.640032	-28.437547
1019.986945	-28.117467
1020.334094	-27.799719
1020.681480	-27.484887
1021.029102	-27.173460
1021.376961	-26.865810
1021.725058	-26.562199
1022.073391	-26.262807
1022.421962	-25.967784
1022.770772	-25.677245
1023.119819	-25.391252
1023.469104	-25.109851
1023.818628	-24.833088
1024.168391	-24.560988
1024.518393	-24.293553
1024.868634	-24.030786
1025.219115	-23.772700
1025.569836	-23.519303
1025.920796	-23.270597
1026.271997	-23.026571
1026.623438	-22.787180
1026.975121	-22.552362
1027.327044	-22.322039
1027.679208	-22.096122
1028.031614	-21.874536
1028.384262	-21.657221
1028.737152	-21.444096
1029.090284	-21.235057
1029.443659	-21.030004
1029.797276	-20.828863
1030.151137	-20.631570
1030.505240	-20.438041
1030.859587	-20.248171
1031.214178	-20.061870
1031.569013	-19.879059
1031.924093	-19.699644
1032.279417	-19.523534
1032.634985	-19.350648
1032.990799	-19.180901
1033.346858	-19.014208
1033.703162	-18.850478
1034.059712	-18.689624
1034.416509	-18.531576
1034.773551	-18.376257
1035.130841	-18.223579
1035.488377	-18.073450
1035.846160	-17.925766
1036.204190	-17.780428
1036.562468	-17.637333
1036.920994	-17.496384
1037.279768	-17.357505
1037.638790	-17.220623
1037.998061	-17.085652
1038.357581	-16.952503
1038.717350	-16.821087
1039.077368	-16.691331
1039.437636	-16.563167
1039.798154	-16.436510
1040.158922	-16.311285
1040.519940	-16.187446
1040.881209	-16.064959
1041.242729	-15.943804
1041.604501	-15.823955
1041.966524	-15.705405
1042.328798	-15.588170
1042.691325	-15.472248
1043.054103	-15.357638
1043.417135	-15.244362
1043.780419	-15.132429
1044.143956	-15.021847
1044.507746	-14.912627
1044.871791	-14.804775
1045.236088	-14.698302
1045.600641	-14.593214
1045.965447	-14.489521
1046.330508	-14.387228
1046.695824	-14.286342
1047.061395	-14.186872
1047.427222	-14.088827
1047.793304	-13.992213
1048.159642	-13.897052
1048.526237	-13.803369
1048.893088	-13.711190
1049.260196	-13.620553
1049.627561	-13.531495
1049.995183	-13.444049
1050.363063	-13.358250
1050.731201	-13.274139
1051.099597	-13.191748
1051.468251	-13.111099
1051.837164	-13.032214
1052.206336	-12.955106
1052.575767	-12.879767
1052.945458	-12.806190
1053.315409	-12.734365
1053.685619	-12.664270
1054.056090	-12.595876
1054.426821	-12.529148
1054.797814	-12.464052
1055.169067	-12.400550
1055.540582	-12.338593
1055.912359	-12.278136
1056.284398	-12.219132
1056.656698	-12.161536
1057.029262	-12.105308
1057.402088	-12.050413
1057.775177	-11.996824
1058.148530	-11.944517
1058.522146	-11.893467
1058.896027	-11.843657
1059.270171	-11.795059
1059.644580	-11.747656
1060.019254	-11.701419
1060.394193	-11.656306
1060.769397	-11.612260
1061.144867	-11.569220
1061.520602	-11.527136
1061.896604	-11.485948
1062.272872	-11.445609
1062.649407	-11.406083
1063.026210	-11.367339
1063.403279	-11.329357
1063.780616	-11.292130
1064.158221	-11.255663
1064.536094	-11.219986
1064.914235	-11.185130
1065.292645	-11.151139
1065.671325	-11.118057
1066.050273	-11.085941
1066.429491	-11.054839
1066.808979	-11.024782
1067.188738	-10.995804
1067.568766	-10.967919
1067.949066	-10.941120
1068.329636	-10.915386
1068.710478	-10.890693
1069.091592	-10.867020
1069.472977	-10.844349
1069.854635	-10.822665
1070.236565	-10.801968
1070.618768	-10.782280
1071.001243	-10.763631
1071.383993	-10.746068
1071.767016	-10.729642
1072.150313	-10.714413
1072.533884	-10.700446
1072.917730	-10.687796
1073.301850	-10.676519
1073.686246	-10.666671
1074.070917	-10.658298
1074.455864	-10.651450
1074.841087	-10.646155
1075.226586	-10.642425
1075.612362	-10.640265
1075.998415	-10.639664
1076.384745	-10.640591
1076.771353	-10.643001
1077.158238	-10.646852
1077.545401	-10.652105
1077.932843	-10.658724
1078.320564	-10.666698
1078.708564	-10.676019
1079.096842	-10.686699
1079.485401	-10.698756
1079.874240	-10.712208
1080.263358	-10.727066
1080.652757	-10.743332
1081.042438	-10.760998
1081.432399	-10.780020
1081.822641	-10.800320
1082.213166	-10.821805
1082.603972	-10.844388
1082.995061	-10.867985
1083.386433	-10.892510
1083.778087	-10.917884
1084.170025	-10.944065
1084.562246	-10.971029
1084.954751	-10.998775
1085.347541	-11.027328
1085.740615	-11.056740
1086.133973	-11.087058
1086.527617	-11.118316
1086.921546	-11.150521
1087.315761	-11.183667
1087.710262	-11.217725
1088.105050	-11.252645
1088.500124	-11.288376
1088.895485	-11.324888
1089.291134	-11.362189
1089.687070	-11.400292
1090.083294	-11.439235
1090.479806	-11.479068
1090.876607	-11.519808
1091.273696	-11.561455
1091.671075	-11.603980
1092.068744	-11.647325
1092.466702	-11.691436
1092.864950	-11.736268
1093.263489	-11.781808
1093.662319	-11.828107
1094.061440	-11.875274
1094.460852	-11.923449
1094.860555	-11.972771
1095.260551	-12.023353
1095.660840	-12.075249
1096.061421	-12.128437
1096.462295	-12.182813
1096.863462	-12.238216
1097.264923	-12.294481
1097.666678	-12.351474
1098.068727	-12.409121
1098.471071	-12.467458
1098.873710	-12.526624
1099.276644	-12.586801
1099.679874	-12.648163
1100.083400	-12.710868
1100.487222	-12.774985
1100.891340	-12.840442
1101.295756	-12.907069
1101.700468	-12.974668
1102.105478	-13.043020
1102.510787	-13.111970
1102.916393	-13.181457
1103.322298	-13.251532
1103.728502	-13.322334
1104.135005	-13.394078
1104.541807	-13.466968
1104.948909	-13.541128
1105.356312	-13.616593
1105.764015	-13.693283
1106.172019	-13.771007
1106.580324	-13.849547
1106.988931	-13.928710
1107.397840	-14.008365
1107.807051	-14.088479
1108.216564	-14.169129
1108.626380	-14.250483
1109.036500	-14.332762
1109.446923	-14.416164
1109.857649	-14.500784
1110.268680	-14.586599
1110.680016	-14.673460
1111.091657	-14.761089
1111.503602	-14.849177
1111.915854	-14.937447
1112.328411	-15.025715
1112.741275	-15.113969
1113.154445	-15.202350
1113.567922	-15.291086
1113.981706	-15.380454
1114.395798	-15.470671
1114.810198	-15.561833
1115.224906	-15.653912
1115.639923	-15.746753
1116.055249	-15.840076
1116.470884	-15.933629
1116.886829	-16.027263
1117.303084	-16.120927
1117.719650	-16.214753
1118.136526	-16.309067
1118.553713	-16.404248
1118.971212	-16.500619
1119.389022	-16.598434
1119.807145	-16.697800
1120.225580	-16.798629
1120.644328	-16.900734
1121.063389	-17.003903
1121.482763	-17.107974
1121.902452	-17.212929
1122.322454	-17.318909
1122.742771	-17.426163
1123.163404	-17.535040
1123.584351	-17.645855
1124.005614	-17.758729
1124.427193	-17.873630
1124.849089	-17.990384
1125.271301	-18.108661
1125.693830	-18.228102
1126.116677	-18.348415
1126.539842	-18.469415
1126.963324	-18.591094
1127.387126	-18.713608
1127.811246	-18.837192
1128.235685	-18.962041
1128.660444	-19.088159
1129.085522	-19.215411
1129.510922	-19.343535
1129.936641	-19.472096
1130.362682	-19.600663
1130.789044	-19.728999
1131.215728	-19.856970
1131.642734	-19.984497
1132.070063	-20.111689
1132.497714	-20.238693
1132.925689	-20.365510
1133.353987	-20.492096
1133.782610	-20.618399
1134.211556	-20.744245
1134.640827	-20.869401
1135.070424	-20.993698
1135.500345	-21.117083
1135.930593	-21.239649
1136.361166	-21.361552
1136.792067	-21.483075
1137.223294	-21.604496
1137.654848	-21.725853
1138.086730	-21.847214
1138.518940	-21.968723
1138.951479	-22.090361
1139.384346	-22.212122
1139.817543	-22.334181
1140.251069	-22.456690
1140.684925	-22.579727
1141.119111	-22.703437
1141.553628	-22.827956
1141.988475	-22.953364
1142.423655	-23.079706
1142.859166	-23.207151
1143.295009	-23.335874
1143.731185	-23.465854
1144.167694	-23.597140
1144.604536	-23.729856
1145.041711	-23.864011
1145.479221	-23.999512
1145.917065	-24.136436
1146.355245	-24.274650
1146.793759	-24.414032
1147.232609	-24.554667
1147.671795	-24.696493
1148.111317	-24.839420
1148.551177	-24.983443
1148.991373	-25.128544
1149.431907	-25.274608
1149.872779	-25.421255
1150.313989	-25.568168
1150.755538	-25.715094
1151.197426	-25.861548
1151.639653	-26.007194
1152.082220	-26.151758
1152.525128	-26.294879
1152.968376	-26.436313
1153.411966	-26.575907
1153.855897	-26.713542
1154.300169	-26.849000
1154.744784	-26.981937
1155.189742	-27.111968
1155.635042	-27.238532
1156.080687	-27.361254
1156.526674	-27.480098
1156.973007	-27.594931
1157.419683	-27.705815
1157.866705	-27.813272
1158.314072	-27.917723
1158.761786	-28.019323
1159.209845	-28.118281
1159.658251	-28.214529
1160.107004	-28.307666
1160.556104	-28.397670
1161.005553	-28.484820
1161.455349	-28.569331
1161.905494	-28.651898
1162.355989	-28.733423
1162.806832	-28.814476
1163.258026	-28.895761
1163.709570	-28.977532
1164.161464	-29.059321
1164.613710	-29.140909
1165.066307	-29.221945
1165.519256	-29.302324
1165.972558	-29.382584
1166.426212	-29.463506
1166.880219	-29.545767
1167.334580	-29.629918
1167.789295	-29.716253
1168.244364	-29.804375
1168.699788	-29.893449
1169.155567	-29.982572
1169.611702	-30.070966
1170.068193	-30.158438
1170.525041	-30.245548
1170.982245	-30.332943
1171.439807	-30.421308
1171.897726	-30.511125
1172.356004	-30.601933
1172.814640	-30.692850
1173.273635	-30.783138
1173.732989	-30.871627
1174.192703	-30.957596
1174.652778	-31.041633
1175.113213	-31.124846
1175.574009	-31.208321
1176.035167	-31.293030
1176.496687	-31.379085
1176.958569	-31.465604
1177.420814	-31.552000
1177.883422	-31.637511
1178.346394	-31.721558
1178.809730	-31.804759
1179.273430	-31.888516
1179.737496	-31.974463
1180.201927	-32.063964
1180.666723	-32.157450
1181.131886	-32.254181
1181.597416	-32.353491
1182.063312	-32.454613
1182.529576	-32.556707
1182.996209	-32.660551
1183.463209	-32.767586
1183.930579	-32.879161
1184.398317	-32.996720
1184.866426	-33.120154
1185.334904	-33.248194
1185.803754	-33.379652
1186.272974	-33.513115
1186.742566	-33.647661
1187.212529	-33.784200
1187.682865	-33.923264
1188.153574	-34.065595
1188.624656	-34.211914
1189.096112	-34.360939
1189.567942	-34.511015
1190.040147	-34.660182
1190.512726	-34.806327
1190.985681	-34.948737
1191.459012	-35.087586
1191.932720	-35.223135
1192.406804	-35.355977
1192.881265	-35.485673
1193.356104	-35.610796
1193.831322	-35.729924
1194.306918	-35.841019
1194.782893	-35.942905
1195.259248	-36.035641
1195.735982	-36.120161
1196.213097	-36.198232
1196.690593	-36.270956
1197.168471	-36.338805
1197.646730	-36.402141
1198.125371	-36.460824
1198.604395	-36.515105
1199.083803	-36.565297
1199.563594	-36.613050
1200.043769	-36.661142
1200.524329	-36.712038
1201.005273	-36.767600
1201.486604	-36.828601
1201.968320	-36.896439
1202.450422	-36.971298
1202.932912	-37.053928
1203.415789	-37.145341
1203.899054	-37.247027
1204.382707	-37.362270
1204.866748	-37.492917
1205.351179	-37.640792
1205.836000	-37.806959
1206.321211	-37.991523
1206.806812	-38.194720
1207.292805	-38.417565
1207.779189	-38.661181
1208.265965	-38.928258
1208.753134	-39.222206
1209.240696	-39.546130
1209.728651	-39.902007
1210.217000	-40.290199
1210.705744	-40.710602
1211.194883	-41.163400
1211.684417	-41.650921
1212.174347	-42.177146
1212.664673	-42.746696
1213.155396	-43.362652
1213.646516	-44.021518
1214.138034	-44.712068
1214.629951	-45.416676
1215.122266	-46.109893
1215.614980	-46.757607
1216.108095	-47.312878
1216.601609	-47.709474
1217.095524	-47.873421
1217.589841	-47.752871
1218.084559	-47.354717
1218.579679	-46.742797
1219.075202	-46.004741
1219.571128	-45.209386
1220.067458	-44.396794
1220.564191	-43.590849
1221.061330	-42.804976
1221.558874	-42.047695
1222.056823	-41.329313
1222.555178	-40.654795
1223.053940	-40.024402
1223.553109	-39.434005
1224.052686	-38.878023
1224.552671	-38.351114
1225.053065	-37.851575
1225.553867	-37.380021
1226.055079	-36.937875
1226.556702	-36.524289
1227.058735	-36.136309
1227.561179	-35.769782
1228.064035	-35.421344
1228.567303	-35.089713
1229.070983	-34.774932
1229.575077	-34.477940
1230.079585	-34.198819
1230.584506	-33.935972
1231.089842	-33.686258
1231.595594	-33.446881
1232.101761	-33.216535
1232.608345	-32.994946
1233.115345	-32.782776
1233.622762	-32.579831
1234.130597	-32.385231
1234.638851	-32.196542
1235.147523	-32.010754
1235.656615	-31.826361
1236.166126	-31.643001
1236.676058	-31.460856
1237.186411	-31.279750
1237.697185	-31.098962
1238.208381	-30.916854
1238.719999	-30.730970
1239.232040	-30.539473
1239.744505	-30.342139
1240.257394	-30.139800
1240.770708	-29.932675
1241.284446	-29.720509
1241.798610	-29.502460
1242.313201	-29.277354
1242.828218	-29.044365
1243.343662	-28.803782
1243.859534	-28.556737
1244.375834	-28.304513
1244.892563	-28.047582
1245.409721	-27.785808
1245.927309	-27.518920
1246.445327	-27.247040
1246.963777	-26.970839
1247.482657	-26.691707
1248.001970	-26.411067
1248.521716	-26.129480
1249.041894	-25.847070
1249.562506	-25.563752
1250.083553	-25.279756
1250.605034	-24.995827
1251.126950	-24.712996
1251.649302	-24.432211
1252.172091	-24.153848
1252.695316	-23.877883
1253.218979	-23.604017
1253.743079	-23.332269
1254.267619	-23.063320
1254.792597	-22.797900
1255.318015	-22.536394
1255.843874	-22.278788
1256.370173	-22.024799
1256.896913	-21.774169
1257.424095	-21.526999
1257.951720	-21.283643
1258.479787	-21.044621
1259.008298	-20.809975
1259.537254	-20.579402
1260.066654	-20.352545
1260.596499	-20.129339
1261.126790	-19.909918
1261.657527	-19.694568
1262.188711	-19.483520
1262.720342	-19.276523
1263.252422	-19.073330
1263.784950	-18.873652
1264.317928	-18.677500
1264.851355	-18.485116
1265.385232	-18.296712
1265.919560	-18.112180
1266.454340	-17.931226
1266.989572	-17.753659
1267.525256	-17.579321
1268.061394	-17.408391
1268.597985	-17.240985
1269.135031	-17.077118
1269.672531	-16.916550
1270.210487	-16.759031
1270.748899	-16.604430
1271.287768	-16.452749
1271.827094	-16.304092
1272.366877	-16.158498
1272.907119	-16.015769
1273.447820	-15.875620
1273.988981	-15.737897
1274.530601	-15.602615
1275.072683	-15.469796
1275.615226	-15.339477
1276.158230	-15.211512
1276.701697	-15.085627
1277.245627	-14.961676
1277.790021	-14.839625
1278.334879	-14.719538
1278.880202	-14.601438
1279.425991	-14.485182
1279.972245	-14.370593
1280.518966	-14.257523
1281.066155	-14.145935
1281.613811	-14.035916
1282.161936	-13.927459
1282.710529	-13.820500
1283.259593	-13.714932
1283.809126	-13.610603
1284.359131	-13.507460
1284.909607	-13.405594
1285.460555	-13.305093
1286.011976	-13.205876
1286.563870	-13.107800
1287.116237	-13.010778
1287.669080	-12.914863
1288.222397	-12.820062
1288.776191	-12.726437
1289.330460	-12.633979
1289.885207	-12.542570
1290.440431	-12.452124
1290.996133	-12.362695
1291.552314	-12.274339
1292.108975	-12.187097
1292.666115	-12.100971
1293.223737	-12.015874
1293.781839	-11.931749
1294.340424	-11.848652
1294.899491	-11.766667
1295.459041	-11.685836
1296.019075	-11.606163
1296.579593	-11.527607
1297.140597	-11.450139
1297.702086	-11.373825
1298.264061	-11.298789
1298.826524	-11.225073
1299.389474	-11.152659
1299.952912	-11.081534
1300.516839	-11.011746
1301.081255	-10.943367
1301.646162	-10.876487
1302.211559	-10.811157
1302.777448	-10.747368
1303.343829	-10.685133
1303.910702	-10.624504
1304.478069	-10.565540
1305.045930	-10.508355
1305.614285	-10.452974
1306.183136	-10.399365
1306.752483	-10.347529
1307.322326	-10.297549
1307.892666	-10.249494
1308.463504	-10.203429
1309.034841	-10.159369
1309.606677	-10.117271
1310.179012	-10.077146
1310.751849	-10.039061
1311.325186	-10.003100
1311.899025	-9.969320
1312.473366	-9.937661
1313.048211	-9.908083
1313.623559	-9.880658
1314.199412	-9.855469
1314.775770	-9.832578
1315.352634	-9.811938
1315.930004	-9.793523
1316.507881	-9.777352
1317.086266	-9.763475
1317.665159	-9.751985
1318.244562	-9.742882
1318.824474	-9.736096
1319.404897	-9.731598
1319.985831	-9.729441
1320.567276	-9.729688
1321.149234	-9.732370
1321.731706	-9.737408
1322.314691	-9.744747
1322.898190	-9.754368
1323.482205	-9.766332
1324.066736	-9.780654
1324.651783	-9.797280
1325.237347	-9.816082
1325.823430	-9.836991
1326.410031	-9.860062
1326.997151	-9.885281
1327.584791	-9.912556
1328.172952	-9.941718
1328.761634	-9.972697
1329.350839	-10.005467
1329.940566	-10.039958
1330.530817	-10.076081
1331.121592	-10.113670
1331.712891	-10.152531
1332.304716	-10.192565
1332.897068	-10.233739
1333.489946	-10.275926
1334.083352	-10.318874
1334.677287	-10.362359
1335.271750	-10.406257
1335.866744	-10.450489
1336.462268	-10.494854
1337.058323	-10.539112
1337.654910	-10.583016
1338.252029	-10.626386
1338.849682	-10.669117
1339.447869	-10.711022
1340.046591	-10.751818
1340.645848	-10.791268
1341.245641	-10.829182
1341.845972	-10.865454
1342.446840	-10.899928
1343.048246	-10.932366
1343.650191	-10.962559
1344.252677	-10.990386
1344.855702	-11.015736
1345.459269	-11.038549
1346.063379	-11.058719
1346.668030	-11.076074
1347.273226	-11.090592
1347.878965	-11.102298
1348.485250	-11.111230
1349.092080	-11.117377
1349.699456	-11.120730
1350.307380	-11.121338
1350.915851	-11.119389
1351.524871	-11.115039
1352.134441	-11.108368
1352.744560	-11.099504
1353.355231	-11.088607
1353.966453	-11.075952
1354.578227	-11.061784
1355.190555	-11.046294
1355.803436	-11.029646
1356.416872	-11.012110
1357.030863	-10.993964
1357.645411	-10.975494
1358.260515	-10.956936
1358.876177	-10.938448
1359.492397	-10.920285
1360.109176	-10.902726
1360.726516	-10.886061
1361.344416	-10.870428
1361.962877	-10.855965
1362.581901	-10.842891
1363.201487	-10.831434
1363.821637	-10.821774
1364.442352	-10.813963
1365.063632	-10.808109
1365.685478	-10.804301
1366.307891	-10.802704
1366.930871	-10.803380
1367.554420	-10.806308
1368.178538	-10.811450
1368.803226	-10.818867
1369.428485	-10.828581
1370.054315	-10.840520
1370.680717	-10.854565
1371.307693	-10.870584
1371.935242	-10.888515
1372.563366	-10.908251
1373.192065	-10.929623
1373.821341	-10.952322
1374.451193	-10.976122
1375.081623	-11.000918
1375.712632	-11.026459
1376.344221	-11.052359
1376.976389	-11.078306
1377.609139	-11.104021
1378.242470	-11.129270
1378.876384	-11.153722
1379.510881	-11.176973
1380.145963	-11.198684
1380.781629	-11.218651
1381.417881	-11.236699
1382.054720	-11.252477
1382.692147	-11.265683
1383.330161	-11.276236
1383.968765	-11.284149
1384.607959	-11.289303
1385.247743	-11.291578
1385.888119	-11.291001
1386.529087	-11.287770
1387.170648	-11.282104
1387.812804	-11.274123
1388.455554	-11.263960
1389.098899	-11.251984
1389.742842	-11.238638
1390.387381	-11.224272
1391.032519	-11.209133
1391.678256	-11.193614
1392.324592	-11.178241
1392.971529	-11.163492
1393.619068	-11.149631
1394.267208	-11.136965
1394.915952	-11.125952
1395.565300	-11.117022
1396.215253	-11.110388
1396.865812	-11.106202
1397.516977	-11.104727
1398.168749	-11.106266
1398.821130	-11.110885
1399.474120	-11.118584
1400.127719	-11.129365
1400.781930	-11.143272
1401.436752	-11.160248
1402.092186	-11.180080
1402.748234	-11.202422
1403.404897	-11.227074
1404.062174	-11.253827
1404.720067	-11.282246
1405.378577	-11.311777
1406.037705	-11.341997
1406.697451	-11.372582
1407.357817	-11.403073
1408.018803	-11.432886
1408.680410	-11.461524
1409.342639	-11.488697
1410.005492	-11.514167
1410.668968	-11.537523
1411.333068	-11.558381
1411.997795	-11.576724
1412.663147	-11.592675
1413.329127	-11.606181
1413.995736	-11.617180
1414.662973	-11.625977
1415.330840	-11.633097
1415.999339	-11.638892
1416.668469	-11.643557
1417.338232	-11.647620
1418.008628	-11.651822
1418.679659	-11.656640
1419.351325	-11.662330
1420.023628	-11.669332
1420.696568	-11.678274
1421.370145	-11.689533
1422.044362	-11.703122
1422.719219	-11.719139
1423.394717	-11.737977
1424.070856	-11.759713
1424.747638	-11.783951
1425.425064	-11.810457
1426.103134	-11.839265
1426.781850	-11.870077
1427.461212	-11.902124
1428.141221	-11.934862
1428.821878	-11.967996
1429.503185	-12.000966
1430.185141	-12.032860
1430.867749	-12.063057
1431.551008	-12.091285
1432.234920	-12.117156
1432.919486	-12.140127
1433.604707	-12.159977
1434.290583	-12.176980
1434.977116	-12.191412
1435.664307	-12.203410
1436.352156	-12.213443
1437.040664	-12.222418
1437.729833	-12.231140
1438.419663	-12.240205
1439.110156	-12.250390
1439.801312	-12.262665
1440.493132	-12.277833
1441.185617	-12.296308
1441.878768	-12.318512
1442.572586	-12.345001
1443.267072	-12.376053
1443.962228	-12.411503
1444.658053	-12.451158
1445.354549	-12.494957
1446.051717	-12.542554
1446.749558	-12.593202
1447.448073	-12.646179
1448.147263	-12.700971
1448.847128	-12.756873
1449.547671	-12.812881
1450.248891	-12.868213
1450.950789	-12.922461
1451.653368	-12.975166
1452.356627	-13.025742
1453.060568	-13.074040
1453.765192	-13.120449
1454.470500	-13.165314
1455.176492	-13.208873
1455.883170	-13.251874
1456.590534	-13.295506
1457.298586	-13.340590
1458.007327	-13.387724
1458.716758	-13.437893
1459.426880	-13.492083
1460.137693	-13.550530
1460.849199	-13.613217
1461.561398	-13.680349
1462.274293	-13.751667
1462.987883	-13.826181
1463.702170	-13.902881
1464.417155	-13.980979
1465.132838	-14.059339
1465.849222	-14.136492
1466.566306	-14.211521
1467.284093	-14.284068
1468.002582	-14.353812
1468.721775	-14.420614
1469.441674	-14.485344
1470.162278	-14.549371
1470.883590	-14.613989
1471.605609	-14.680776
1472.328338	-14.751772
1473.051777	-14.828686
1473.775928	-14.912482
1474.500790	-15.003861
1475.226367	-15.102925
1475.952657	-15.208575
1476.679663	-15.318616
1477.407386	-15.430110
1478.135826	-15.539407
1478.864985	-15.641908
1479.594863	-15.732677
1480.325463	-15.807202
1481.056784	-15.861516
1481.788828	-15.892396
1482.521597	-15.898165
1483.255090	-15.878980
1483.989309	-15.836302
1484.724256	-15.773013
1485.459931	-15.693383
1486.196336	-15.602240
1486.933471	-15.504445
1487.671337	-15.404766
1488.409937	-15.307352
1489.149270	-15.215295
1489.889337	-15.130432
1490.630141	-15.053313
1491.371682	-14.983201
1492.113961	-14.918002
1492.856979	-14.854435
1493.600738	-14.788482
1494.345238	-14.715618
1495.090481	-14.631126
1495.836467	-14.530820
1496.583198	-14.411280
1497.330675	-14.270209
1498.078899	-14.106948
1498.827872	-13.922315
1499.577593	-13.718505
1500.328065	-13.499093
1501.079289	-13.268472
1501.831265	-13.031334
1502.583995	-12.792575
1503.337480	-12.556790
1504.091721	-12.327781
1504.846719	-12.108829
1505.602475	-11.902529
1506.358991	-11.710557
1507.116268	-11.533976
1507.874306	-11.373549
1508.633108	-11.229610
1509.392673	-11.102157
1510.153004	-10.991211
1510.914101	-10.896878
1511.675965	-10.819175
1512.438599	-10.758134
1513.202002	-10.714091
1513.966176	-10.687383
1514.731122	-10.678313
1515.496842	-10.687582
1516.263336	-10.716122
1517.030607	-10.764876
1517.798654	-10.835430
1518.567479	-10.930008
1519.337083	-11.051206
1520.107468	-11.202433
1520.878634	-11.388151
1521.650584	-11.613636
1522.423317	-11.885022
1523.196836	-12.209434
1523.971141	-12.594568
1524.746233	-13.047972
1525.522115	-13.575842
1526.298786	-14.180291
1527.076249	-14.853630
1527.854504	-15.568278
1528.633553	-16.260411
1529.413397	-16.811869
1530.194037	-17.057327
1530.975474	-16.855815
1531.757709	-16.194580
1532.540745	-15.201385
1533.324581	-14.047144
1534.109220	-12.862868
1534.894662	-11.724098
1535.680909	-10.667025
1536.467961	-9.705775
1537.255821	-8.843651
1538.044489	-8.079163
1538.833967	-7.408944
1539.624256	-6.829018
1540.415357	-6.335337
1541.207271	-5.923970
1542.000000	-5.591050
1542.793545	-5.332691
1543.587907	-5.144987
1544.383087	-5.023970
1545.179088	-4.965626
1545.975909	-4.965999
1546.773552	-5.021312
1547.572019	-5.128016
1548.371311	-5.282841
1549.171428	-5.482867
1549.972373	-5.725410
1550.774147	-6.007707
1551.576751	-6.326810
1552.380185	-6.679370
1553.184453	-7.061236
1553.989554	-7.467385
1554.795490	-7.892118
1555.602263	-8.329028
1556.409873	-8.771308
1557.218322	-9.212349
1558.027612	-9.645804
1558.837743	-10.065640
1559.648717	-10.466464
1560.460536	-10.843312
1561.273200	-11.191449
1562.086710	-11.507018
1562.901069	-11.787732
1563.716278	-12.033355
1564.532337	-12.246416
1565.349249	-12.432654
1566.167014	-12.600084
1566.985634	-12.757799
1567.805111	-12.915229
1568.625444	-13.080591
1569.446637	-13.259915
1570.268690	-13.457370
1571.091605	-13.675200
1571.915382	-13.913692
1572.740024	-14.172437
1573.565532	-14.450487
1574.391907	-14.745961
1575.219150	-15.056639
1576.047262	-15.379424
1576.876246	-15.709026
1577.706103	-16.038170
1578.536833	-16.357385
1579.368439	-16.654441
1580.200922	-16.916050
1581.034282	-17.129433
1581.868522	-17.283318
1582.703643	-17.370982
1583.539646	-17.391281
1584.376532	-17.347928
1585.214304	-17.250118
1586.052962	-17.110134
1586.892508	-16.940530
1587.732943	-16.753493
1588.574269	-16.558316
1589.416487	-16.360608
1590.259599	-16.163199
1591.103605	-15.965885
1591.948508	-15.767095
1592.794309	-15.565837
1593.641009	-15.362091
1594.488609	-15.157577
1595.337112	-14.955559
1596.186518	-14.759203
1597.036829	-14.570439
1597.888047	-14.389023
1598.740172	-14.211971
1599.593207	-14.034336
1600.447153	-13.850868
1601.302010	-13.657758
1602.157782	-13.454058
1603.014469	-13.242335
1603.872072	-13.027778
1604.730593	-12.816383
1605.590034	-12.613130
1606.450397	-12.420493
1607.311681	-12.237979
1608.173890	-12.062952
1609.037024	-11.892036
1609.901085	-11.722895
1610.766075	-11.555741
1611.631995	-11.393577
1612.498846	-11.241286
1613.366630	-11.104138
1614.235349	-10.985869
1615.105004	-10.887387
1615.975596	-10.806632
1616.847128	-10.739154
1617.719600	-10.679847
1618.593014	-10.625042
1619.467372	-10.573735
1620.342675	-10.527979
1621.218924	-10.491918
1622.096122	-10.469671
1622.974270	-10.463411
1623.853369	-10.472086
1624.733420	-10.491316
1625.614427	-10.514925
1626.496389	-10.537326
1627.379308	-10.555707
1628.263187	-10.571310
1629.148026	-10.588764
1630.033828	-10.613686
1630.920593	-10.650024
1631.808324	-10.697871
1632.697022	-10.752988
1633.586688	-10.808616
1634.477324	-10.858300
1635.368932	-10.899082
1636.261514	-10.933170
1637.155070	-10.966724
1638.049602	-11.006860
1638.945113	-11.057882
1639.841603	-11.118660
1640.739075	-11.182813
1641.637529	-11.241371
1642.536968	-11.287045
1643.437393	-11.318084
1644.338806	-11.339179
1645.241209	-11.358777
1646.144602	-11.384337
1647.048988	-11.417990
1647.954368	-11.454993
1648.860744	-11.486000
1649.768118	-11.502051
1650.676491	-11.499965
1651.585865	-11.484813
1652.496241	-11.467388
1653.407621	-11.458712
1654.320008	-11.464370
1655.233401	-11.481695
1656.147804	-11.501816
1657.063218	-11.515059
1657.979645	-11.517256
1658.897085	-11.513130
1659.815542	-11.514022
1660.735016	-11.531655
1661.655509	-11.571500
1662.577023	-11.629355
1663.499560	-11.693341
1664.423121	-11.750496
1665.347709	-11.794371
1666.273324	-11.829185
1667.199969	-11.866815
1668.127645	-11.918661
1669.056353	-11.987918
1669.986097	-12.066100
1670.916877	-12.137220
1671.848695	-12.187371
1672.781553	-12.213626
1673.715452	-12.226545
1674.650395	-12.242960
1675.586383	-12.274886
1676.523418	-12.321851
1677.461501	-12.370986
1678.400635	-12.406152
1679.340821	-12.419815
1680.282061	-12.419559
1681.224357	-12.424115
1682.167710	-12.450842
1683.112122	-12.504639
1684.057595	-12.574744
1685.004132	-12.641678
1685.951732	-12.691342
1686.900400	-12.725564
1687.850135	-12.761190
1688.800940	-12.817686
1689.752818	-12.902195
1690.705768	-13.003364
1691.659795	-13.097707
1692.614898	-13.165952
1693.571081	-13.208026
1694.528345	-13.243007
1695.486691	-13.294255
1696.446122	-13.371007
1697.406640	-13.460512
1698.368245	-13.537100
1699.330941	-13.582166
1700.294729	-13.600696
1701.259611	-13.618291
1702.225588	-13.660969
1703.192664	-13.735116
1704.160838	-13.821920
1705.130114	-13.891825
1706.100493	-13.929008
1707.071977	-13.945718
1708.044568	-13.972352
1709.018268	-14.031491
1709.993079	-14.118772
1710.969003	-14.204929
1711.946041	-14.259244
1712.924196	-14.276949
1713.903469	-14.284373
1714.883862	-14.315973
1715.865378	-14.384659
1716.848017	-14.470559
1717.831783	-14.537518
1718.816677	-14.565745
1719.802701	-14.571654
1720.789857	-14.593592
1721.778147	-14.657165
1722.767573	-14.752325
1723.758136	-14.840799
1724.749840	-14.890111
1725.742685	-14.905108
1726.736673	-14.923797
1727.731808	-14.980913
1728.728090	-15.075156
1729.725521	-15.169132
1730.724105	-15.223682
1731.723842	-15.237342
1732.724735	-15.249043
1733.726785	-15.299536
1734.729995	-15.391949
1735.734366	-15.487646
1736.739902	-15.542586
1737.746603	-15.552618
1738.754472	-15.558160
1739.763510	-15.601541
1740.773721	-15.683482
1741.785105	-15.760896
1742.797665	-15.789932
1743.811403	-15.773568
1744.826321	-15.759413
1745.842422	-15.788936
1746.859706	-15.855210
1747.878177	-15.910638
1748.897835	-15.918277
1749.918685	-15.894356
1750.940726	-15.890345
1751.963963	-15.935907
1752.988395	-16.006614
1754.014027	-16.049010
1755.040860	-16.040153
1756.068895	-16.014186
1757.098135	-16.021621
1758.128583	-16.071279
1759.160240	-16.120307
1760.193109	-16.123315
1761.227191	-16.087641
1762.262488	-16.065207
1763.299004	-16.090515
1764.336740	-16.140651
1765.375697	-16.161824
1766.415880	-16.134738
1767.457288	-16.098803
1768.499926	-16.101544
1769.543794	-16.139136
1770.588895	-16.159737
1771.635231	-16.127729
1772.682805	-16.070666
1773.731619	-16.043812
1774.781674	-16.059975
1775.832973	-16.073819
1776.885519	-16.040693
1777.939312	-15.977816
1778.994357	-15.942614
1780.050654	-15.957098
1781.108207	-15.978132
1782.167017	-15.952263
1783.227087	-15.888129
1784.288418	-15.844869
1785.351013	-15.850860
1786.414875	-15.864497
1787.480006	-15.828961
1788.546407	-15.752420
1789.614082	-15.698253
1790.683032	-15.697497
1791.753259	-15.706598
1792.824767	-15.666865
1793.897557	-15.588533
1794.971632	-15.535898
1796.046994	-15.534574
1797.123645	-15.534513
1798.201588	-15.480361
1799.280824	-15.393198
1800.361357	-15.339514
1801.443188	-15.334776
1802.526320	-15.322929
1803.610756	-15.260103
1804.696497	-15.181469
1805.783546	-15.146680
1806.871906	-15.149835
1807.961578	-15.128235
1809.052565	-15.057388
1810.144870	-14.987627
1811.238494	-14.963401
1812.333441	-14.955353
1813.429713	-14.908210
1814.527311	-14.830309
1815.626239	-14.779910
1816.726499	-14.771427
1817.828094	-14.753466
1818.931025	-14.692399
1820.035295	-14.627001
1821.140906	-14.601912
1822.247862	-14.593261
1823.356165	-14.548757
1824.465816	-14.477034
1825.576819	-14.433691
1826.689175	-14.427514
1827.802888	-14.406304
1828.917960	-14.346171
1830.034394	-14.292263
1831.152191	-14.278323
1832.271354	-14.266957
1833.391887	-14.214192
1834.513790	-14.147707
1835.637068	-14.118004
1836.761722	-14.110301
1837.887755	-14.072587
1839.015169	-14.010031
1840.143968	-13.974478
1841.274153	-13.968526
1842.405727	-13.940002
1843.538693	-13.877485
1844.673053	-13.830951
1845.808810	-13.818451
1846.945966	-13.794306
1848.084525	-13.737079
1849.224488	-13.690914
1850.365858	-13.679841
1851.508638	-13.660528
1852.652831	-13.604760
1853.798438	-13.553991
1854.945463	-13.538092
1856.093909	-13.518170
1857.243777	-13.465048
1858.395071	-13.418917
1859.547794	-13.409059
1860.701947	-13.394204
1861.857533	-13.343718
1863.014556	-13.298568
1864.173018	-13.287074
1865.332922	-13.268047
1866.494270	-13.217304
1867.657065	-13.179465
1868.821309	-13.175237
1869.987006	-13.157538
1871.154158	-13.109075
1872.322768	-13.077572
1873.492839	-13.073209
1874.664373	-13.047746
1875.837373	-13.000312
1877.011841	-12.980744
1878.187782	-12.981039
1879.365197	-12.951494
1880.544089	-12.908599
1881.724460	-12.897098
1882.906315	-12.890071
1884.089655	-12.850207
1885.274483	-12.816135
1886.460803	-12.816336
1887.648616	-12.803935
1888.837927	-12.761819
1890.028736	-12.740335
1891.221049	-12.739980
1892.414866	-12.710687
1893.610192	-12.670583
1894.807028	-12.665160
1896.005379	-12.660319
1897.205246	-12.621769
1898.406633	-12.595240
1899.609542	-12.595615
1900.813977	-12.571296
1902.019940	-12.530984
1903.227434	-12.524541
1904.436462	-12.521307
1905.647028	-12.483713
1906.859133	-12.458622
1908.072781	-12.460125
1909.287976	-12.434687
1910.504719	-12.397134
1911.723013	-12.395417
1912.942863	-12.389520
1914.164270	-12.351258
1915.387238	-12.334712
1916.611770	-12.336874
1917.837868	-12.306142
1919.065536	-12.277913
1920.294777	-12.283884
1921.525594	-12.268695
1922.757989	-12.233376
1923.991967	-12.231309
1925.227529	-12.226923
1926.464679	-12.191890
1927.703420	-12.182558
1928.943755	-12.188675
1930.185688	-12.159615
1931.429221	-12.140092
1932.674356	-12.147826
1933.921099	-12.126173
1935.169451	-12.101540
1936.419415	-12.111128
1937.670996	-12.098771
1938.924195	-12.069558
1940.179017	-12.074750
1941.435463	-12.068789
1942.693538	-12.039585
1943.953245	-12.043267
1945.214586	-12.043436
1946.477566	-12.013782
1947.742186	-12.012837
1949.008451	-12.015909
1950.276363	-11.988141
1951.545926	-11.986320
1952.817143	-11.992013
1954.090017	-11.964121
1955.364551	-11.959250
1956.640749	-11.965519
1957.918615	-11.939339
1959.198150	-11.934971
1960.479359	-11.940969
1961.762244	-11.913904
1963.046810	-11.909189
1964.333059	-11.914457
1965.620995	-11.888558
1966.910621	-11.886381
1968.201940	-11.889578
1969.494956	-11.863110
1970.789672	-11.863805
1972.086091	-11.865473
1973.384217	-11.841259
1974.684053	-11.846290
1975.985602	-11.844194
1977.288869	-11.822156
1978.593855	-11.832025
1979.900566	-11.826964
1981.209003	-11.810026
1982.519171	-11.822996
1983.831073	-11.812993
1985.144712	-11.803093
1986.460093	-11.817858
1987.777217	-11.804271
1989.096089	-11.802948
1990.416713	-11.814831
1991.739092	-11.799287
1993.063228	-11.807850
1994.389127	-11.814078
1995.716791	-11.800423
1997.046223	-11.815768
1998.377428	-11.813700
1999.710409	-11.807804
2001.045169	-11.825605
2002.381713	-11.816188
2003.720043	-11.820875
2005.060163	-11.833824
2006.402077	-11.823092
2007.745788	-11.837925
2009.091301	-11.840337
2010.438618	-11.835663
2011.787743	-11.853496
2013.138680	-11.846364
2014.491433	-11.853474
2015.846005	-11.863960
2017.202399	-11.855101
2018.560621	-11.871541
2019.920673	-11.869630
2021.282558	-11.870099
2022.646281	-11.884879
2024.011846	-11.876109
2025.379256	-11.889756
2026.748515	-11.893240
2028.119626	-11.891556
2029.492594	-11.908891
2030.867422	-11.903608
2032.244114	-11.917433
2033.622673	-11.925332
2035.003104	-11.926246
2036.385411	-11.946641
2037.769597	-11.945364
2039.155665	-11.962707
2040.543621	-11.973582
2041.933467	-11.979184
2043.325208	-12.002387
2044.718847	-12.004287
2046.114389	-12.026281
2047.511837	-12.037794
2048.911195	-12.049214
2050.312467	-12.072971
2051.715657	-12.077843
2053.120769	-12.104172
2054.527807	-12.114004
2055.936775	-12.132676
2057.347677	-12.153688
2058.760516	-12.163209
2060.175297	-12.191403
2061.592025	-12.199584
2063.010701	-12.225484
2064.431332	-12.240429
2065.853921	-12.258011
2067.278472	-12.282383
2068.704988	-12.292624
2070.133475	-12.321462
2071.563936	-12.331275
2072.996375	-12.357523
2074.430796	-12.372787
2075.867204	-12.392189
2077.305603	-12.415262
2078.745996	-12.428334
2080.188389	-12.456631
2081.632784	-12.467871
2083.079187	-12.497107
2084.527601	-12.511239
2085.978030	-12.537908
2087.430480	-12.558513
2088.884954	-12.580994
2090.341455	-12.608840
2091.799990	-12.628623
2093.260561	-12.662138
2094.723173	-12.681172
2096.187831	-12.718693
2097.654538	-12.739844
2099.123300	-12.777638
2100.594119	-12.803948
2102.067001	-12.840578
2103.541950	-12.872575
2105.018971	-12.905920
2106.498067	-12.945576
2107.979243	-12.976213
2109.462503	-13.018025
2110.947853	-13.051289
2112.435295	-13.093384
2113.924836	-13.125868
2115.416478	-13.170729
2116.910227	-13.202354
2118.406087	-13.246880
2119.904063	-13.279052
2121.404158	-13.323042
2122.906378	-13.354577
2124.410727	-13.398386
2125.917210	-13.429609
2127.425831	-13.472381
2128.936594	-13.504573
2130.449505	-13.546279
2131.964567	-13.578917
2133.481786	-13.621024
2135.001166	-13.654218
2136.522711	-13.696424
2138.046427	-13.730501
2139.572317	-13.774071
2141.100388	-13.808118
2142.630642	-13.853495
2144.163085	-13.888468
2145.697722	-13.935936
2147.234558	-13.971946
2148.773596	-14.022645
2150.314842	-14.060617
2151.858301	-14.114819
2153.403977	-14.155685
2154.951875	-14.213870
2156.502000	-14.258183
2158.054357	-14.320208
2159.608950	-14.368078
2161.165785	-14.433480
2162.724866	-14.485216
2164.286198	-14.552298
2165.849786	-14.608396
2167.415635	-14.676036
2168.983749	-14.736405
2170.554134	-14.802842
2172.126795	-14.868581
2173.701737	-14.932092
2175.278964	-15.002540
2176.858481	-15.063305
2178.440294	-15.137235
2180.024408	-15.195086
2181.610827	-15.270803
2183.199557	-15.327752
2184.790602	-15.401610
2186.383968	-15.460699
2187.979660	-15.529891
2189.577683	-15.593750
2191.178041	-15.656583
2192.780741	-15.725960
2194.385787	-15.784511
2195.993185	-15.856281
2197.602939	-15.914760
2199.215054	-15.985284
2200.829537	-16.048261
2202.446392	-16.113248
2204.065624	-16.184694
2205.687239	-16.244694
2207.311242	-16.321354
2208.937638	-16.383677
2210.566433	-16.460342
2212.197631	-16.530549
2213.831239	-16.604951
2215.467261	-16.685703
2217.105703	-16.759251
2218.746570	-16.846134
2220.389867	-16.926996
2222.035601	-17.011974
2223.683776	-17.103511
2225.334398	-17.187223
2226.987472	-17.283877
2228.643004	-17.370731
2230.300999	-17.467148
2231.961463	-17.560103
2233.624402	-17.653213
2235.289820	-17.751485
2236.957723	-17.845165
2238.628118	-17.941285
2240.301009	-18.041100
2241.976402	-18.133700
2243.654303	-18.234539
2245.334717	-18.330626
2247.017650	-18.426974
2248.703108	-18.526920
2250.391096	-18.621889
2252.081620	-18.721318
2253.774686	-18.817301
2255.470300	-18.915470
2257.168467	-19.012018
2258.869193	-19.108228
2260.572484	-19.205499
2262.278345	-19.300567
2263.986783	-19.395113
2265.697804	-19.493438
2267.411412	-19.585204
2269.127615	-19.682541
2270.846417	-19.782080
2272.567826	-19.873138
2274.291846	-19.978135
2276.018484	-20.077649
2277.747745	-20.174759
2279.479637	-20.286367
2281.214164	-20.392026
2282.951333	-20.495790
2284.691149	-20.618935
2286.433619	-20.731366
2288.178750	-20.843429
2289.926546	-20.976142
2291.677014	-21.094504
2293.430161	-21.211008
2295.185992	-21.349038
2296.944513	-21.472979
2298.705732	-21.588741
2300.469653	-21.731230
2302.236283	-21.859544
2304.005629	-21.974982
2305.777696	-22.117088
2307.552492	-22.251328
2309.330022	-22.365802
2311.110292	-22.499960
2312.893310	-22.640705
2314.679080	-22.753950
2316.467611	-22.877537
2318.258907	-23.019413
2320.052976	-23.136625
2321.849824	-23.246165
2323.649457	-23.377134
2325.451883	-23.498234
2327.257106	-23.599349
2329.065135	-23.711779
2330.875975	-23.840053
2332.689633	-23.947735
2334.506116	-24.053425
2336.325430	-24.178609
2338.147581	-24.302938
2339.972578	-24.417065
2341.800425	-24.533128
2343.631130	-24.672972
2345.464700	-24.804772
2347.301141	-24.936542
2349.140461	-25.077526
2350.982665	-25.231123
2352.827760	-25.385157
2354.675754	-25.530508
2356.526653	-25.689810
2358.380464	-25.845148
2360.237195	-25.993179
2362.096851	-26.161156
2363.959440	-26.317784
2365.824968	-26.447836
2367.693444	-26.634321
2369.564873	-26.788417
2371.439263	-26.934022
2373.316620	-27.093467
2375.196953	-27.244967
2377.080267	-27.412616
2378.966570	-27.584107
2380.855869	-27.723233
2382.748171	-27.850913
2384.643484	-28.007327
2386.541815	-28.167396
2388.443170	-28.279060
2390.347557	-28.381573
2392.254984	-28.483997
2394.165457	-28.620123
2396.078984	-28.761293
2397.995572	-28.845702
2399.915229	-28.935836
2401.837961	-29.044679
2403.763777	-29.170370
2405.692684	-29.328266
2407.624689	-29.445248
2409.559800	-29.569856
2411.498023	-29.715654
2413.439368	-29.887854
2415.383840	-30.103360
2417.331449	-30.300542
2419.282201	-30.481510
2421.236104	-30.653291
2423.193165	-30.853934
2425.153393	-31.090389
2427.116795	-31.316354
2429.083378	-31.530620
2431.053151	-31.705569
2433.026121	-31.857039
2435.002297	-32.026360
2436.981685	-32.222030
2438.964293	-32.401293
2440.950131	-32.601152
2442.939204	-32.764908
2444.931522	-32.911919
2446.927092	-33.047592
2448.925923	-33.166814
2450.928022	-33.290704
2452.933397	-33.409807
2454.942056	-33.563322
2456.954008	-33.680476
2458.969260	-33.788223
2460.987821	-33.882248
2463.009699	-33.979157
2465.034902	-34.067228
2467.063437	-34.133133
2469.095315	-34.235757
2471.130542	-34.340820
2473.169127	-34.484718
2475.211078	-34.665784
2477.256404	-34.958499
2479.305112	-35.047708
2481.357212	-35.173196
2483.412713	-35.442468
2485.471621	-35.561021
2487.533946	-35.807231
2489.599696	-36.083424
2491.668880	-36.283213
2493.741507	-36.643825
2495.817585	-37.003907
2497.897122	-37.352147
2499.980127	-37.665274
2502.066609	-37.959961
2504.156578	-38.261013
2506.250040	-38.442626
2508.347006	-38.629210
2510.447483	-38.733022
2512.551482	-38.860897
2514.659010	-38.941699
2516.770076	-38.945734
2518.884690	-38.940873
2521.002861	-38.926995
2523.124597	-38.924054
2525.249907	-38.926568
2527.378801	-38.916086
2529.511287	-39.021562
2531.647375	-39.121742
2533.787074	-39.229248
2535.930393	-39.345285
2538.077340	-39.454883
2540.227927	-39.589070
2542.382160	-39.730984
2544.540051	-39.883177
2546.701608	-40.058095
2548.866840	-40.270231
2551.035757	-40.581185
2553.208369	-40.934521
2555.384684	-41.287500
2557.564713	-41.765889
2559.748465	-42.205508
2561.935948	-42.724776
2564.127174	-43.198377
2566.322152	-43.675963
2568.520890	-44.174259
2570.723399	-44.604772
2572.929689	-44.957103
2575.139769	-45.306277
2577.353649	-45.613498
2579.571340	-45.673925
2581.792849	-45.830856
2584.018189	-45.626227
2586.247368	-45.513473
2588.480396	-45.534385
2590.717284	-45.185228
2592.958041	-45.134209
2595.202678	-44.989991
2597.451204	-45.023722
2599.703630	-45.088368
2601.959966	-44.967751
2604.220222	-45.195552
2606.484408	-45.252496
2608.752535	-45.372533
2611.024612	-45.573811
2613.300651	-45.565046
2615.580661	-45.586041
2617.864653	-45.585480
2620.152638	-45.627036
2622.444625	-45.627018
2624.740626	-45.689466
2627.040651	-45.901944
2629.344710	-46.203216
2631.652814	-46.811475
2633.964974	-47.414726
2636.281200	-48.150094
2638.601504	-49.019084
2640.925896	-49.817802
2643.254386	-50.718311
2645.586987	-51.332284
2647.923707	-51.903352
2650.264559	-52.272971
2652.609554	-52.537296
2654.958702	-53.366524
2657.312015	-53.946298
2659.669503	-54.278751
2662.031178	-54.243935
2664.397051	-53.777284
2666.767132	-53.775871
2669.141434	-53.691025
2671.519968	-53.730699
2673.902745	-53.885593
2676.289776	-53.369408
2678.681072	-52.926603
2681.076646	-52.257430
2683.476508	-51.465806
2685.880671	-51.314505
2688.289145	-51.239381
2690.701942	-51.293832
2693.119075	-51.194856
2695.540554	-50.903809
2697.966391	-50.986828
2700.396599	-51.083507
2702.831189	-51.444275
2705.270172	-51.786665
2707.713561	-51.707990
2710.161368	-52.189861
2712.613605	-53.026940
2715.070283	-53.956449
2717.531416	-55.197995
2719.997014	-55.953720
2722.467090	-56.782822
2724.941657	-58.037374
2727.420726	-58.840568
2729.904310	-59.712155
2732.392421	-60.682316
2734.885072	-61.274123
2737.382275	-62.604666
2739.884042	-64.462521
2742.390387	-65.769279
2744.901321	-67.323839
2747.416857	-68.385393
2749.937008	-67.309842
2752.461787	-66.004957
2754.991206	-64.832024
2757.525279	-62.827837
2760.064017	-60.986316
2762.607434	-59.802955
2765.155544	-59.028049
2767.708358	-58.713092
2770.265890	-58.235709
2772.828153	-57.525180
2775.395160	-57.346798
2777.966924	-57.311230
2780.543459	-56.997297
2783.124778	-57.217608
2785.710894	-58.031127
2788.301821	-58.275274
2790.897572	-58.153170
2793.498160	-59.051854
2796.103599	-60.736192
2798.713903	-61.266207
2801.329085	-61.145547
2803.949159	-62.259995
2806.574139	-63.610137
2809.204038	-63.468622
2811.838871	-63.342477
2814.478650	-63.796226
2817.123391	-64.074717
2819.773107	-65.194130
2822.427812	-67.212565
2825.087521	-68.338373
2827.752247	-69.779152
2830.422005	-73.041646
2833.096808	-75.962767
2835.776672	-75.517237
2838.461611	-73.559318
2841.151638	-69.816234
2843.846769	-66.187242
2846.547019	-65.432451
2849.252401	-66.313660
2851.962930	-63.917209
2854.678621	-62.201581
2857.399489	-62.956873
2860.125549	-63.588141
2862.856815	-63.190826
2865.593302	-63.067978
2868.335026	-63.598649
2871.082002	-65.994908
2873.834244	-65.917266
2876.591767	-64.998651
2879.354588	-68.970758
2882.122721	-70.461685
2884.896181	-67.621688
2887.674984	-68.880529
2890.459146	-68.460164
2893.248681	-64.872868
2896.043606	-63.783044
2898.843937	-64.682658
2901.649687	-64.429945
2904.460875	-65.938289
2907.277515	-71.002601
2910.099623	-70.940191
2912.927215	-71.347821
2915.760308	-73.330565
2918.598916	-79.430183
2921.443057	-88.757769
2924.292747	-88.390896
2927.148002	-76.163249
2930.008837	-77.283154
2932.875270	-76.838633
2935.747318	-68.564659
2938.624995	-66.485695
2941.508320	-68.613766
2944.397308	-66.371264
2947.291977	-67.798682
2950.192343	-74.422534
2953.098423	-72.033881
2956.010234	-70.983678
2958.927792	-68.968844
2961.851116	-72.048548
2964.780221	-89.638743
2967.715126	-76.939005
2970.655847	-73.804609
2973.602402	-69.884028
2976.554808	-68.886199
2979.513083	-71.002351
2982.477243	-70.420409
2985.447308	-69.576902
2988.423293	-69.051566
2991.405218	-67.276845
2994.393099	-67.870261
2997.386955	-68.388815
