# 2022-03-21_23.36.10
# shape = sech2
# FWHM_ps = 0.1
# carrier_nm = 1542
# frep_MHz = 12126
# pow_mW = 8000
# GDD = 0.0
# propa_len = 0.12555555555555556
# untap_len = 0.01
# taper_len = 0.06555555555555556
# waist_len = 0.02
# uptap_len = 0.02
# untap_scale = 1.0
# waist_scale = 0.368421052631579
# workingDir = NL_20110305_12 (Spirou)
# axis = slow
# window_ps = 10.0
# steps = 200
# points = 21700
# 
# wavelength [nm]	 power spectral density [dB]
600.043425	-148.222438
600.163550	-149.074885
600.283723	-150.318446
600.403943	-152.056458
600.524212	-154.283878
600.644529	-156.158427
600.764895	-155.366717
600.885308	-152.490073
601.005770	-149.662400
601.126280	-147.378621
601.246839	-145.592132
601.367446	-144.206589
601.488101	-143.145451
601.608804	-142.352544
601.729557	-141.785813
601.850357	-141.412487
601.971206	-141.206325
602.092104	-141.146605
602.213050	-141.218440
602.334045	-141.413996
602.455089	-141.734148
602.576181	-142.190352
602.697322	-142.806968
602.818511	-143.624659
602.939749	-144.706608
603.061036	-146.152183
603.182372	-148.129535
603.303757	-150.960270
603.425191	-155.346613
603.546673	-161.527842
603.668204	-157.673061
603.789785	-152.259722
603.911414	-148.834392
604.033092	-146.475889
604.154820	-144.752917
604.276596	-143.452759
604.398422	-142.454356
604.520297	-141.680354
604.642220	-141.076847
604.764193	-140.604132
604.886216	-140.232451
605.008287	-139.940114
605.130408	-139.712782
605.252578	-139.543163
605.374798	-139.430830
605.497066	-139.381915
605.619385	-139.408550
605.741752	-139.528220
605.864169	-139.763374
605.986636	-140.141522
606.109152	-140.696009
606.231718	-141.467631
606.354333	-142.506539
606.476998	-143.870546
606.599712	-145.601194
606.722476	-147.595313
606.845290	-149.158562
606.968154	-148.887590
607.091067	-146.914228
607.214030	-144.635465
607.337043	-142.648052
607.460106	-141.025892
607.583219	-139.724820
607.706381	-138.691177
607.829594	-137.881381
607.952856	-137.263001
608.076169	-136.812852
608.199531	-136.515173
608.322944	-136.360239
608.446407	-136.343297
608.569920	-136.463555
608.693483	-136.722851
608.817096	-137.123407
608.940759	-137.663585
609.064473	-138.329588
609.188237	-139.079635
609.312051	-139.818438
609.435916	-140.374750
609.559831	-140.533946
609.683796	-140.171686
609.807812	-139.366371
609.931878	-138.322479
610.055995	-137.223507
610.180162	-136.177479
610.304380	-135.233172
610.428648	-134.407018
610.552967	-133.700888
610.677337	-133.111361
610.801757	-132.634025
610.926228	-132.265190
611.050750	-132.002398
611.175323	-131.844470
611.299946	-131.791471
611.424620	-131.844674
611.549345	-132.006507
611.674121	-132.280592
611.798948	-132.671927
611.923826	-133.187179
612.048755	-133.834940
612.173734	-134.625928
612.298765	-135.573088
612.423847	-136.691306
612.548980	-137.996031
612.674165	-139.498895
612.799400	-141.194996
612.924687	-143.028629
613.050025	-144.817657
613.175414	-146.173324
613.300854	-146.670789
613.426346	-146.333113
613.551889	-145.602388
613.677484	-144.855016
613.803130	-144.255535
613.928827	-143.833308
614.054576	-143.542350
614.180377	-143.282364
614.306229	-142.919343
614.432132	-142.340845
614.558087	-141.529312
614.684094	-140.577308
614.810153	-139.625941
614.936263	-138.800646
615.062425	-138.190397
615.188639	-137.856192
615.314904	-137.846632
615.441222	-138.212338
615.567591	-139.019369
615.694012	-140.362852
615.820486	-142.368111
615.947011	-145.048742
616.073588	-147.257230
616.200217	-146.079869
616.326898	-143.089731
616.453632	-140.527015
616.580417	-138.638548
616.707255	-137.294012
616.834144	-136.368089
616.961086	-135.769198
617.088081	-135.430592
617.215127	-135.302433
617.342226	-135.347262
617.469378	-135.537045
617.596581	-135.849643
617.723837	-136.262565
617.851146	-136.742505
617.978507	-137.231502
618.105920	-137.637115
618.233386	-137.845008
618.360905	-137.769400
618.488476	-137.412049
618.616100	-136.864175
618.743777	-136.248283
618.871506	-135.664491
618.999288	-135.174052
619.127123	-134.806154
619.255011	-134.569726
619.382951	-134.463097
619.510945	-134.480766
619.638991	-134.618156
619.767090	-134.874979
619.895243	-135.257532
620.023448	-135.779958
620.151706	-136.464394
620.280017	-137.339241
620.408382	-138.432524
620.536799	-139.749955
620.665270	-141.207136
620.793794	-142.469613
620.922371	-142.869097
621.051002	-142.042783
621.179686	-140.511970
621.308423	-138.911418
621.437213	-137.522082
621.566057	-136.412552
621.694954	-135.578390
621.823905	-134.994454
621.952909	-134.628628
622.081967	-134.442250
622.211079	-134.386299
622.340244	-134.397902
622.469462	-134.402458
622.598735	-134.327097
622.728061	-134.124425
622.857441	-133.791902
622.986874	-133.369545
623.116361	-132.917861
623.245903	-132.494544
623.375498	-132.142565
623.505147	-131.888984
623.634850	-131.748875
623.764606	-131.730222
623.894417	-131.838041
624.024282	-132.077360
624.154201	-132.455072
624.284174	-132.980868
624.414202	-133.667444
624.544283	-134.530163
624.674419	-135.586177
624.804609	-136.852492
624.934853	-138.340791
625.065151	-140.042126
625.195504	-141.882679
625.325911	-143.618761
625.456373	-144.731297
625.586889	-144.730950
625.717460	-143.794948
625.848085	-142.490899
625.978764	-141.183654
626.109498	-140.002297
626.240287	-138.970397
626.371131	-138.078028
626.502029	-137.310069
626.632982	-136.657675
626.763989	-136.123188
626.895052	-135.720977
627.026169	-135.475042
627.157341	-135.414630
627.288568	-135.568918
627.419850	-135.960069
627.551187	-136.590497
627.682579	-137.414523
627.814026	-138.282579
627.945528	-138.886359
628.077085	-138.868281
628.208697	-138.165551
628.340364	-137.076434
628.472087	-135.920816
628.603865	-134.858737
628.735698	-133.925542
628.867586	-133.095809
628.999530	-132.322785
629.131529	-131.561350
629.263584	-130.782335
629.395694	-129.979022
629.527859	-129.165466
629.660080	-128.369336
629.792357	-127.623874
629.924689	-126.962173
630.057077	-126.414438
630.189520	-126.007450
630.322019	-125.765241
630.454574	-125.710250
630.587184	-125.864731
630.719851	-126.252424
630.852573	-126.900702
630.985351	-127.843513
631.118185	-129.125250
631.251075	-130.804128
631.384021	-132.943997
631.517023	-135.530411
631.650081	-138.029944
631.783195	-138.680667
631.916365	-137.003209
632.049592	-134.822507
632.182874	-132.966729
632.316213	-131.508605
632.449608	-130.384395
632.583059	-129.533494
632.716567	-128.914145
632.850131	-128.497965
632.983751	-128.262253
633.117428	-128.183112
633.251161	-128.229633
633.384951	-128.359526
633.518797	-128.518031
633.652700	-128.643738
633.786660	-128.683890
633.920676	-128.614522
634.054749	-128.452194
634.188879	-128.247678
634.323065	-128.067634
634.457308	-127.978291
634.591608	-128.038551
634.725965	-128.301374
634.860379	-128.820135
634.994850	-129.658871
635.129377	-130.909312
635.263962	-132.725177
635.398604	-135.407461
635.533303	-139.663280
635.668058	-146.837663
635.802872	-144.062272
635.937742	-137.896620
636.072669	-134.266480
636.207654	-131.881848
636.342696	-130.228204
636.477796	-129.077491
636.612953	-128.315016
636.748167	-127.879190
636.883439	-127.735653
637.018768	-127.862962
637.154155	-128.241072
637.289599	-128.837338
637.425101	-129.585958
637.560660	-130.363468
637.696277	-130.987065
637.831952	-131.289091
637.967685	-131.248105
638.103475	-131.015363
638.239324	-130.796832
638.375230	-130.752779
638.511194	-130.983218
638.647215	-131.552251
638.783295	-132.515392
638.919433	-133.945967
639.055629	-135.973515
639.191883	-138.871290
639.328195	-143.331415
639.464565	-151.243998
639.600994	-149.461940
639.737481	-142.827953
639.874025	-139.168033
640.010629	-136.848630
640.147290	-135.296911
640.284010	-134.255737
640.420789	-133.557900
640.557625	-133.038388
640.694521	-132.501360
640.831474	-131.755327
640.968487	-130.713321
641.105558	-129.445611
641.242687	-128.104319
641.379876	-126.820642
641.517123	-125.667476
641.654429	-124.669167
641.791793	-123.820745
641.929216	-123.103187
642.066699	-122.494355
642.204240	-121.977226
642.341840	-121.545636
642.479499	-121.206789
642.617217	-120.980296
642.754994	-120.894954
642.892830	-120.985178
643.030726	-121.288645
643.168680	-121.845599
643.306694	-122.699085
643.444767	-123.893372
643.582899	-125.460702
643.721091	-127.360273
643.859342	-129.267497
643.997652	-130.265886
644.136022	-129.641436
644.274451	-128.127986
644.412940	-126.607463
644.551488	-125.378373
644.690096	-124.476061
644.828763	-123.880393
644.967490	-123.577751
645.106277	-123.576744
645.245124	-123.913216
645.384030	-124.656882
645.522997	-125.928445
645.662023	-127.941495
645.801109	-131.082629
645.940255	-135.569374
646.079460	-135.865381
646.218726	-131.014597
646.358052	-127.379611
646.497438	-124.926046
646.636884	-123.247083
646.776391	-122.117133
646.915957	-121.410338
647.055584	-121.053064
647.195271	-121.002306
647.335019	-121.235405
647.474826	-121.743965
647.614695	-122.527012
647.754623	-123.576164
647.894612	-124.836193
648.034662	-126.111399
648.174772	-126.949649
648.314943	-126.845376
648.455174	-125.864950
648.595466	-124.549653
648.735819	-123.304140
648.876233	-122.287224
649.016707	-121.536004
649.157242	-121.047091
649.297838	-120.809111
649.438495	-120.814701
649.579213	-121.065745
649.719992	-121.577112
649.860832	-122.381199
650.001733	-123.534755
650.142695	-125.128709
650.283718	-127.292574
650.424803	-130.103878
650.565949	-132.788416
650.707156	-132.391049
650.848424	-129.543184
650.989754	-126.922087
651.131145	-124.982446
651.272597	-123.619907
651.414111	-122.716834
651.555687	-122.192990
651.697324	-121.999210
651.839022	-122.111259
651.980782	-122.529081
652.122604	-123.281393
652.264488	-124.436154
652.406433	-126.117429
652.548441	-128.508986
652.690510	-131.585996
652.832640	-133.088428
652.974833	-130.237904
653.117088	-126.746538
653.259405	-124.059648
653.401784	-122.087568
653.544224	-120.659887
653.686727	-119.660872
653.829293	-119.016067
653.971920	-118.677047
654.114609	-118.613288
654.257361	-118.809224
654.400175	-119.265058
654.543052	-120.000993
654.685991	-121.065884
654.828992	-122.554195
654.972056	-124.642386
655.115183	-127.671724
655.258372	-132.225642
655.401623	-135.929645
655.544937	-131.400907
655.688314	-127.169881
655.831754	-124.414105
655.975256	-122.589870
656.118822	-121.405507
656.262450	-120.711647
656.406141	-120.427838
656.549894	-120.510828
656.693711	-120.939828
656.837591	-121.706883
656.981534	-122.801342
657.125540	-124.164203
657.269610	-125.557706
657.413742	-126.367460
657.557938	-125.925139
657.702196	-124.475554
657.846519	-122.775165
657.990904	-121.249243
658.135353	-120.024087
658.279866	-119.116835
658.424441	-118.517497
658.569081	-118.213912
658.713784	-118.198240
658.858550	-118.468343
659.003381	-119.027854
659.148274	-119.885425
659.293232	-121.051667
659.438253	-122.528510
659.583339	-124.276112
659.728488	-126.126388
659.873701	-127.652735
660.018978	-128.309310
660.164318	-128.086995
660.309723	-127.539087
660.455192	-127.108603
660.600725	-126.935137
660.746323	-126.931091
660.891984	-126.810321
661.037710	-126.194438
661.183500	-124.953671
661.329354	-123.353143
661.475272	-121.739779
661.621255	-120.319054
661.767303	-119.172708
661.913415	-118.323658
662.059591	-117.774854
662.205833	-117.527077
662.352138	-117.587495
662.498509	-117.975657
662.644944	-118.730985
662.791443	-119.926620
662.938008	-121.700569
663.084638	-124.339617
663.231332	-128.576141
663.378091	-137.302890
663.524915	-137.203628
663.671804	-128.803426
663.818759	-124.789619
663.965778	-122.329788
664.112863	-120.691633
664.260012	-119.578559
664.407227	-118.838707
664.554507	-118.381914
664.701853	-118.148592
664.849264	-118.096043
664.996740	-118.192173
665.144282	-118.413181
665.291889	-118.743835
665.439561	-119.179273
665.587300	-119.727041
665.735103	-120.408185
665.882973	-121.257026
666.030908	-122.320039
666.178909	-123.653670
666.326976	-125.315357
666.475109	-127.318413
666.623307	-129.438109
666.771571	-130.744542
666.919902	-130.126622
667.068298	-128.289827
667.216761	-126.392866
667.365289	-124.822427
667.513884	-123.619831
667.662545	-122.756882
667.811272	-122.201004
667.960065	-121.917277
668.108925	-121.849347
668.257851	-121.887928
668.406843	-121.845334
668.555902	-121.497800
668.705027	-120.737727
668.854219	-119.676956
669.003478	-118.539078
669.152803	-117.507170
669.302195	-116.681386
669.451653	-116.101898
669.601179	-115.776599
669.750771	-115.698110
669.900430	-115.852460
670.050156	-116.223322
670.199949	-116.793963
670.349808	-117.547453
670.499735	-118.464811
670.649729	-119.520619
670.799790	-120.676899
670.949918	-121.879887
671.100114	-123.069747
671.250377	-124.211528
671.400707	-125.335445
671.551104	-126.554745
671.701569	-128.053264
671.852101	-130.082827
672.002700	-133.041005
672.153368	-137.841730
672.304102	-148.565262
672.454905	-145.022765
672.605775	-137.801815
672.756713	-134.543289
672.907718	-132.734658
673.058791	-131.650510
673.209933	-130.903114
673.361142	-130.186904
673.512419	-129.251988
673.663764	-127.982224
673.815177	-126.440593
673.966658	-124.787749
674.118207	-123.170684
674.269825	-121.679305
674.421510	-120.354014
674.573264	-119.204445
674.725086	-118.223883
674.876977	-117.398102
675.028936	-116.710530
675.180963	-116.145312
675.333059	-115.689007
675.485224	-115.331240
675.637457	-115.064473
675.789758	-114.882990
675.942129	-114.781289
676.094568	-114.752304
676.247075	-114.785937
676.399652	-114.868601
676.552298	-114.984527
676.705012	-115.119301
676.857795	-115.265162
677.010648	-115.426448
677.163569	-115.623119
677.316560	-115.891412
677.469619	-116.282809
677.622748	-116.864096
677.775946	-117.722063
677.929214	-118.978159
678.082551	-120.826450
678.235957	-123.641310
678.389432	-128.369196
678.542977	-137.708236
678.696592	-131.712114
678.850276	-125.560328
679.004030	-122.282452
679.157853	-120.335882
679.311746	-119.220624
679.465709	-118.732864
679.619742	-118.791743
679.773844	-119.394299
679.928017	-120.619531
680.082259	-122.680253
680.236571	-126.069604
680.390954	-131.427892
680.545406	-130.823439
680.699929	-124.969092
680.854522	-121.123313
681.009185	-118.596906
681.163918	-116.913727
681.318722	-115.853546
681.473596	-115.307956
681.628540	-115.222430
681.783555	-115.570214
681.938641	-116.333583
682.093797	-117.471958
682.249023	-118.838936
682.404321	-120.012144
682.559689	-120.295539
682.715128	-119.473583
682.870637	-118.145213
683.026218	-116.886576
683.181869	-115.944888
683.337591	-115.405238
683.493385	-115.315216
683.649249	-115.735581
683.805185	-116.760324
683.961191	-118.494053
684.117269	-120.732115
684.273418	-121.519202
684.429639	-118.973784
684.585930	-115.712854
684.742294	-113.072300
684.898728	-111.089722
685.055234	-109.642338
685.211812	-108.632379
685.368461	-107.996066
685.525182	-107.696204
685.681975	-107.717542
685.838839	-108.066247
685.995775	-108.773665
686.152783	-109.906256
686.309863	-111.587442
686.467014	-114.044129
686.624238	-117.669026
686.781534	-122.220304
686.938902	-121.295207
687.096342	-116.976537
687.253854	-113.962141
687.411438	-112.046972
687.569095	-110.896255
687.726824	-110.328632
687.884626	-110.247253
688.042499	-110.598675
688.200446	-111.347828
688.358465	-112.448548
688.516556	-113.780719
688.674720	-115.024087
688.832957	-115.604963
688.991266	-115.172842
689.149649	-114.095166
689.308104	-112.933065
689.466632	-111.988702
689.625233	-111.368568
689.783906	-111.105534
689.942653	-111.215884
690.101473	-111.720678
690.260367	-112.654470
690.419333	-114.067211
690.578372	-116.002495
690.737485	-118.348803
690.896672	-120.238555
691.055931	-119.932343
691.215264	-117.914716
691.374671	-115.817925
691.534151	-114.135035
691.693704	-112.869249
691.853332	-111.950976
692.013033	-111.322886
692.172807	-110.950354
692.332656	-110.819153
692.492578	-110.931674
692.652575	-111.303614
692.812645	-111.961557
692.972789	-112.941512
693.133007	-114.287807
693.293300	-116.049427
693.453666	-118.262796
693.614107	-120.883006
693.774622	-123.576304
693.935211	-125.510164
694.095875	-126.163760
694.256613	-126.112332
694.417426	-125.613957
694.578313	-124.073827
694.739274	-121.436333
694.900311	-118.527898
695.061421	-115.908285
695.222607	-113.726693
695.383868	-111.978410
695.545203	-110.624635
695.706613	-109.626651
695.868098	-108.953134
696.029658	-108.579990
696.191293	-108.487613
696.353003	-108.655703
696.514789	-109.053899
696.676649	-109.625969
696.838585	-110.269237
697.000596	-110.827761
697.162682	-111.141748
697.324844	-111.157693
697.487081	-110.983127
697.649394	-110.807734
697.811782	-110.801066
697.974246	-111.079263
698.136786	-111.715967
698.299401	-112.748718
698.462092	-114.128447
698.624859	-115.497667
698.787702	-115.865717
698.950621	-114.536645
699.113616	-112.360213
699.276686	-110.234691
699.439833	-108.444113
699.603056	-107.017330
699.766355	-105.925107
699.929731	-105.132242
700.093183	-104.607718
700.256711	-104.325474
700.420315	-104.263895
700.583996	-104.405836
700.747754	-104.739443
700.911588	-105.259651
701.075499	-105.970172
701.239486	-106.885564
701.403550	-108.032159
701.567691	-109.443943
701.731909	-111.140149
701.896203	-113.041816
702.060575	-114.747538
702.225024	-115.412256
702.389549	-114.719192
702.554152	-113.459491
702.718832	-112.322351
702.883589	-111.517311
703.048424	-111.015171
703.213335	-110.670704
703.378324	-110.259764
703.543391	-109.557392
703.708535	-108.482117
703.873757	-107.146773
704.039056	-105.740381
704.204433	-104.410744
704.369887	-103.240429
704.535420	-102.267618
704.701030	-101.507654
704.866718	-100.965526
705.032484	-100.641820
705.198328	-100.535467
705.364250	-100.645392
705.530250	-100.972289
705.696328	-101.521333
705.862485	-102.306718
706.028720	-103.359500
706.195033	-104.742029
706.361424	-106.577811
706.527894	-109.125640
706.694442	-113.021752
706.861069	-120.499218
707.027775	-123.564071
707.194559	-114.157085
707.361422	-109.665135
707.528363	-106.907547
707.695384	-105.088737
707.862483	-103.915496
708.029661	-103.257692
708.196918	-103.056625
708.364254	-103.295246
708.531670	-103.991924
708.699164	-105.210490
708.866738	-107.093908
709.034391	-109.951452
709.202123	-114.438103
709.369935	-119.508813
709.537826	-115.151792
709.705796	-110.499063
709.873847	-107.607879
710.041976	-105.797732
710.210186	-104.743139
710.378475	-104.301410
710.546844	-104.419999
710.715292	-105.106462
710.883821	-106.431964
711.052429	-108.574533
711.221118	-111.965823
711.389887	-117.818617
711.558735	-123.906785
711.727664	-116.090179
711.896673	-111.503790
712.065763	-108.798884
712.234932	-107.073208
712.404183	-105.982217
712.573513	-105.373710
712.742924	-105.177911
712.912416	-105.366487
713.081988	-105.935123
713.251641	-106.895171
713.421375	-108.264558
713.591190	-110.034688
713.761085	-112.031195
713.931061	-113.521696
714.101119	-113.305308
714.271257	-111.587821
714.441476	-109.548661
714.611777	-107.721990
714.782159	-106.203011
714.952622	-104.982915
715.123166	-104.048610
715.293792	-103.401082
715.464499	-103.054656
715.635288	-103.033570
715.806158	-103.369869
715.977110	-104.102919
716.148143	-105.278100
716.319259	-106.933996
716.490456	-109.032042
716.661735	-111.172533
716.833096	-112.144360
717.004538	-111.195723
717.176063	-109.448341
717.347670	-107.812760
717.519359	-106.483117
717.691130	-105.427968
717.862984	-104.585650
718.034920	-103.905929
718.206938	-103.354528
718.379039	-102.911789
718.551222	-102.571788
718.723488	-102.341203
718.895836	-102.236219
719.068267	-102.277498
719.240781	-102.484868
719.413377	-102.873523
719.586057	-103.452679
719.758819	-104.226785
719.931664	-105.198897
720.104593	-106.375495
720.277604	-107.771586
720.450699	-109.413793
720.623876	-111.330165
720.797137	-113.463617
720.970482	-115.263007
721.143910	-115.165098
721.317421	-112.847463
721.491016	-109.982693
721.664694	-107.418740
721.838456	-105.296952
722.012302	-103.594493
722.186231	-102.265836
722.360244	-101.267635
722.534342	-100.562459
722.708523	-100.120392
722.882788	-99.921548
723.057137	-99.959063
723.231570	-100.241419
723.406088	-100.793530
723.580689	-101.657426
723.755375	-102.895102
723.930146	-104.598235
724.105000	-106.913943
724.279940	-110.105988
724.454963	-114.635683
724.630072	-119.590301
724.805265	-117.104609
724.980543	-112.941062
725.155905	-110.114643
725.331353	-108.126722
725.506885	-106.642018
725.682503	-105.496493
725.858205	-104.617126
726.033993	-103.980779
726.209865	-103.589734
726.385823	-103.452657
726.561866	-103.566061
726.737995	-103.893100
726.914209	-104.340979
727.090508	-104.755888
727.266893	-104.978073
727.443364	-104.955273
727.619920	-104.791557
727.796562	-104.663599
727.973290	-104.724814
728.150103	-105.085983
728.327003	-105.848665
728.503988	-107.161371
728.681060	-109.312753
728.858218	-112.954150
729.035461	-119.066983
729.212791	-116.629649
729.390208	-110.389000
729.567710	-106.537269
729.745299	-103.985029
729.922975	-102.223899
730.100737	-101.008393
730.278586	-100.197516
730.456521	-99.699088
730.634543	-99.448949
730.812652	-99.404704
730.990848	-99.547029
731.169130	-99.884941
731.347500	-100.462229
731.525957	-101.364550
731.704500	-102.731962
731.883131	-104.789174
732.061850	-107.896342
732.240655	-112.178810
732.419548	-112.981022
732.598528	-108.792216
732.777596	-105.500480
732.956751	-103.363114
733.135994	-101.999200
733.315325	-101.162606
733.494744	-100.701284
733.674250	-100.524942
733.853844	-100.592773
734.033526	-100.904494
734.213296	-101.487011
734.393154	-102.375641
734.573101	-103.584243
734.753135	-105.037800
734.933258	-106.424002
735.113469	-107.107623
735.293769	-106.701158
735.474157	-105.657642
735.654633	-104.588787
735.835198	-103.767454
736.015852	-103.239438
736.196594	-102.966225
736.377426	-102.894572
736.558346	-102.995322
736.739355	-103.286133
736.920453	-103.834995
737.101640	-104.749789
737.282916	-106.171036
737.464282	-108.282654
737.645736	-111.333372
737.827280	-115.436050
738.008914	-118.197889
738.190637	-115.975766
738.372449	-113.281608
738.554351	-111.543298
738.736342	-110.502445
738.918424	-109.904417
739.100595	-109.622747
739.282855	-109.652388
739.465206	-110.093562
739.647647	-111.141788
739.830178	-113.064016
740.012799	-115.644969
740.195510	-115.159107
740.378311	-110.824253
740.561203	-106.934404
740.744185	-104.040937
740.927258	-101.913211
741.110421	-100.358417
741.293674	-99.242991
741.477018	-98.470462
741.660453	-97.971012
741.843979	-97.699544
742.027596	-97.635685
742.211303	-97.780695
742.395102	-98.149778
742.578991	-98.761262
742.762972	-99.623740
742.947044	-100.718740
743.131207	-101.972976
743.315461	-103.220874
743.499807	-104.200467
743.684244	-104.679553
743.868773	-104.656599
744.053394	-104.343973
744.238106	-103.966824
744.422910	-103.664852
744.607805	-103.514494
744.792793	-103.571825
744.977872	-103.897454
745.163044	-104.564712
745.348307	-105.659814
745.533663	-107.274551
745.719111	-109.453723
745.904651	-111.891377
746.090283	-113.086151
746.276008	-111.751321
746.461826	-109.500751
746.647735	-107.515268
746.833738	-105.966448
747.019833	-104.806192
747.206021	-103.980872
747.392302	-103.452714
747.578676	-103.188970
747.765143	-103.149087
747.951703	-103.272329
748.138356	-103.466479
748.325102	-103.609452
748.511941	-103.587569
748.698874	-103.365798
748.885900	-103.018215
749.073019	-102.671122
749.260232	-102.419927
749.447539	-102.287165
749.634939	-102.229527
749.822433	-102.185975
750.010021	-102.147851
750.197703	-102.197221
750.385479	-102.479972
750.573348	-103.154525
750.761312	-104.363084
750.949370	-106.211066
751.137523	-108.641187
751.325769	-110.849800
751.514110	-110.973385
751.702545	-109.274390
751.891075	-107.413505
752.079700	-105.852320
752.268419	-104.543444
752.457233	-103.418091
752.646142	-102.464233
752.835145	-101.697520
753.024244	-101.127223
753.213437	-100.740274
753.402726	-100.495362
753.592110	-100.318481
753.781589	-100.105576
753.971163	-99.751493
754.160833	-99.208068
754.350598	-98.521713
754.540459	-97.802220
754.730415	-97.157348
754.920467	-96.652596
755.110615	-96.305311
755.300858	-96.095159
755.491198	-95.979595
755.681633	-95.911429
755.872164	-95.855393
756.062792	-95.797083
756.253515	-95.739753
756.444335	-95.692684
756.635252	-95.660283
756.826264	-95.638809
757.017373	-95.621827
757.208579	-95.610618
757.399881	-95.622839
757.591280	-95.693358
757.782776	-95.866103
757.974368	-96.180623
758.166058	-96.656689
758.357844	-97.276561
758.549728	-97.964927
758.741708	-98.580932
758.933786	-98.962351
759.125961	-99.035450
759.318233	-98.884128
759.510603	-98.682459
759.703071	-98.586970
759.895635	-98.693028
760.088298	-99.038409
760.281058	-99.608171
760.473916	-100.317093
760.666872	-100.968816
760.859926	-101.252126
761.053078	-100.911827
761.246328	-99.997716
761.439676	-98.794611
761.633122	-97.561628
761.826667	-96.441042
762.020310	-95.495314
762.214052	-94.751853
762.407892	-94.226949
762.601831	-93.934909
762.795868	-93.889269
762.990004	-94.098956
763.184239	-94.558739
763.378573	-95.230230
763.573006	-96.009986
763.767538	-96.700362
763.962169	-97.053511
764.156900	-96.945437
764.351729	-96.495629
764.546658	-95.938726
764.741687	-95.453257
764.936815	-95.122412
765.132042	-94.965743
765.327370	-94.973803
765.522797	-95.130847
765.718324	-95.427247
765.913950	-95.862320
766.109677	-96.436198
766.305504	-97.129270
766.501431	-97.870245
766.697458	-98.508278
766.893586	-98.841862
767.089814	-98.749544
767.286142	-98.299282
767.482571	-97.669548
767.679100	-97.003167
767.875730	-96.359820
768.072461	-95.747058
768.269293	-95.164861
768.466225	-94.632144
768.663259	-94.188387
768.860393	-93.879988
769.057629	-93.745361
769.254966	-93.804887
769.452404	-94.053542
769.649944	-94.451730
769.847585	-94.914085
770.045328	-95.308822
770.243172	-95.495789
770.441118	-95.407789
770.639166	-95.101502
770.837315	-94.711752
771.035567	-94.368285
771.233920	-94.153767
771.432376	-94.103287
771.630934	-94.217153
771.829594	-94.473216
772.028356	-94.837373
772.227220	-95.273050
772.426188	-95.746907
772.625257	-96.223833
772.824430	-96.646734
773.023705	-96.912750
773.223083	-96.886777
773.422563	-96.489317
773.622147	-95.787646
773.821834	-94.962386
774.021624	-94.195347
774.221517	-93.606378
774.421513	-93.251757
774.621613	-93.140526
774.821816	-93.246363
775.022122	-93.513654
775.222532	-93.864109
775.423046	-94.210531
775.623664	-94.476854
775.824385	-94.612597
776.025211	-94.592892
776.226140	-94.414200
776.427173	-94.099602
776.628311	-93.705681
776.829553	-93.313200
777.030899	-93.003875
777.232350	-92.840606
777.433905	-92.860256
777.635564	-93.076136
777.837328	-93.484773
778.039197	-94.073593
778.241171	-94.827403
778.443250	-95.730578
778.645433	-96.760260
778.847722	-97.865679
779.050116	-98.934065
779.252615	-99.767406
779.455219	-100.139255
779.657929	-99.955484
779.860744	-99.334686
780.063665	-98.486600
780.266691	-97.580238
780.469823	-96.721103
780.673061	-95.978189
780.876405	-95.406498
781.079855	-95.054416
781.283410	-94.958739
781.487072	-95.127004
781.690840	-95.500086
781.894715	-95.895031
782.098695	-95.998840
782.302783	-95.573567
782.506976	-94.725090
782.711277	-93.777733
782.915684	-92.981511
783.120198	-92.435900
783.324818	-92.139043
783.529546	-92.040514
783.734381	-92.082040
783.939322	-92.231780
784.144372	-92.503169
784.349528	-92.946308
784.554792	-93.614943
784.760163	-94.516395
784.965642	-95.536790
785.171228	-96.363265
785.376922	-96.601340
785.582724	-96.205568
785.788634	-95.549552
785.994651	-94.984483
786.200777	-94.627976
786.407011	-94.408828
786.613353	-94.164304
786.819804	-93.777833
787.026363	-93.294978
787.233030	-92.890864
787.439806	-92.749513
787.646691	-92.996015
787.853684	-93.686722
788.060786	-94.796239
788.267997	-96.155396
788.475317	-97.365126
788.682746	-97.949337
788.890285	-97.862309
789.097932	-97.475748
789.305689	-97.047584
789.513555	-96.583580
789.721531	-96.014483
789.929617	-95.366422
790.137812	-94.775913
790.346117	-94.399547
790.554531	-94.351870
790.763056	-94.697144
790.971691	-95.449172
791.180436	-96.531859
791.389291	-97.662835
791.598256	-98.277628
791.807332	-97.979612
792.016518	-97.099864
792.225815	-96.179884
792.435222	-95.449007
792.644740	-94.874944
792.854369	-94.331731
793.064109	-93.745978
793.273960	-93.171757
793.483922	-92.747196
793.693995	-92.606507
793.904180	-92.830016
794.114475	-93.420088
794.324882	-94.252627
794.535401	-94.998216
794.746031	-95.202395
794.956774	-94.736755
795.167627	-93.962708
795.378593	-93.267942
795.589671	-92.803601
795.800861	-92.525565
796.012162	-92.283306
796.223577	-91.929557
796.435103	-91.438349
796.646742	-90.920897
796.858493	-90.526736
797.070357	-90.355777
797.282334	-90.434204
797.494423	-90.722383
797.706626	-91.132510
797.918941	-91.559291
798.131369	-91.921027
798.343911	-92.178874
798.556566	-92.308875
798.769334	-92.264581
798.982215	-91.996957
799.195210	-91.526648
799.408319	-90.972223
799.621541	-90.492491
799.834877	-90.218556
800.048327	-90.229818
800.261890	-90.557722
800.475568	-91.189061
800.689360	-92.054532
800.903266	-93.002957
801.117287	-93.795515
801.331422	-94.200824
801.545671	-94.173691
801.760036	-93.881888
801.974514	-93.539664
802.189108	-93.288632
802.403816	-93.191063
802.618640	-93.256847
802.833578	-93.462107
803.048632	-93.758646
803.263800	-94.084612
803.479085	-94.384225
803.694484	-94.632243
803.909999	-94.845616
804.125630	-95.069439
804.341376	-95.344157
804.557239	-95.668355
804.773217	-95.966831
804.989311	-96.087803
805.205521	-95.878855
805.421847	-95.320476
805.638290	-94.554144
805.854849	-93.763791
806.071524	-93.074869
806.288316	-92.541392
806.505225	-92.173549
806.722250	-91.966520
806.939393	-91.918235
807.156652	-92.033034
807.374028	-92.311192
807.591521	-92.727012
807.809132	-93.201383
808.026859	-93.587881
808.244705	-93.715907
808.462667	-93.505236
808.680748	-93.038013
808.898946	-92.487543
809.117261	-92.008977
809.335695	-91.700273
809.554246	-91.613589
809.772916	-91.772553
809.991704	-92.177267
810.210610	-92.792312
810.429634	-93.517803
810.648777	-94.164814
810.868039	-94.508911
811.087419	-94.463596
811.306918	-94.176657
811.526535	-93.889441
811.746272	-93.771846
811.966127	-93.879392
812.186102	-94.169445
812.406196	-94.528923
812.626409	-94.827639
812.846742	-94.999458
813.067194	-95.080268
813.287766	-95.147204
813.508457	-95.224132
813.729269	-95.245908
813.950200	-95.119754
814.171251	-94.846118
814.392422	-94.565920
814.613714	-94.481084
814.835126	-94.762558
815.056658	-95.511454
815.278311	-96.719083
815.500084	-98.131178
815.721978	-99.070866
815.943993	-98.943769
816.166128	-98.163600
816.388385	-97.461668
816.610762	-97.154484
816.833261	-97.259027
817.055881	-97.663465
817.278623	-98.199697
817.501486	-98.688494
817.724471	-98.980445
817.947577	-98.990577
818.170805	-98.737519
818.394155	-98.351751
818.617627	-97.994208
818.841221	-97.731237
819.064937	-97.452433
819.288775	-96.915391
819.512736	-95.991440
819.736819	-94.854438
819.961025	-93.810321
820.185354	-93.075877
820.409805	-92.742465
820.634379	-92.814461
820.859076	-93.234130
821.083897	-93.886981
821.308840	-94.614167
821.533907	-95.265969
821.759097	-95.780640
821.984411	-96.196182
822.209848	-96.563112
822.435409	-96.854331
822.661093	-96.960459
822.886902	-96.784160
823.112834	-96.347859
823.338891	-95.786314
823.565072	-95.253105
823.791377	-94.862959
824.017807	-94.693281
824.244361	-94.806972
824.471039	-95.273418
824.697843	-96.182043
824.924771	-97.636791
825.151824	-99.642538
825.379002	-101.459135
825.606306	-100.923577
825.833734	-98.337411
826.061288	-95.807939
826.288967	-93.926376
826.516772	-92.688454
826.744703	-92.025551
826.972759	-91.891649
827.200941	-92.269291
827.429249	-93.161345
827.657683	-94.559111
827.886243	-96.309753
828.114930	-97.725101
828.343743	-97.590000
828.572682	-96.050912
828.801748	-94.342105
829.030941	-93.057137
829.260260	-92.319919
829.489706	-92.138923
829.719280	-92.518315
829.948980	-93.486770
830.178808	-95.107716
830.408763	-97.465610
830.638845	-100.460425
830.869055	-102.660805
831.099393	-101.594583
831.329858	-99.167622
831.560451	-97.190230
831.791173	-95.842074
832.022022	-95.023613
832.252999	-94.660167
832.484105	-94.729983
832.715339	-95.257564
832.946702	-96.302344
833.178193	-97.934546
833.409813	-100.137924
833.641561	-102.412136
833.873439	-103.223940
834.105445	-102.014157
834.337581	-100.200160
834.569846	-98.481443
834.802241	-96.920443
835.034764	-95.563408
835.267418	-94.544074
835.500201	-94.018112
835.733114	-94.133179
835.966157	-95.060625
836.199329	-97.087893
836.432632	-100.895439
836.666065	-109.042762
836.899629	-111.757073
837.133323	-103.146411
837.367147	-99.927016
837.601102	-98.762175
837.835188	-98.910278
838.069405	-100.213526
838.303752	-102.954434
838.538231	-108.411738
838.772841	-112.116597
839.007582	-103.504534
839.242455	-98.573270
839.477459	-95.636319
839.712595	-93.975499
839.947863	-93.379491
840.183263	-93.868568
840.418794	-95.719424
840.654458	-99.906696
840.890254	-112.806633
841.126182	-103.689664
841.362242	-96.573695
841.598435	-93.170576
841.834761	-91.311103
842.071220	-90.423775
842.307811	-90.313211
842.544536	-90.960367
842.781393	-92.504252
843.018384	-95.357026
843.255508	-100.773324
843.492765	-110.750254
843.730156	-101.081328
843.967681	-96.162457
844.205339	-93.811904
844.443132	-92.781784
844.681058	-92.590916
844.919118	-92.921888
845.157313	-93.458252
845.395642	-93.896742
845.634105	-94.105199
845.872703	-94.219897
846.111436	-94.539026
846.350303	-95.428647
846.589306	-97.440458
846.828443	-102.007305
847.067716	-126.005199
847.307124	-101.467997
847.546667	-94.907534
847.786345	-91.396260
848.026160	-89.345223
848.266110	-88.285911
848.506195	-88.023719
848.746417	-88.464595
848.986775	-89.557709
849.227269	-91.265715
849.467899	-93.516168
849.708666	-95.975566
849.949569	-97.338115
850.190609	-96.174261
850.431785	-93.850235
850.673099	-91.816435
850.914549	-90.438701
851.156137	-89.751533
851.397861	-89.731672
851.639723	-90.343483
851.881723	-91.528090
852.123860	-93.168984
852.366135	-95.071036
852.608547	-97.078940
852.851098	-99.430240
853.093786	-103.208781
853.336613	-110.990414
853.579578	-104.599587
853.822681	-97.509886
854.065923	-93.332279
854.309304	-90.591945
854.552823	-88.807751
854.796481	-87.797781
855.040278	-87.511249
855.284215	-87.989633
855.528290	-89.391083
855.772505	-92.120274
856.016859	-97.368497
856.261353	-106.140724
856.505987	-97.314543
856.750760	-92.390155
856.995673	-89.952136
857.240727	-88.884032
857.485920	-88.835877
857.731254	-89.716950
857.976729	-91.570069
858.222343	-94.454961
858.468099	-97.682630
858.713995	-98.175083
858.960032	-96.329147
859.206211	-95.128867
859.452530	-95.225149
859.698991	-96.853393
859.945593	-100.865236
860.192336	-109.286475
860.439222	-101.734487
860.686248	-95.670712
860.933417	-92.366285
861.180728	-90.511165
861.428181	-89.708555
861.675776	-89.863700
861.923514	-91.064514
862.171394	-93.650670
862.419417	-98.702939
862.667582	-113.031759
862.915890	-103.201200
863.164342	-97.623401
863.412936	-95.783357
863.661674	-95.907581
863.910555	-97.813172
864.159579	-102.409116
864.408747	-118.641111
864.658059	-104.316601
864.907515	-97.624698
865.157114	-94.044998
865.406858	-91.789011
865.656746	-90.400264
865.906778	-89.737420
866.156955	-89.759287
866.407277	-90.431780
866.657743	-91.600802
866.908354	-92.721614
867.159110	-92.860968
867.410011	-91.933103
867.661057	-90.859193
867.912249	-90.269900
868.163586	-90.390020
868.415069	-91.327134
868.666697	-93.179825
868.918472	-95.828481
869.170392	-97.668167
869.422458	-96.476271
869.674671	-94.609032
869.927030	-93.834556
870.179536	-94.426521
870.432188	-95.892436
870.684987	-95.109093
870.937933	-91.287495
871.191026	-87.817634
871.444266	-85.408256
871.697653	-83.925611
871.951188	-83.225828
872.204870	-83.218410
872.458700	-83.843959
872.712677	-85.028754
872.966803	-86.571448
873.221076	-87.916521
873.475498	-88.248413
873.730068	-87.544039
873.984787	-86.601063
874.239654	-85.970219
874.494669	-85.819863
874.749834	-86.119426
875.005147	-86.671613
875.260610	-87.102538
875.516222	-87.106343
875.771983	-86.847665
876.027894	-86.813577
876.283954	-87.385880
876.540164	-88.558487
876.796524	-89.194876
877.053033	-87.472964
877.309693	-84.622386
877.566503	-82.231631
877.823464	-80.603654
878.080575	-79.682283
878.337837	-79.375695
878.595249	-79.601432
878.852813	-80.280088
879.110528	-81.319109
879.368393	-82.591623
879.626410	-83.913940
879.884579	-85.049189
880.142899	-85.801960
880.401371	-86.184968
880.659994	-86.436660
880.918770	-86.825078
881.177698	-87.427039
881.436778	-87.906062
881.696010	-87.526366
881.955395	-86.125370
882.214933	-84.459068
882.474623	-83.150816
882.734467	-82.428600
882.994463	-82.335214
883.254613	-82.800523
883.514916	-83.508902
883.775372	-83.678490
884.035982	-82.661068
884.296746	-80.999412
884.557664	-79.528693
884.818735	-78.625884
885.079961	-78.413242
885.341341	-78.961725
885.602876	-80.375781
885.864565	-82.839613
886.126409	-86.584775
886.388407	-90.807048
886.650561	-90.980637
886.912870	-89.203780
887.175334	-89.009355
887.437953	-91.070386
887.700728	-97.447433
887.963658	-105.037784
888.226745	-91.712426
888.489987	-86.862895
888.753385	-84.129803
889.016940	-82.469648
889.280651	-81.536866
889.544518	-81.222015
889.808543	-81.511698
890.072723	-82.374807
890.337061	-83.527501
890.601556	-84.071100
890.866208	-83.228422
891.131017	-81.773313
891.395984	-80.714509
891.661109	-80.466255
891.926391	-81.211625
892.191831	-83.143301
892.457429	-86.261674
892.723186	-87.890072
892.989100	-85.049894
893.255173	-82.244951
893.521405	-80.775415
893.787796	-80.548107
894.054345	-81.525144
894.321053	-83.792595
894.587921	-87.007634
894.854948	-87.779169
895.122134	-85.220658
895.389480	-83.347486
895.656986	-82.988131
895.924651	-84.289543
896.192477	-87.779477
896.460463	-92.441148
896.728609	-87.706718
896.996915	-83.039239
897.265382	-80.433353
897.534010	-79.090647
897.802799	-78.530774
898.071749	-78.338446
898.340860	-78.081280
898.610132	-77.501751
898.879566	-76.716120
899.149162	-76.025641
899.418919	-75.651201
899.688838	-75.682343
899.958919	-76.118589
900.229162	-76.903986
900.499568	-77.960444
900.770136	-79.256029
901.040867	-80.914411
901.311761	-83.336362
901.582817	-87.451677
901.854037	-94.780853
902.125420	-90.357077
902.396966	-84.506072
902.668676	-81.312854
902.940550	-79.360224
903.212587	-77.904048
903.484788	-76.458305
903.757153	-74.884274
904.029683	-73.373814
904.302377	-72.187518
904.575236	-71.498941
904.848259	-71.400722
905.121447	-71.938343
905.394800	-73.097029
905.668319	-74.673532
905.942002	-76.009917
906.215852	-76.308795
906.489866	-75.913262
906.764047	-75.797730
907.038393	-76.474940
907.312906	-77.869762
907.587584	-78.721566
907.862429	-77.371878
908.137441	-75.220899
908.412619	-73.775798
908.687964	-73.366702
908.963476	-73.976778
909.239155	-75.209507
909.515002	-75.462820
909.791015	-73.518931
910.067197	-71.102823
910.343546	-69.385351
910.620063	-68.552569
910.896748	-68.595893
911.173601	-69.528421
911.450623	-71.426350
911.727813	-74.421368
912.005171	-78.472633
912.282699	-82.055191
912.560395	-82.916170
912.838261	-83.638643
913.116296	-84.857060
913.394500	-81.904816
913.672874	-77.441468
913.951418	-74.335087
914.230131	-72.476083
914.509015	-71.528989
914.788068	-71.164671
915.067292	-70.989149
915.346687	-70.618749
915.626252	-69.963296
915.905988	-69.285372
916.185895	-68.911275
916.465973	-69.061677
916.746223	-69.881218
917.026644	-71.512048
917.307236	-74.164782
917.588000	-78.207842
917.868937	-84.213660
918.150045	-91.161736
918.431325	-94.556041
918.712778	-92.622153
918.994404	-82.403092
919.276202	-76.237806
919.558173	-72.313652
919.840317	-69.805415
920.122634	-68.365867
920.405125	-67.841000
920.687789	-68.169044
920.970627	-69.305160
921.253639	-71.028690
921.536824	-72.443662
921.820184	-72.300967
922.103718	-71.225210
922.387427	-70.536132
922.671310	-70.750635
922.955368	-71.994583
923.239601	-74.114984
923.524009	-75.902898
923.808592	-75.486577
924.093351	-74.269831
924.378285	-74.061687
924.663396	-75.380276
924.948682	-77.368318
925.234144	-75.299954
925.519782	-71.058582
925.805597	-67.988041
926.091589	-66.169793
926.377757	-65.405574
926.664102	-65.616718
926.950624	-66.861056
927.237323	-69.400606
927.524200	-74.035023
927.811255	-84.748794
928.098487	-84.323036
928.385897	-77.081825
928.673485	-75.112061
928.961251	-74.682707
929.249196	-73.545367
929.537319	-70.901962
929.825621	-68.202177
930.114102	-66.258397
930.402762	-65.193578
930.691601	-65.006442
930.980620	-65.742678
931.269818	-67.560163
931.559196	-70.780846
931.848753	-75.216374
932.138491	-75.118974
932.428409	-71.458611
932.718508	-69.214901
933.008787	-68.340570
933.299246	-68.471488
933.589887	-69.256622
933.880709	-70.158849
934.171712	-70.563071
934.462896	-70.470299
934.754262	-70.494488
935.045810	-71.091169
935.337539	-72.127836
935.629451	-72.370505
935.921545	-70.702419
936.213822	-68.413193
936.506281	-66.665196
936.798922	-65.721798
937.091747	-65.602092
937.384755	-66.326768
937.677946	-67.988386
937.971321	-70.822717
938.264879	-75.429202
938.558621	-84.035241
938.852547	-93.706987
939.146657	-82.131321
939.440952	-77.426406
939.735431	-73.365340
940.030095	-69.828325
940.324943	-67.090520
940.619977	-65.180354
940.915196	-64.044634
941.210600	-63.641740
941.506189	-63.969197
941.801965	-65.078406
942.097926	-67.096881
942.394074	-70.244216
942.690407	-74.464012
942.986927	-76.382793
943.283634	-73.847349
943.580527	-71.572560
943.877608	-70.239957
944.174875	-69.389481
944.472330	-68.617751
944.769972	-67.789156
945.067802	-67.028094
945.365820	-66.519868
945.664026	-66.363063
945.962420	-66.526877
946.261002	-66.832968
946.559773	-66.985518
946.858733	-66.772413
947.157881	-66.293357
947.457219	-65.850037
947.756746	-65.696885
948.056462	-65.968715
948.356368	-66.715649
948.656464	-67.938424
948.956749	-69.610401
949.257225	-71.706673
949.557891	-74.177203
949.858748	-76.192593
950.159796	-74.857984
950.461034	-71.080594
950.762463	-67.619566
951.064084	-64.965744
951.365896	-63.049170
951.667900	-61.775723
951.970095	-61.083126
952.272483	-60.939397
952.575063	-61.339647
952.877835	-62.308639
953.180799	-63.914517
953.483956	-66.310705
953.787307	-69.869153
954.090850	-75.672735
954.394586	-82.904652
954.698516	-74.987354
955.002640	-69.833478
955.306957	-66.557106
955.611469	-64.232944
955.916174	-62.556347
956.221074	-61.411921
956.526169	-60.750360
956.831458	-60.548989
957.136942	-60.797918
957.442622	-61.492906
957.748496	-62.625242
958.054567	-64.155553
958.360833	-65.943798
958.667294	-67.612983
958.973952	-68.539795
959.280806	-68.425163
959.587857	-67.674736
959.895104	-66.783410
960.202548	-65.984455
960.510189	-65.353839
960.818027	-64.913880
961.126062	-64.658957
961.434295	-64.544535
961.742726	-64.472623
962.051355	-64.305925
962.360182	-63.937395
962.669207	-63.373780
962.978431	-62.733351
963.287854	-62.161833
963.597475	-61.766335
963.907296	-61.602963
964.217315	-61.691358
964.527535	-62.034393
964.837954	-62.638576
965.148573	-63.536870
965.459392	-64.815167
965.770411	-66.642300
966.081630	-69.276285
966.393051	-72.586250
966.704672	-72.954901
967.016494	-69.116787
967.328517	-65.604542
967.640742	-63.064260
967.953169	-61.270376
968.265797	-60.040837
968.578627	-59.259580
968.891660	-58.849749
969.204895	-58.757833
969.518332	-58.947447
969.831972	-59.400174
970.145816	-60.122331
970.459862	-61.157598
970.774112	-62.608507
971.088565	-64.680267
971.403223	-67.789519
971.718084	-72.726620
972.033149	-75.945435
972.348419	-70.183884
972.663893	-65.837240
972.979572	-63.033209
973.295456	-61.146472
973.611546	-59.874957
973.927840	-59.057743
974.244340	-58.597371
974.561046	-58.429069
974.877958	-58.508690
975.195076	-58.809341
975.512401	-59.322598
975.829932	-60.062115
976.147670	-61.068477
976.465615	-62.415246
976.783767	-64.215011
977.102126	-66.602529
977.420693	-69.498247
977.739468	-71.315809
978.058451	-69.664411
978.377642	-66.830718
978.697041	-64.508973
979.016649	-62.812312
979.336466	-61.611856
979.656492	-60.790767
979.976727	-60.260900
980.297171	-59.955904
980.617825	-59.826741
980.938689	-59.840549
981.259763	-59.980772
981.581048	-60.246663
981.902542	-60.651300
982.224248	-61.218264
982.546164	-61.977420
982.868291	-62.959327
983.190630	-64.184841
983.513180	-65.638337
983.835942	-67.195210
984.158916	-68.481134
984.482101	-68.882948
984.805500	-68.171137
985.129110	-66.827941
985.452934	-65.367251
985.776970	-64.009803
986.101220	-62.806663
986.425683	-61.756101
986.750359	-60.851110
987.075250	-60.093124
987.400354	-59.493289
987.725673	-59.070297
988.051206	-58.848352
988.376954	-58.856339
988.702916	-59.128564
989.029094	-59.707871
989.355487	-60.653316
989.682095	-62.057621
990.008919	-64.088707
990.335959	-67.105195
990.663216	-72.073320
990.990688	-81.147816
991.318377	-74.214834
991.646283	-68.210021
991.974406	-64.697607
992.302746	-62.307573
992.631304	-60.575491
992.960079	-59.305762
993.289072	-58.407479
993.618283	-57.838092
993.947713	-57.580118
994.277361	-57.631039
994.607227	-57.999560
994.937313	-58.705540
995.267618	-59.782913
995.598142	-61.286418
995.928886	-63.303328
996.259849	-65.959258
996.591033	-69.279206
996.922437	-71.958803
997.254061	-70.690288
997.585906	-67.590994
997.917972	-64.956772
998.250260	-62.952813
998.582768	-61.452784
998.915498	-60.362372
999.248450	-59.626484
999.581624	-59.213401
999.915020	-59.103865
1000.248639	-59.284331
1000.582480	-59.741953
1000.916545	-60.459903
1001.250832	-61.412585
1001.585343	-62.561072
1001.920077	-63.849074
1002.255035	-65.195684
1002.590218	-66.468110
1002.925624	-67.415111
1003.261255	-67.653412
1003.597111	-66.969047
1003.933192	-65.645085
1004.269497	-64.164800
1004.606029	-62.845467
1004.942785	-61.823936
1005.279768	-61.144355
1005.616977	-60.812497
1005.954412	-60.818105
1006.292074	-61.142019
1006.629962	-61.757051
1006.968077	-62.626653
1007.306420	-63.703195
1007.644990	-64.924348
1007.983787	-66.196593
1008.322813	-67.340802
1008.662067	-68.011564
1009.001549	-67.808585
1009.341259	-66.731544
1009.681199	-65.238686
1010.021367	-63.767971
1010.361765	-62.544429
1010.702392	-61.656372
1011.043250	-61.135952
1011.384337	-60.998233
1011.725654	-61.258056
1012.067202	-61.939580
1012.408980	-63.086606
1012.750989	-64.780041
1013.093230	-67.167401
1013.435702	-70.457933
1013.778405	-74.128919
1014.121341	-73.650723
1014.464508	-69.799824
1014.807908	-66.541377
1015.151540	-64.105601
1015.495405	-62.270106
1015.839503	-60.890143
1016.183835	-59.885545
1016.528400	-59.212796
1016.873198	-58.850105
1017.218231	-58.790531
1017.563498	-59.039560
1017.908999	-59.616146
1018.254735	-60.558452
1018.600707	-61.938822
1018.946913	-63.900508
1019.293354	-66.755538
1019.640032	-71.285539
1019.986945	-78.458599
1020.334094	-73.736903
1020.681480	-67.852238
1021.029102	-64.246954
1021.376961	-61.780503
1021.725058	-60.005547
1022.073391	-58.718593
1022.421962	-57.810705
1022.770772	-57.215354
1023.119819	-56.887610
1023.469104	-56.795336
1023.818628	-56.915847
1024.168391	-57.235672
1024.518393	-57.752557
1024.868634	-58.479346
1025.219115	-59.449381
1025.569836	-60.722802
1025.920796	-62.390342
1026.271997	-64.548472
1026.623438	-67.072673
1026.975121	-68.609744
1027.327044	-67.137688
1027.679208	-64.329274
1028.031614	-61.825517
1028.384262	-59.850338
1028.737152	-58.319501
1029.090284	-57.136592
1029.443659	-56.228533
1029.797276	-55.543781
1030.151137	-55.048034
1030.505240	-54.721223
1030.859587	-54.555216
1031.214178	-54.551481
1031.569013	-54.718529
1031.924093	-55.069218
1032.279417	-55.617668
1032.634985	-56.374462
1032.990799	-57.336272
1033.346858	-58.460816
1033.703162	-59.612674
1034.059712	-60.492194
1034.416509	-60.698181
1034.773551	-60.087302
1035.130841	-58.948322
1035.488377	-57.656977
1035.846160	-56.431503
1036.204190	-55.357377
1036.562468	-54.458641
1036.920994	-53.737709
1037.279768	-53.191418
1037.638790	-52.816391
1037.998061	-52.610297
1038.357581	-52.571735
1038.717350	-52.699688
1039.077368	-52.992850
1039.437636	-53.448637
1039.798154	-54.061381
1040.158922	-54.818464
1040.519940	-55.691978
1040.881209	-56.622730
1041.242729	-57.497172
1041.604501	-58.137464
1041.966524	-58.356883
1042.328798	-58.089670
1042.691325	-57.451527
1043.054103	-56.639351
1043.417135	-55.813698
1043.780419	-55.067170
1044.143956	-54.442145
1044.507746	-53.952931
1044.871791	-53.599969
1045.236088	-53.377490
1045.600641	-53.277686
1045.965447	-53.293253
1046.330508	-53.419020
1046.695824	-53.652623
1047.061395	-53.993784
1047.427222	-54.441778
1047.793304	-54.990693
1048.159642	-55.621943
1048.526237	-56.293593
1048.893088	-56.928439
1049.260196	-57.411003
1049.627561	-57.614701
1049.995183	-57.466110
1050.363063	-56.995745
1050.731201	-56.314557
1051.099597	-55.545938
1051.468251	-54.781857
1051.837164	-54.077038
1052.206336	-53.459823
1052.575767	-52.943808
1052.945458	-52.535543
1053.315409	-52.238544
1053.685619	-52.054954
1054.056090	-51.985990
1054.426821	-52.031900
1054.797814	-52.191665
1055.169067	-52.462224
1055.540582	-52.836559
1055.912359	-53.299628
1056.284398	-53.821070
1056.656698	-54.344933
1057.029262	-54.781636
1057.402088	-55.016990
1057.775177	-54.954713
1058.148530	-54.575046
1058.522146	-53.950347
1058.896027	-53.198328
1059.270171	-52.426238
1059.644580	-51.707075
1060.019254	-51.081639
1060.394193	-50.568505
1060.769397	-50.173044
1061.144867	-49.893725
1061.520602	-49.726245
1061.896604	-49.666164
1062.272872	-49.710490
1062.649407	-49.858413
1063.026210	-50.111319
1063.403279	-50.472104
1063.780616	-50.943621
1064.158221	-51.525583
1064.536094	-52.208538
1064.914235	-52.962781
1065.292645	-53.720828
1065.671325	-54.359996
1066.050273	-54.713300
1066.429491	-54.646489
1066.808979	-54.160426
1067.188738	-53.391375
1067.568766	-52.508993
1067.949066	-51.639390
1068.329636	-50.854031
1068.710478	-50.186630
1069.091592	-49.649947
1069.472977	-49.246201
1069.854635	-48.972498
1070.236565	-48.823456
1070.618768	-48.792466
1071.001243	-48.872375
1071.383993	-49.055974
1071.767016	-49.336417
1072.150313	-49.707560
1072.533884	-50.163936
1072.917730	-50.699836
1073.301850	-51.306576
1073.686246	-51.966533
1074.070917	-52.642424
1074.455864	-53.262285
1074.841087	-53.709575
1075.226586	-53.844479
1075.612362	-53.576022
1075.998415	-52.933168
1076.384745	-52.046527
1076.771353	-51.064968
1077.158238	-50.099379
1077.545401	-49.215265
1077.932843	-48.445970
1078.320564	-47.806244
1078.708564	-47.301023
1079.096842	-46.930126
1079.485401	-46.690415
1079.874240	-46.576563
1080.263358	-46.581079
1080.652757	-46.693917
1081.042438	-46.901886
1081.432399	-47.187995
1081.822641	-47.531037
1082.213166	-47.905784
1082.603972	-48.284225
1082.995061	-48.638065
1083.386433	-48.942048
1083.778087	-49.176831
1084.170025	-49.329848
1084.562246	-49.393622
1084.954751	-49.362814
1085.347541	-49.232443
1085.740615	-48.999197
1086.133973	-48.665468
1086.527617	-48.243474
1086.921546	-47.756419
1087.315761	-47.235665
1087.710262	-46.715595
1088.105050	-46.228809
1088.500124	-45.803215
1088.895485	-45.461072
1089.291134	-45.219271
1089.687070	-45.089990
1090.083294	-45.081151
1090.479806	-45.196291
1090.876607	-45.433457
1091.273696	-45.782670
1091.671075	-46.221457
1092.068744	-46.708522
1092.466702	-47.178008
1092.864950	-47.541821
1093.263489	-47.711093
1093.662319	-47.636112
1094.061440	-47.335737
1094.460852	-46.885526
1094.860555	-46.377393
1095.260551	-45.887217
1095.660840	-45.464206
1096.061421	-45.133689
1096.462295	-44.903206
1096.863462	-44.767322
1097.264923	-44.710410
1097.666678	-44.708181
1098.068727	-44.729375
1098.471071	-44.739188
1098.873710	-44.705485
1099.276644	-44.606888
1099.679874	-44.439336
1100.083400	-44.217221
1100.487222	-43.968228
1100.891340	-43.724986
1101.295756	-43.517571
1101.700468	-43.368907
1102.105478	-43.292745
1102.510787	-43.292847
1102.916393	-43.362127
1103.322298	-43.481118
1103.728502	-43.616233
1104.135005	-43.719899
1104.541807	-43.736362
1104.948909	-43.616078
1105.356312	-43.334925
1105.764015	-42.905934
1106.172019	-42.373783
1106.580324	-41.796812
1106.988931	-41.229886
1107.397840	-40.715737
1107.807051	-40.283836
1108.216564	-39.952865
1108.626380	-39.733847
1109.036500	-39.632601
1109.446923	-39.651077
1109.857649	-39.787408
1110.268680	-40.034506
1110.680016	-40.376900
1111.091657	-40.785585
1111.503602	-41.211614
1111.915854	-41.582205
1112.328411	-41.808097
1112.741275	-41.810878
1113.154445	-41.561352
1113.567922	-41.096581
1113.981706	-40.497350
1114.395798	-39.849621
1114.810198	-39.220270
1115.224906	-38.652164
1115.639923	-38.168899
1116.055249	-37.781089
1116.470884	-37.491060
1116.886829	-37.295573
1117.303084	-37.187057
1117.719650	-37.153910
1118.136526	-37.180343
1118.553713	-37.246170
1118.971212	-37.327019
1119.389022	-37.395596
1119.807145	-37.424613
1120.225580	-37.391450
1120.644328	-37.283334
1121.063389	-37.100677
1121.482763	-36.856621
1121.902452	-36.572938
1122.322454	-36.274505
1122.742771	-35.984765
1123.163404	-35.723239
1123.584351	-35.504825
1124.005614	-35.340056
1124.427193	-35.235618
1124.849089	-35.194756
1125.271301	-35.217501
1125.693830	-35.300755
1126.116677	-35.438268
1126.539842	-35.620529
1126.963324	-35.834577
1127.387126	-36.063914
1127.811246	-36.288946
1128.235685	-36.488544
1128.660444	-36.643134
1129.085522	-36.738856
1129.510922	-36.771240
1129.936641	-36.746521
1130.362682	-36.679887
1130.789044	-36.591676
1131.215728	-36.503456
1131.642734	-36.435266
1132.070063	-36.404223
1132.497714	-36.423931
1132.925689	-36.504071
1133.353987	-36.649742
1133.782610	-36.860400
1134.211556	-37.128366
1134.640827	-37.436966
1135.070424	-37.758597
1135.500345	-38.053710
1135.930593	-38.272777
1136.361166	-38.364049
1136.792067	-38.287737
1137.223294	-38.031096
1137.654848	-37.614225
1138.086730	-37.081682
1138.518940	-36.486325
1138.951479	-35.875650
1139.384346	-35.285374
1139.817543	-34.738935
1140.251069	-34.249846
1140.684925	-33.824648
1141.119111	-33.465464
1141.553628	-33.171802
1141.988475	-32.941652
1142.423655	-32.771987
1142.859166	-32.658867
1143.295009	-32.597330
1143.731185	-32.581247
1144.167694	-32.603252
1144.604536	-32.654808
1145.041711	-32.726435
1145.479221	-32.808076
1145.917065	-32.889579
1146.355245	-32.961298
1146.793759	-33.014773
1147.232609	-33.043513
1147.671795	-33.043757
1148.111317	-33.015061
1148.551177	-32.960448
1148.991373	-32.886041
1149.431907	-32.800206
1149.872779	-32.712452
1150.313989	-32.632345
1150.755538	-32.568609
1151.197426	-32.528557
1151.639653	-32.517805
1152.082220	-32.540228
1152.525128	-32.598024
1152.968376	-32.691787
1153.411966	-32.820535
1153.855897	-32.981633
1154.300169	-33.170632
1154.744784	-33.381045
1155.189742	-33.604120
1155.635042	-33.828734
1156.080687	-34.041535
1156.526674	-34.227530
1156.973007	-34.371269
1157.419683	-34.458575
1157.866705	-34.478553
1158.314072	-34.425300
1158.761786	-34.298762
1159.209845	-34.104427
1159.658251	-33.851986
1160.107004	-33.553479
1160.556104	-33.221500
1161.005553	-32.867872
1161.455349	-32.502888
1161.905494	-32.135027
1162.355989	-31.770990
1162.806832	-31.415904
1163.258026	-31.073582
1163.709570	-30.746761
1164.161464	-30.437294
1164.613710	-30.146281
1165.066307	-29.874174
1165.519256	-29.620863
1165.972558	-29.385747
1166.426212	-29.167802
1166.880219	-28.965652
1167.334580	-28.777658
1167.789295	-28.602008
1168.244364	-28.436820
1168.699788	-28.280252
1169.155567	-28.130584
1169.611702	-27.986283
1170.068193	-27.846040
1170.525041	-27.708792
1170.982245	-27.573712
1171.439807	-27.440195
1171.897726	-27.307850
1172.356004	-27.176491
1172.814640	-27.046132
1173.273635	-26.916973
1173.732989	-26.789408
1174.192703	-26.664021
1174.652778	-26.541587
1175.113213	-26.423065
1175.574009	-26.309580
1176.035167	-26.202400
1176.496687	-26.102896
1176.958569	-26.012475
1177.420814	-25.932513
1177.883422	-25.864259
1178.346394	-25.808750
1178.809730	-25.766730
1179.273430	-25.738581
1179.737496	-25.724291
1180.201927	-25.723439
1180.666723	-25.735215
1181.131886	-25.758456
1181.597416	-25.791695
1182.063312	-25.833221
1182.529576	-25.881127
1182.996209	-25.933364
1183.463209	-25.987772
1183.930579	-26.042117
1184.398317	-26.094105
1184.866426	-26.141409
1185.334904	-26.181669
1185.803754	-26.212527
1186.272974	-26.231676
1186.742566	-26.236929
1187.212529	-26.226314
1187.682865	-26.198175
1188.153574	-26.151284
1188.624656	-26.084931
1189.096112	-25.998981
1189.567942	-25.893902
1190.040147	-25.770752
1190.512726	-25.631129
1190.985681	-25.477077
1191.459012	-25.310976
1191.932720	-25.135404
1192.406804	-24.953005
1192.881265	-24.766355
1193.356104	-24.577853
1193.831322	-24.389638
1194.306918	-24.203537
1194.782893	-24.021043
1195.259248	-23.843307
1195.735982	-23.671157
1196.213097	-23.505126
1196.690593	-23.345496
1197.168471	-23.192341
1197.646730	-23.045578
1198.125371	-22.904997
1198.604395	-22.770283
1199.083803	-22.641020
1199.563594	-22.516692
1200.043769	-22.396692
1200.524329	-22.280322
1201.005273	-22.166812
1201.486604	-22.055327
1201.968320	-21.944982
1202.450422	-21.834871
1202.932912	-21.724093
1203.415789	-21.611801
1203.899054	-21.497245
1204.382707	-21.379824
1204.866748	-21.259134
1205.351179	-21.134989
1205.836000	-21.007424
1206.321211	-20.876685
1206.806812	-20.743194
1207.292805	-20.607524
1207.779189	-20.470363
1208.265965	-20.332469
1208.753134	-20.194633
1209.240696	-20.057620
1209.728651	-19.922129
1210.217000	-19.788762
1210.705744	-19.658017
1211.194883	-19.530295
1211.684417	-19.405915
1212.174347	-19.285131
1212.664673	-19.168160
1213.155396	-19.055196
1213.646516	-18.946438
1214.138034	-18.842097
1214.629951	-18.742416
1215.122266	-18.647656
1215.614980	-18.558096
1216.108095	-18.473996
1216.601609	-18.395572
1217.095524	-18.322959
1217.589841	-18.256189
1218.084559	-18.195170
1218.579679	-18.139687
1219.075202	-18.089406
1219.571128	-18.043887
1220.067458	-18.002606
1220.564191	-17.964979
1221.061330	-17.930399
1221.558874	-17.898268
1222.056823	-17.868023
1222.555178	-17.839155
1223.053940	-17.811215
1223.553109	-17.783807
1224.052686	-17.756580
1224.552671	-17.729207
1225.053065	-17.701370
1225.553867	-17.672741
1226.055079	-17.642981
1226.556702	-17.611731
1227.058735	-17.578615
1227.561179	-17.543249
1228.064035	-17.505255
1228.567303	-17.464277
1229.070983	-17.420005
1229.575077	-17.372190
1230.079585	-17.320663
1230.584506	-17.265338
1231.089842	-17.206217
1231.595594	-17.143391
1232.101761	-17.077024
1232.608345	-17.007339
1233.115345	-16.934597
1233.622762	-16.859081
1234.130597	-16.781076
1234.638851	-16.700850
1235.147523	-16.618641
1235.656615	-16.534642
1236.166126	-16.448992
1236.676058	-16.361773
1237.186411	-16.273012
1237.697185	-16.182693
1238.208381	-16.090765
1238.719999	-15.997156
1239.232040	-15.901782
1239.744505	-15.804563
1240.257394	-15.705431
1240.770708	-15.604348
1241.284446	-15.501306
1241.798610	-15.396332
1242.313201	-15.289476
1242.828218	-15.180803
1243.343662	-15.070376
1243.859534	-14.958255
1244.375834	-14.844487
1244.892563	-14.729104
1245.409721	-14.612120
1245.927309	-14.493538
1246.445327	-14.373349
1246.963777	-14.251539
1247.482657	-14.128099
1248.001970	-14.003030
1248.521716	-13.876354
1249.041894	-13.748112
1249.562506	-13.618366
1250.083553	-13.487197
1250.605034	-13.354695
1251.126950	-13.220956
1251.649302	-13.086082
1252.172091	-12.950170
1252.695316	-12.813320
1253.218979	-12.675621
1253.743079	-12.537160
1254.267619	-12.398021
1254.792597	-12.258291
1255.318015	-12.118063
1255.843874	-11.977430
1256.370173	-11.836482
1256.896913	-11.695308
1257.424095	-11.553999
1257.951720	-11.412646
1258.479787	-11.271345
1259.008298	-11.130186
1259.537254	-10.989262
1260.066654	-10.848670
1260.596499	-10.708513
1261.126790	-10.568902
1261.657527	-10.429948
1262.188711	-10.291771
1262.720342	-10.154491
1263.252422	-10.018234
1263.784950	-9.883127
1264.317928	-9.749291
1264.851355	-9.616833
1265.385232	-9.485851
1265.919560	-9.356431
1266.454340	-9.228656
1266.989572	-9.102604
1267.525256	-8.978343
1268.061394	-8.855936
1268.597985	-8.735443
1269.135031	-8.616922
1269.672531	-8.500433
1270.210487	-8.386031
1270.748899	-8.273765
1271.287768	-8.163677
1271.827094	-8.055805
1272.366877	-7.950178
1272.907119	-7.846817
1273.447820	-7.745737
1273.988981	-7.646947
1274.530601	-7.550455
1275.072683	-7.456273
1275.615226	-7.364413
1276.158230	-7.274890
1276.701697	-7.187725
1277.245627	-7.102938
1277.790021	-7.020546
1278.334879	-6.940564
1278.880202	-6.863000
1279.425991	-6.787860
1279.972245	-6.715141
1280.518966	-6.644838
1281.066155	-6.576940
1281.613811	-6.511437
1282.161936	-6.448320
1282.710529	-6.387590
1283.259593	-6.329255
1283.809126	-6.273330
1284.359131	-6.219837
1284.909607	-6.168799
1285.460555	-6.120239
1286.011976	-6.074177
1286.563870	-6.030626
1287.116237	-5.989592
1287.669080	-5.951073
1288.222397	-5.915059
1288.776191	-5.881536
1289.330460	-5.850487
1289.885207	-5.821898
1290.440431	-5.795763
1290.996133	-5.772081
1291.552314	-5.750863
1292.108975	-5.732122
1292.666115	-5.715878
1293.223737	-5.702148
1293.781839	-5.690952
1294.340424	-5.682302
1294.899491	-5.676200
1295.459041	-5.672638
1296.019075	-5.671602
1296.579593	-5.673071
1297.140597	-5.677020
1297.702086	-5.683430
1298.264061	-5.692289
1298.826524	-5.703593
1299.389474	-5.717352
1299.952912	-5.733581
1300.516839	-5.752304
1301.081255	-5.773547
1301.646162	-5.797337
1302.211559	-5.823694
1302.777448	-5.852629
1303.343829	-5.884146
1303.910702	-5.918240
1304.478069	-5.954897
1305.045930	-5.994093
1305.614285	-6.035808
1306.183136	-6.080023
1306.752483	-6.126729
1307.322326	-6.175927
1307.892666	-6.227626
1308.463504	-6.281841
1309.034841	-6.338591
1309.606677	-6.397896
1310.179012	-6.459769
1310.751849	-6.524214
1311.325186	-6.591222
1311.899025	-6.660770
1312.473366	-6.732822
1313.048211	-6.807328
1313.623559	-6.884230
1314.199412	-6.963464
1314.775770	-7.044962
1315.352634	-7.128663
1315.930004	-7.214510
1316.507881	-7.302446
1317.086266	-7.392420
1317.665159	-7.484374
1318.244562	-7.578252
1318.824474	-7.673983
1319.404897	-7.771492
1319.985831	-7.870685
1320.567276	-7.971454
1321.149234	-8.073674
1321.731706	-8.177213
1322.314691	-8.281937
1322.898190	-8.387715
1323.482205	-8.494417
1324.066736	-8.601929
1324.651783	-8.710155
1325.237347	-8.819019
1325.823430	-8.928454
1326.410031	-9.038406
1326.997151	-9.148821
1327.584791	-9.259646
1328.172952	-9.370821
1328.761634	-9.482280
1329.350839	-9.593947
1329.940566	-9.705730
1330.530817	-9.817528
1331.121592	-9.929233
1331.712891	-10.040739
1332.304716	-10.151942
1332.897068	-10.262745
1333.489946	-10.373057
1334.083352	-10.482785
1334.677287	-10.591837
1335.271750	-10.700114
1335.866744	-10.807508
1336.462268	-10.913897
1337.058323	-11.019135
1337.654910	-11.123048
1338.252029	-11.225435
1338.849682	-11.326071
1339.447869	-11.424717
1340.046591	-11.521116
1340.645848	-11.614996
1341.245641	-11.706084
1341.845972	-11.794111
1342.446840	-11.878826
1343.048246	-11.959995
1343.650191	-12.037407
1344.252677	-12.110880
1344.855702	-12.180258
1345.459269	-12.245421
1346.063379	-12.306281
1346.668030	-12.362787
1347.273226	-12.414921
1347.878965	-12.462707
1348.485250	-12.506216
1349.092080	-12.545563
1349.699456	-12.580907
1350.307380	-12.612456
1350.915851	-12.640471
1351.524871	-12.665258
1352.134441	-12.687158
1352.744560	-12.706545
1353.355231	-12.723813
1353.966453	-12.739368
1354.578227	-12.753624
1355.190555	-12.766997
1355.803436	-12.779890
1356.416872	-12.792674
1357.030863	-12.805684
1357.645411	-12.819210
1358.260515	-12.833495
1358.876177	-12.848733
1359.492397	-12.865077
1360.109176	-12.882625
1360.726516	-12.901417
1361.344416	-12.921444
1361.962877	-12.942658
1362.581901	-12.964968
1363.201487	-12.988247
1363.821637	-13.012351
1364.442352	-13.037120
1365.063632	-13.062384
1365.685478	-13.087970
1366.307891	-13.113728
1366.930871	-13.139526
1367.554420	-13.165269
1368.178538	-13.190907
1368.803226	-13.216450
1369.428485	-13.241961
1370.054315	-13.267577
1370.680717	-13.293505
1371.307693	-13.320020
1371.935242	-13.347446
1372.563366	-13.376157
1373.192065	-13.406561
1373.821341	-13.439108
1374.451193	-13.474282
1375.081623	-13.512593
1375.712632	-13.554564
1376.344221	-13.600723
1376.976389	-13.651588
1377.609139	-13.707653
1378.242470	-13.769379
1378.876384	-13.837184
1379.510881	-13.911451
1380.145963	-13.992521
1380.781629	-14.080684
1381.417881	-14.176173
1382.054720	-14.279159
1382.692147	-14.389748
1383.330161	-14.507965
1383.968765	-14.633739
1384.607959	-14.766926
1385.247743	-14.907318
1385.888119	-15.054671
1386.529087	-15.208720
1387.170648	-15.369186
1387.812804	-15.535772
1388.455554	-15.708163
1389.098899	-15.886036
1389.742842	-16.069045
1390.387381	-16.256811
1391.032519	-16.448961
1391.678256	-16.645153
1392.324592	-16.845118
1392.971529	-17.048685
1393.619068	-17.255802
1394.267208	-17.466537
1394.915952	-17.681067
1395.565300	-17.899666
1396.215253	-18.122702
1396.865812	-18.350639
1397.516977	-18.584043
1398.168749	-18.823609
1398.821130	-19.070183
1399.474120	-19.324755
1400.127719	-19.588443
1400.781930	-19.862453
1401.436752	-20.148004
1402.092186	-20.446256
1402.748234	-20.758233
1403.404897	-21.084765
1404.062174	-21.426443
1404.720067	-21.783610
1405.378577	-22.156332
1406.037705	-22.544368
1406.697451	-22.947113
1407.357817	-23.363476
1408.018803	-23.791694
1408.680410	-24.229079
1409.342639	-24.671708
1410.005492	-25.114156
1410.668968	-25.549279
1411.333068	-25.968088
1411.997795	-26.359876
1412.663147	-26.712725
1413.329127	-27.014405
1413.995736	-27.253672
1414.662973	-27.421761
1415.330840	-27.513768
1415.999339	-27.529507
1416.668469	-27.473509
1417.338232	-27.354128
1418.008628	-27.182088
1418.679659	-26.968907
1419.351325	-26.725564
1420.023628	-26.461651
1420.696568	-26.184999
1421.370145	-25.901726
1422.044362	-25.616503
1422.719219	-25.332893
1423.394717	-25.053645
1424.070856	-24.780943
1424.747638	-24.516524
1425.425064	-24.261629
1426.103134	-24.016931
1426.781850	-23.782498
1427.461212	-23.557758
1428.141221	-23.341542
1428.821878	-23.132258
1429.503185	-22.928164
1430.185141	-22.727689
1430.867749	-22.529740
1431.551008	-22.333911
1432.234920	-22.140578
1432.919486	-21.950795
1433.604707	-21.766037
1434.290583	-21.587888
1434.977116	-21.417716
1435.664307	-21.256368
1436.352156	-21.104027
1437.040664	-20.960213
1437.729833	-20.823907
1438.419663	-20.693786
1439.110156	-20.568591
1439.801312	-20.447508
1440.493132	-20.330435
1441.185617	-20.218097
1441.878768	-20.112033
1442.572586	-20.014417
1443.267072	-19.927742
1443.962228	-19.854427
1444.658053	-19.796464
1445.354549	-19.755114
1446.051717	-19.730698
1446.749558	-19.722552
1447.448073	-19.729126
1448.147263	-19.748211
1448.847128	-19.777295
1449.547671	-19.814020
1450.248891	-19.856647
1450.950789	-19.904453
1451.653368	-19.957976
1452.356627	-20.019074
1453.060568	-20.090753
1453.765192	-20.176801
1454.470500	-20.281318
1455.176492	-20.408165
1455.883170	-20.560434
1456.590534	-20.740003
1457.298586	-20.947183
1458.007327	-21.180473
1458.716758	-21.436475
1459.426880	-21.710021
1460.137693	-21.994577
1460.849199	-22.282943
1461.561398	-22.568231
1462.274293	-22.844995
1462.987883	-23.110320
1463.702170	-23.364627
1464.417155	-23.611905
1465.132838	-23.859277
1465.849222	-24.116103
1466.566306	-24.392813
1467.284093	-24.699656
1468.002582	-25.045583
1468.721775	-25.437325
1469.441674	-25.878562
1470.162278	-26.369037
1470.883590	-26.903640
1471.605609	-27.471533
1472.328338	-28.055518
1473.051777	-28.632323
1473.775928	-29.174617
1474.500790	-29.655383
1475.226367	-30.054139
1475.952657	-30.362753
1476.679663	-30.587765
1477.407386	-30.747690
1478.135826	-30.866834
1478.864985	-30.968656
1479.594863	-31.071089
1480.325463	-31.184482
1481.056784	-31.311642
1481.788828	-31.449350
1482.521597	-31.591043
1483.255090	-31.730299
1483.989309	-31.864512
1484.724256	-31.997812
1485.459931	-32.142468
1486.196336	-32.318452
1486.933471	-32.551405
1487.671337	-32.869568
1488.409937	-33.299660
1489.149270	-33.859915
1489.889337	-34.544703
1490.630141	-35.289240
1491.371682	-35.906311
1492.113961	-36.053463
1492.856979	-35.424614
1493.600738	-34.089708
1494.345238	-32.409528
1495.090481	-30.689071
1495.836467	-29.076776
1496.583198	-27.622574
1497.330675	-26.333542
1498.078899	-25.201363
1498.827872	-24.213404
1499.577593	-23.356751
1500.328065	-22.619495
1501.079289	-21.990922
1501.831265	-21.461297
1502.583995	-21.021531
1503.337480	-20.662846
1504.091721	-20.376398
1504.846719	-20.152909
1505.602475	-19.982346
1506.358991	-19.853702
1507.116268	-19.754916
1507.874306	-19.673057
1508.633108	-19.594885
1509.392673	-19.507816
1510.153004	-19.401161
1510.914101	-19.267423
1511.675965	-19.103276
1512.438599	-18.909889
1513.202002	-18.692446
1513.966176	-18.459032
1514.731122	-18.219208
1515.496842	-17.982564
1516.263336	-17.757529
1517.030607	-17.550498
1517.798654	-17.365208
1518.567479	-17.202252
1519.337083	-17.058700
1520.107468	-16.927796
1520.878634	-16.798822
1521.650584	-16.657339
1522.423317	-16.486138
1523.196836	-16.267152
1523.971141	-15.984338
1524.746233	-15.626955
1525.522115	-15.192170
1526.298786	-14.685890
1527.076249	-14.121455
1527.854504	-13.516842
1528.633553	-12.891530
1529.413397	-12.264012
1530.194037	-11.650350
1530.975474	-11.063651
1531.757709	-10.514180
1532.540745	-10.009763
1533.324581	-9.556297
1534.109220	-9.158236
1534.894662	-8.819012
1535.680909	-8.541357
1536.467961	-8.327555
1537.255821	-8.179616
1538.044489	-8.099395
1538.833967	-8.088681
1539.624256	-8.149233
1540.415357	-8.282810
1541.207271	-8.491151
1542.000000	-8.775925
1542.793545	-9.138600
1543.587907	-9.580206
1544.383087	-10.100912
1545.179088	-10.699319
1545.975909	-11.371281
1546.773552	-12.108045
1547.572019	-12.893473
1548.371311	-13.700362
1549.171428	-14.486794
1549.972373	-15.195370
1550.774147	-15.760335
1551.576751	-16.126023
1552.380185	-16.270179
1553.184453	-16.215086
1553.989554	-16.016348
1554.795490	-15.739618
1555.602263	-15.442289
1556.409873	-15.166489
1557.218322	-14.939950
1558.027612	-14.779729
1558.837743	-14.695968
1559.648717	-14.694773
1560.460536	-14.780199
1561.273200	-14.955567
1562.086710	-15.224353
1562.901069	-15.590816
1563.716278	-16.060534
1564.532337	-16.640949
1565.349249	-17.341995
1566.167014	-18.176890
1566.985634	-19.163061
1567.805111	-20.323039
1568.625444	-21.684427
1569.446637	-23.275675
1570.268690	-25.105816
1571.091605	-27.089289
1571.915382	-28.839152
1572.740024	-29.521974
1573.565532	-28.728335
1574.391907	-27.170445
1575.219150	-25.558155
1576.047262	-24.144433
1576.876246	-22.967133
1577.706103	-22.005068
1578.536833	-21.227547
1579.368439	-20.606863
1580.200922	-20.120381
1581.034282	-19.750014
1581.868522	-19.481218
1582.703643	-19.302045
1583.539646	-19.202393
1584.376532	-19.173457
1585.214304	-19.207309
1586.052962	-19.296533
1586.892508	-19.433906
1587.732943	-19.612129
1588.574269	-19.823619
1589.416487	-20.060424
1590.259599	-20.314218
1591.103605	-20.576396
1591.948508	-20.838243
1592.794309	-21.091212
1593.641009	-21.327359
1594.488609	-21.539857
1595.337112	-21.723528
1596.186518	-21.875258
1597.036829	-21.994177
1597.888047	-22.081548
1598.740172	-22.140500
1599.593207	-22.175656
1600.447153	-22.192720
1601.302010	-22.198014
1602.157782	-22.198027
1603.014469	-22.199060
1603.872072	-22.207033
1604.730593	-22.227423
1605.590034	-22.265251
1606.450397	-22.325003
1607.311681	-22.410517
1608.173890	-22.524944
1609.037024	-22.670725
1609.901085	-22.849564
1610.766075	-23.062333
1611.631995	-23.308874
1612.498846	-23.587719
1613.366630	-23.895869
1614.235349	-24.228627
1615.105004	-24.579464
1615.975596	-24.939924
1616.847128	-25.299748
1617.719600	-25.647455
1618.593014	-25.971489
1619.467372	-26.261859
1620.342675	-26.511851
1621.218924	-26.719406
1622.096122	-26.887744
1622.974270	-27.025053
1623.853369	-27.143313
1624.733420	-27.256632
1625.614427	-27.379566
1626.496389	-27.525787
1627.379308	-27.707255
1628.263187	-27.933905
1629.148026	-28.213633
1630.033828	-28.552394
1630.920593	-28.954306
1631.808324	-29.421743
1632.697022	-29.955475
1633.586688	-30.554920
1634.477324	-31.218518
1635.368932	-31.944221
1636.261514	-32.730354
1637.155070	-33.577130
1638.049602	-34.488988
1638.945113	-35.477794
1639.841603	-36.566985
1640.739075	-37.796930
1641.637529	-39.232770
1642.536968	-40.977357
1643.437393	-43.190169
1644.338806	-46.072165
1645.241209	-49.325621
1646.144602	-49.596231
1647.048988	-46.043439
1647.954368	-42.550395
1648.860744	-39.785622
1649.768118	-37.575177
1650.676491	-35.756583
1651.585865	-34.223594
1652.496241	-32.906409
1653.407621	-31.756799
1654.320008	-30.739741
1655.233401	-29.828869
1656.147804	-29.003798
1657.063218	-28.248475
1657.979645	-27.550238
1658.897085	-26.899363
1659.815542	-26.288790
1660.735016	-25.713739
1661.655509	-25.171186
1662.577023	-24.659383
1663.499560	-24.177534
1664.423121	-23.725450
1665.347709	-23.303127
1666.273324	-22.910385
1667.199969	-22.546687
1668.127645	-22.211150
1669.056353	-21.902570
1669.986097	-21.619416
1670.916877	-21.359908
1671.848695	-21.122216
1672.781553	-20.904673
1673.715452	-20.705901
1674.650395	-20.524842
1675.586383	-20.360786
1676.523418	-20.213413
1677.461501	-20.082763
1678.400635	-19.969088
1679.340821	-19.872698
1680.282061	-19.793853
1681.224357	-19.732697
1682.167710	-19.689205
1683.112122	-19.663123
1684.057595	-19.653971
1685.004132	-19.661106
1685.951732	-19.683807
1686.900400	-19.721329
1687.850135	-19.772924
1688.800940	-19.837824
1689.752818	-19.915235
1690.705768	-20.004290
1691.659795	-20.103913
1692.614898	-20.212656
1693.571081	-20.328570
1694.528345	-20.449164
1695.486691	-20.571358
1696.446122	-20.691447
1697.406640	-20.805143
1698.368245	-20.907757
1699.330941	-20.994406
1700.294729	-21.060201
1701.259611	-21.100428
1702.225588	-21.110818
1703.192664	-21.087852
1704.160838	-21.028989
1705.130114	-20.932816
1706.100493	-20.799194
1707.071977	-20.629378
1708.044568	-20.425967
1709.018268	-20.192665
1709.993079	-19.933945
1710.969003	-19.654729
1711.946041	-19.360067
1712.924196	-19.054812
1713.903469	-18.743368
1714.883862	-18.429594
1715.865378	-18.116821
1716.848017	-17.807864
1717.831783	-17.505043
1718.816677	-17.210265
1719.802701	-16.925121
1720.789857	-16.650931
1721.778147	-16.388748
1722.767573	-16.139391
1723.758136	-15.903487
1724.749840	-15.681500
1725.742685	-15.473738
1726.736673	-15.280394
1727.731808	-15.101586
1728.728090	-14.937398
1729.725521	-14.787888
1730.724105	-14.653079
1731.723842	-14.532977
1732.724735	-14.427571
1733.726785	-14.336814
1734.729995	-14.260587
1735.734366	-14.198703
1736.739902	-14.150920
1737.746603	-14.116926
1738.754472	-14.096320
1739.763510	-14.088617
1740.773721	-14.093257
1741.785105	-14.109562
1742.797665	-14.136699
1743.811403	-14.173662
1744.826321	-14.219252
1745.842422	-14.272022
1746.859706	-14.330233
1747.878177	-14.391855
1748.897835	-14.454561
1749.918685	-14.515688
1750.940726	-14.572243
1751.963963	-14.620958
1752.988395	-14.658352
1754.014027	-14.680805
1755.040860	-14.684713
1756.068895	-14.666699
1757.098135	-14.623818
1758.128583	-14.553758
1759.160240	-14.455047
1760.193109	-14.327200
1761.227191	-14.170763
1762.262488	-13.987265
1763.299004	-13.779123
1764.336740	-13.549477
1765.375697	-13.301961
1766.415880	-13.040477
1767.457288	-12.769013
1768.499926	-12.491474
1769.543794	-12.211538
1770.588895	-11.932567
1771.635231	-11.657575
1772.682805	-11.389205
1773.731619	-11.129723
1774.781674	-10.881037
1775.832973	-10.644722
1776.885519	-10.422026
1777.939312	-10.213884
1778.994357	-10.020935
1780.050654	-9.843525
1781.108207	-9.681704
1782.167017	-9.535222
1783.227087	-9.403528
1784.288418	-9.285755
1785.351013	-9.180692
1786.414875	-9.086775
1787.480006	-9.002075
1788.546407	-8.924283
1789.614082	-8.850728
1790.683032	-8.778415
1791.753259	-8.704094
1792.824767	-8.624384
1793.897557	-8.535920
1794.971632	-8.435561
1796.046994	-8.320604
1797.123645	-8.189016
1798.201588	-8.039626
1799.280824	-7.872274
1800.361357	-7.687866
1801.443188	-7.488346
1802.526320	-7.276585
1803.610756	-7.056209
1804.696497	-6.831380
1805.783546	-6.606587
1806.871906	-6.386461
1807.961578	-6.175613
1809.052565	-5.978527
1810.144870	-5.799497
1811.238494	-5.642599
1812.333441	-5.511699
1813.429713	-5.410482
1814.527311	-5.342504
1815.626239	-5.311249
1816.726499	-5.320206
1817.828094	-5.372956
1818.931025	-5.473267
1820.035295	-5.625214
1821.140906	-5.833319
1822.247862	-6.102719
1823.356165	-6.439397
1824.465816	-6.850463
1825.576819	-7.344557
1826.689175	-7.932405
1827.802888	-8.627629
1828.917960	-9.447967
1830.034394	-10.417163
1831.152191	-11.568010
1832.271354	-12.947414
1833.391887	-14.624951
1834.513790	-16.706538
1835.637068	-19.346323
1836.761722	-22.653090
1837.887755	-25.655521
1839.015169	-24.827466
1840.143968	-21.686950
1841.274153	-18.964052
1842.405727	-16.898944
1843.538693	-15.333229
1844.673053	-14.136720
1845.808810	-13.224593
1846.945966	-12.542079
1848.084525	-12.053080
1849.224488	-11.733316
1850.365858	-11.566220
1851.508638	-11.540325
1852.652831	-11.647413
1853.798438	-11.880933
1854.945463	-12.234268
1856.093909	-12.698389
1857.243777	-13.258361
1858.395071	-13.888127
1859.547794	-14.543727
1860.701947	-15.157541
1861.857533	-15.641246
1863.014556	-15.908086
1864.173018	-15.912350
1865.332922	-15.676577
1866.494270	-15.278041
1867.657065	-14.809178
1868.821309	-14.347057
1869.987006	-13.944040
1871.154158	-13.631173
1872.322768	-13.424638
1873.492839	-13.330915
1874.664373	-13.349761
1875.837373	-13.475249
1877.011841	-13.695252
1878.187782	-13.989745
1879.365197	-14.328565
1880.544089	-14.670105
1881.724460	-14.963661
1882.906315	-15.158455
1884.089655	-15.219001
1885.274483	-15.139395
1886.460803	-14.946091
1887.648616	-14.686777
1888.837927	-14.413978
1890.028736	-14.172961
1891.221049	-13.996732
1892.414866	-13.905734
1893.610192	-13.909088
1894.807028	-14.005424
1896.005379	-14.182557
1897.205246	-14.416193
1898.406633	-14.668927
1899.609542	-14.892149
1900.813977	-15.034266
1902.019940	-15.055964
1903.227434	-14.946158
1904.436462	-14.727481
1905.647028	-14.446761
1906.859133	-14.158124
1908.072781	-13.909370
1909.287976	-13.735676
1910.504719	-13.658543
1911.723013	-13.686544
1912.942863	-13.815573
1914.164270	-14.027753
1915.387238	-14.289526
1916.611770	-14.551266
1917.837868	-14.752843
1919.065536	-14.839049
1920.294777	-14.781462
1921.525594	-14.592617
1922.757989	-14.320257
1923.991967	-14.026731
1925.227529	-13.769150
1926.464679	-13.589054
1927.703420	-13.509970
1928.943755	-13.538019
1930.185688	-13.662296
1931.429221	-13.854297
1932.674356	-14.068189
1933.921099	-14.246039
1935.169451	-14.332213
1936.419415	-14.294726
1937.670996	-14.140772
1938.924195	-13.913386
1940.179017	-13.672032
1941.435463	-13.471975
1942.693538	-13.352175
1943.953245	-13.331120
1945.214586	-13.406053
1946.477566	-13.552817
1947.742186	-13.727049
1949.008451	-13.870733
1950.276363	-13.928440
1951.545926	-13.870286
1952.817143	-13.707405
1954.090017	-13.486648
1955.364551	-13.269101
1956.640749	-13.108553
1957.918615	-13.039217
1959.198150	-13.071216
1960.479359	-13.189319
1961.762244	-13.353479
1963.046810	-13.504406
1964.333059	-13.579743
1965.620995	-13.540189
1966.910621	-13.390649
1968.201940	-13.178177
1969.494956	-12.968405
1970.789672	-12.819588
1972.086091	-12.767140
1973.384217	-12.817777
1974.684053	-12.948252
1975.985602	-13.107865
1977.288869	-13.229648
1978.593855	-13.254986
1979.900566	-13.163559
1981.209003	-12.985885
1982.519171	-12.786238
1983.831073	-12.631463
1985.144712	-12.567126
1986.460093	-12.606535
1987.777217	-12.727881
1989.096089	-12.877509
1990.416713	-12.984367
1991.739092	-12.989971
1993.063228	-12.881629
1994.389127	-12.701407
1995.716791	-12.521536
1997.046223	-12.408753
1998.377428	-12.400092
1999.710409	-12.492775
2001.045169	-12.643282
2002.381713	-12.777622
2003.720043	-12.820561
2005.060163	-12.738212
2006.402077	-12.561983
2007.745788	-12.369109
2009.091301	-12.239320
2010.438618	-12.221235
2011.787743	-12.317349
2013.138680	-12.481478
2014.491433	-12.629897
2015.846005	-12.676341
2017.202399	-12.584368
2018.560621	-12.394856
2019.920673	-12.198224
2021.282558	-12.080918
2022.646281	-12.088183
2024.011846	-12.210135
2025.379256	-12.383209
2026.748515	-12.511210
2028.119626	-12.514827
2029.492594	-12.386353
2030.867422	-12.195910
2032.244114	-12.041242
2033.622673	-11.992094
2035.003104	-12.062321
2036.385411	-12.206450
2037.769597	-12.337605
2039.155665	-12.372877
2040.543621	-12.289548
2041.933467	-12.141537
2043.325208	-12.016771
2044.718847	-11.979674
2046.114389	-12.039252
2047.511837	-12.147519
2048.911195	-12.226117
2050.312467	-12.217375
2051.715657	-12.128142
2053.120769	-12.022779
2054.527807	-11.971886
2055.936775	-12.003997
2057.347677	-12.088146
2058.760516	-12.152487
2060.175297	-12.135964
2061.592025	-12.041111
2063.010701	-11.935165
2064.431332	-11.896448
2065.853921	-11.956841
2067.278472	-12.076121
2068.704988	-12.160338
2070.133475	-12.129332
2071.563936	-11.991765
2072.996375	-11.844741
2074.430796	-11.795923
2075.867204	-11.887602
2077.305603	-12.064564
2078.745996	-12.195474
2080.188389	-12.165684
2081.632784	-11.988338
2083.079187	-11.799049
2084.527601	-11.738702
2085.978030	-11.855824
2087.430480	-12.074317
2088.884954	-12.226980
2090.341455	-12.180978
2091.799990	-11.973654
2093.260561	-11.777395
2094.723173	-11.742379
2096.187831	-11.894721
2097.654538	-12.120571
2099.123300	-12.233836
2100.594119	-12.137730
2102.067001	-11.929005
2103.541950	-11.792283
2105.018971	-11.835060
2106.498067	-12.019553
2107.979243	-12.191430
2109.462503	-12.204779
2110.947853	-12.068847
2112.435295	-11.930834
2113.924836	-11.919188
2115.416478	-12.039226
2116.910227	-12.180970
2118.406087	-12.221828
2119.904063	-12.151578
2121.404158	-12.073119
2122.906378	-12.079831
2124.410727	-12.165267
2125.917210	-12.241846
2127.425831	-12.242769
2128.936594	-12.200365
2130.449505	-12.199474
2131.964567	-12.269431
2133.481786	-12.345717
2135.001166	-12.345947
2136.522711	-12.282250
2138.046427	-12.257573
2139.572317	-12.341719
2141.100388	-12.478356
2142.630642	-12.528575
2144.163085	-12.438908
2145.697722	-12.328889
2147.234558	-12.353823
2148.773596	-12.526640
2150.314842	-12.683045
2151.858301	-12.650506
2153.403977	-12.481837
2154.951875	-12.399560
2156.502000	-12.528672
2158.054357	-12.757127
2159.608950	-12.835335
2161.165785	-12.686925
2162.724866	-12.526946
2164.286198	-12.575615
2165.849786	-12.807019
2167.415635	-12.969198
2168.983749	-12.884854
2170.554134	-12.707267
2172.126795	-12.697273
2173.701737	-12.895329
2175.278964	-13.082042
2176.858481	-13.049549
2178.440294	-12.899250
2180.024408	-12.879996
2181.610827	-13.047983
2183.199557	-13.211879
2184.790602	-13.194269
2186.383968	-13.091136
2187.979660	-13.106422
2189.577683	-13.254574
2191.178041	-13.358987
2192.780741	-13.323510
2194.385787	-13.278013
2195.993185	-13.352676
2197.602939	-13.476232
2199.215054	-13.499238
2200.829537	-13.450492
2202.446392	-13.486420
2204.065624	-13.619850
2205.687239	-13.688361
2207.311242	-13.631945
2208.937638	-13.616102
2210.566433	-13.751379
2212.197631	-13.892555
2213.831239	-13.862857
2215.467261	-13.780686
2217.105703	-13.869356
2218.746570	-14.075438
2220.389867	-14.129800
2222.035601	-14.016640
2223.683776	-14.024689
2225.334398	-14.245496
2226.987472	-14.401474
2228.643004	-14.311305
2230.300999	-14.243946
2231.961463	-14.432612
2233.624402	-14.663971
2235.289820	-14.630460
2236.957723	-14.518220
2238.628118	-14.658440
2240.301009	-14.925549
2241.976402	-14.946807
2243.654303	-14.818201
2245.334717	-14.919140
2247.017650	-15.191318
2248.703108	-15.239155
2250.391096	-15.106503
2252.081620	-15.189544
2253.774686	-15.454005
2255.470300	-15.499542
2257.168467	-15.371081
2258.869193	-15.464441
2260.572484	-15.718961
2262.278345	-15.740138
2263.986783	-15.628392
2265.697804	-15.760307
2267.411412	-15.998838
2269.127615	-15.979031
2270.846417	-15.904506
2272.567826	-16.095159
2274.291846	-16.299068
2276.018484	-16.235316
2277.747745	-16.229960
2279.479637	-16.477778
2281.214164	-16.610982
2282.951333	-16.524752
2284.691149	-16.624202
2286.433619	-16.889913
2288.178750	-16.917666
2289.926546	-16.865686
2291.677014	-17.078854
2293.430161	-17.275509
2295.185992	-17.206988
2296.944513	-17.264771
2298.705732	-17.527082
2300.469653	-17.566894
2302.236283	-17.503255
2304.005629	-17.708726
2305.777696	-17.884165
2307.552492	-17.799004
2309.330022	-17.886078
2311.110292	-18.142511
2312.893310	-18.127833
2314.679080	-18.103465
2316.467611	-18.363618
2318.258907	-18.467280
2320.052976	-18.383175
2321.849824	-18.588509
2323.649457	-18.808047
2325.451883	-18.726601
2327.257106	-18.849192
2329.065135	-19.147176
2330.875975	-19.114646
2332.689633	-19.153521
2334.506116	-19.483342
2336.325430	-19.517974
2338.147581	-19.484882
2339.972578	-19.808945
2341.800425	-19.910288
2343.631130	-19.825383
2345.464700	-20.124155
2347.301141	-20.276995
2349.140461	-20.153615
2350.982665	-20.419922
2352.827760	-20.605041
2354.675754	-20.455262
2356.526653	-20.700970
2358.380464	-20.908374
2360.237195	-20.744094
2362.096851	-20.990588
2363.959440	-21.212515
2365.824968	-21.042456
2367.693444	-21.314242
2369.564873	-21.540202
2371.439263	-21.372101
2373.316620	-21.691988
2375.196953	-21.899844
2377.080267	-21.741111
2378.966570	-22.123414
2380.855869	-22.275651
2382.748171	-22.141550
2384.643484	-22.585238
2386.541815	-22.637345
2388.443170	-22.564560
2390.347557	-23.044953
2392.254984	-22.962909
2394.165457	-23.005123
2396.078984	-23.456290
2397.995572	-23.247561
2399.915229	-23.459887
2401.837961	-23.780448
2403.763777	-23.524713
2405.692684	-23.916275
2407.624689	-24.003234
2409.559800	-23.850689
2411.498023	-24.336625
2413.439368	-24.168519
2415.383840	-24.274622
2417.331449	-24.662949
2419.282201	-24.384486
2421.236104	-24.799345
2423.193165	-24.888163
2425.153393	-24.780382
2427.116795	-25.328745
2429.083378	-25.112999
2431.053151	-25.409503
2433.026121	-25.715030
2435.002297	-25.507396
2436.981685	-26.104649
2438.964293	-25.947515
2440.950131	-26.164611
2442.939204	-26.537541
2444.931522	-26.264748
2446.927092	-26.854837
2448.925923	-26.643822
2450.928022	-26.860676
2452.933397	-27.147215
2454.942056	-26.874629
2456.954008	-27.457491
2458.969260	-27.130924
2460.987821	-27.488157
2463.009699	-27.573469
2465.034902	-27.455888
2467.063437	-27.978212
2469.095315	-27.596212
2471.130542	-28.173744
2473.169127	-27.958578
2475.211078	-28.211581
2477.256404	-28.461167
2479.305112	-28.290849
2481.357212	-28.927556
2483.412713	-28.541228
2485.471621	-29.250755
2487.533946	-29.006661
2489.599696	-29.444425
2491.668880	-29.585921
2493.741507	-29.592035
2495.817585	-30.150737
2497.897122	-29.786444
2499.980127	-30.560427
2502.066609	-30.035656
2504.156578	-30.776220
2506.250040	-30.341810
2508.347006	-30.841963
2510.447483	-30.671251
2512.551482	-30.852074
2514.659010	-31.011585
2516.770076	-30.871591
2518.884690	-31.336271
2521.002861	-30.955745
2523.124597	-31.644949
2525.249907	-31.106161
2527.378801	-31.917489
2529.511287	-31.340674
2531.647375	-32.193420
2533.787074	-31.644535
2535.930393	-32.479617
2538.077340	-32.028309
2540.227927	-32.830650
2542.382160	-32.470673
2544.540051	-33.231303
2546.701608	-32.951203
2548.866840	-33.667591
2551.035757	-33.400657
2553.208369	-34.075525
2555.384684	-33.764549
2557.564713	-34.396028
2559.748465	-33.989721
2561.935948	-34.623657
2564.127174	-34.116233
2566.322152	-34.783585
2568.520890	-34.199963
2570.723399	-34.956594
2572.929689	-34.299034
2575.139769	-35.139495
2577.353649	-34.431836
2579.571340	-35.335615
2581.792849	-34.590358
2584.018189	-35.505185
2586.247368	-34.815944
2588.480396	-35.668456
2590.717284	-35.152949
2592.958041	-35.870012
2595.202678	-35.677976
2597.451204	-36.127053
2599.703630	-36.402964
2601.959966	-36.446522
2604.220222	-37.248756
2606.484408	-36.800257
2608.752535	-38.032883
2611.024612	-37.200614
2613.300651	-38.478198
2615.580661	-37.700388
2617.864653	-38.471119
2620.152638	-38.293598
2622.444625	-38.193750
2624.740626	-38.864040
2627.040651	-37.964995
2629.344710	-39.132499
2631.652814	-38.045587
2633.964974	-38.911851
2636.281200	-38.493408
2638.601504	-38.436542
2640.925896	-39.070439
2643.254386	-38.156293
2645.586987	-39.306778
2647.923707	-38.388295
2650.264559	-39.049424
2652.609554	-39.175167
2654.958702	-38.831700
2657.312015	-40.094888
2659.669503	-39.268764
2662.031178	-40.468859
2664.397051	-40.534353
2666.767132	-40.474583
2669.141434	-41.908480
2671.519968	-41.026299
2673.902745	-42.063431
2676.289776	-42.376702
2678.681072	-41.750049
2681.076646	-43.174184
2683.476508	-42.410890
2685.880671	-42.546429
2688.289145	-43.545415
2690.701942	-42.402825
2693.119075	-43.107320
2695.540554	-43.318180
2697.966391	-42.300531
2700.396599	-43.242034
2702.831189	-42.779629
2705.270172	-42.137844
2707.713561	-43.111634
2710.161368	-42.309777
2712.613605	-42.166542
2715.070283	-43.143078
2717.531416	-42.326396
2719.997014	-42.707173
2722.467090	-43.750558
2724.941657	-43.019765
2727.420726	-43.737632
2729.904310	-44.825935
2732.392421	-44.022847
2734.885072	-44.741837
2737.382275	-45.920226
2739.884042	-45.045727
2742.390387	-45.668515
2744.901321	-47.185713
2747.416857	-46.378591
2749.937008	-46.612368
2752.461787	-48.338629
2754.991206	-47.754843
2757.525279	-47.125705
2760.064017	-48.501306
2762.607434	-48.643664
2765.155544	-47.225662
2767.708358	-47.565035
2770.265890	-48.328707
2772.828153	-46.972348
2775.395160	-46.387056
2777.966924	-47.366048
2780.543459	-47.141406
2783.124778	-46.233848
2785.710894	-46.908395
2788.301821	-47.868423
2790.897572	-47.120997
2793.498160	-46.847758
2796.103599	-47.956906
2798.713903	-48.331908
2801.329085	-47.483478
2803.949159	-47.707275
2806.574139	-49.041537
2809.204038	-49.224692
2811.838871	-48.609056
2814.478650	-49.297310
2817.123391	-50.914546
2819.773107	-51.307552
2822.427812	-50.772353
2825.087521	-51.457502
2827.752247	-53.320470
2830.422005	-54.201533
2833.096808	-53.192592
2835.776672	-52.359734
2838.461611	-52.849117
2841.151638	-53.923187
2843.846769	-52.988833
2846.547019	-51.821028
2849.252401	-51.897867
2851.962930	-52.933576
2854.678621	-53.577791
2857.399489	-52.838544
2860.125549	-51.934209
2862.856815	-51.946362
2865.593302	-52.682745
2868.335026	-52.997975
2871.082002	-52.266527
2873.834244	-51.521983
2876.591767	-51.508923
2879.354588	-52.263141
2882.122721	-52.916509
2884.896181	-52.809662
2887.674984	-52.477835
2890.459146	-52.740935
2893.248681	-53.816772
2896.043606	-55.342090
2898.843937	-56.393621
2901.649687	-56.518427
2904.460875	-56.170057
2907.277515	-55.993476
2910.099623	-56.302289
2912.927215	-56.959522
2915.760308	-57.787971
2918.598916	-58.072226
2921.443057	-57.932826
2924.292747	-57.884802
2927.148002	-58.111358
2930.008837	-58.627249
2932.875270	-59.377885
2935.747318	-60.063009
2938.624995	-60.121381
2941.508320	-59.715448
2944.397308	-58.785730
2947.291977	-57.928584
2950.192343	-57.131957
2953.098423	-56.703364
2956.010234	-56.532151
2958.927792	-56.600510
2961.851116	-56.910756
2964.780221	-57.506170
2967.715126	-58.173598
2970.655847	-58.826347
2973.602402	-59.580145
2976.554808	-59.791439
2979.513083	-59.531586
2982.477243	-59.328783
2985.447308	-59.183997
2988.423293	-58.820396
2991.405218	-59.097111
2994.393099	-59.557479
2997.386955	-59.547239
