# 2022-03-22_09.16.43
# shape = sech2
# FWHM_ps = 0.11
# carrier_nm = 1542
# frep_MHz = 12126
# pow_mW = 8000
# GDD = 0.0
# propa_len = 0.11177777777777778
# untap_len = 0.01
# taper_len = 0.05177777777777778
# waist_len = 0.02
# uptap_len = 0.02
# untap_scale = 1.0
# waist_scale = 0.13157894736842107
# workingDir = NL_20110305_12 (Spirou)
# axis = slow
# window_ps = 10.0
# steps = 200
# points = 21700
# 
# wavelength [nm]	 power spectral density [dB]
600.043425	-80.657398
600.163550	-81.005968
600.283723	-81.786375
600.403943	-83.475348
600.524212	-83.298961
600.644529	-80.034489
600.764895	-81.882926
600.885308	-81.711099
601.005770	-82.289107
601.126280	-80.860283
601.246839	-81.961537
601.367446	-82.810049
601.488101	-81.422722
601.608804	-81.961000
601.729557	-81.142706
601.850357	-81.673810
601.971206	-80.253820
602.092104	-82.884461
602.213050	-83.009074
602.334045	-81.252893
602.455089	-80.236058
602.576181	-80.789271
602.697322	-83.420248
602.818511	-80.374755
602.939749	-80.878736
603.061036	-81.070098
603.182372	-84.163458
603.303757	-81.030592
603.425191	-78.989331
603.546673	-81.340405
603.668204	-81.564676
603.789785	-82.187679
603.911414	-80.458037
604.033092	-82.580329
604.154820	-81.402128
604.276596	-79.414133
604.398422	-80.613352
604.520297	-81.492186
604.642220	-83.081015
604.764193	-79.323352
604.886216	-81.365374
605.008287	-82.569202
605.130408	-80.302437
605.252578	-79.700617
605.374798	-78.946047
605.497066	-84.368382
605.619385	-81.748793
605.741752	-80.360736
605.864169	-79.457881
605.986636	-80.242317
606.109152	-83.078648
606.231718	-79.156273
606.354333	-80.766683
606.476998	-80.736405
606.599712	-82.954132
606.722476	-80.244946
606.845290	-77.853011
606.968154	-80.849350
607.091067	-81.566553
607.214030	-82.307741
607.337043	-79.382327
607.460106	-79.905515
607.583219	-81.397639
607.706381	-79.948053
607.829594	-80.565351
607.952856	-79.201400
608.076169	-82.787170
608.199531	-80.681199
608.322944	-79.156452
608.446407	-80.487213
608.569920	-79.733977
608.693483	-81.476652
608.817096	-79.233932
608.940759	-81.178142
609.064473	-81.056694
609.188237	-79.051203
609.312051	-80.433578
609.435916	-78.864379
609.559831	-82.222736
609.683796	-80.011234
609.807812	-79.278038
609.931878	-81.017064
610.055995	-79.408536
610.180162	-80.785385
610.304380	-78.634868
610.428648	-80.285436
610.552967	-80.650429
610.677337	-80.026855
610.801757	-81.387613
610.926228	-77.957990
611.050750	-79.475885
611.175323	-79.928306
611.299946	-80.828257
611.424620	-80.797542
611.549345	-77.910230
611.674121	-80.903690
611.798948	-79.833636
611.923826	-78.943039
612.048755	-79.503218
612.173734	-79.976833
612.298765	-81.782576
612.423847	-77.695309
612.548980	-79.113250
612.674165	-80.958843
612.799400	-78.836687
612.924687	-79.905895
613.050025	-79.081723
613.175414	-80.760861
613.300854	-78.505422
613.426346	-77.682109
613.551889	-82.157605
613.677484	-79.667230
613.803130	-78.521669
613.928827	-78.283666
614.054576	-80.656509
614.180377	-80.396285
614.306229	-77.041941
614.432132	-80.052709
614.558087	-80.269975
614.684094	-79.166854
614.810153	-79.289925
614.936263	-77.959425
615.062425	-80.442420
615.188639	-78.860099
615.314904	-79.156720
615.441222	-80.140634
615.567591	-77.543599
615.694012	-79.865450
615.820486	-79.660415
615.947011	-78.659180
616.073588	-78.649443
616.200217	-78.188351
616.326898	-81.399239
616.453632	-78.396725
616.580417	-77.432625
616.707255	-79.952602
616.834144	-79.009045
616.961086	-79.352325
617.088081	-78.134474
617.215127	-78.802933
617.342226	-80.083488
617.469378	-77.554848
617.596581	-78.477816
617.723837	-79.838640
617.851146	-79.456775
617.978507	-77.674766
618.105920	-76.989505
618.233386	-81.480938
618.360905	-79.349257
618.488476	-76.804436
618.616100	-78.476545
618.743777	-79.819319
618.871506	-79.071241
618.999288	-76.825025
619.127123	-77.967192
619.255011	-81.629041
619.382951	-77.880721
619.510945	-77.382666
619.638991	-78.521422
619.767090	-78.816838
619.895243	-78.876502
620.023448	-77.579953
620.151706	-78.742201
620.280017	-79.102807
620.408382	-77.723790
620.536799	-78.515330
620.665270	-78.141267
620.793794	-78.527749
620.922371	-78.366128
621.051002	-77.629115
621.179686	-79.513142
621.308423	-78.143946
621.437213	-76.828751
621.566057	-78.626459
621.694954	-79.526838
621.823905	-77.952297
621.952909	-76.821477
622.081967	-78.064811
622.211079	-79.439857
622.340244	-77.560568
622.469462	-77.913914
622.598735	-78.477596
622.728061	-77.226389
622.857441	-78.176070
622.986874	-78.970133
623.116361	-77.443018
623.245903	-77.065433
623.375498	-78.520162
623.505147	-78.669256
623.634850	-76.740405
623.764606	-77.339445
623.894417	-79.826349
624.024282	-77.361579
624.154201	-76.487565
624.284174	-78.486077
624.414202	-78.749514
624.544283	-76.623949
624.674419	-76.818979
624.804609	-79.265549
624.934853	-77.861569
625.065151	-76.351126
625.195504	-78.001935
625.325911	-78.526142
625.456373	-77.094635
625.586889	-77.288813
625.717460	-77.743958
625.848085	-77.873351
625.978764	-77.829848
626.109498	-77.077930
626.240287	-76.768643
626.371131	-77.791324
626.502029	-78.907165
626.632982	-77.071404
626.763989	-75.992938
626.895052	-77.747381
627.026169	-78.709226
627.157341	-76.683294
627.288568	-76.856921
627.419850	-77.883815
627.551187	-77.050437
627.682579	-77.040572
627.814026	-77.667134
627.945528	-77.259001
628.077085	-77.147072
628.208697	-77.327042
628.340364	-76.854850
628.472087	-77.014443
628.603865	-77.752731
628.735698	-77.132551
628.867586	-76.590522
628.999530	-77.462481
629.131529	-77.581097
629.263584	-76.295180
629.395694	-76.633047
629.527859	-78.474806
629.660080	-76.957262
629.792357	-75.293319
629.924689	-77.069564
630.057077	-79.274602
630.189520	-75.941706
630.322019	-75.066657
630.454574	-78.063179
630.587184	-78.419322
630.719851	-75.192596
630.852573	-76.033047
630.985351	-79.153225
631.118185	-76.114452
631.251075	-74.957688
631.384021	-77.932074
631.517023	-78.008534
631.650081	-75.155484
631.783195	-75.885570
631.916365	-78.078209
632.049592	-76.612345
632.182874	-75.687892
632.316213	-76.945451
632.449608	-77.266619
632.583059	-75.630994
632.716567	-76.230169
632.850131	-77.693229
632.983751	-75.907552
633.117428	-76.059760
633.251161	-77.876886
633.384951	-75.570435
633.518797	-75.011698
633.652700	-77.693615
633.786660	-77.475602
633.920676	-74.977219
634.054749	-75.083200
634.188879	-77.369704
634.323065	-77.191439
634.457308	-75.089148
634.591608	-75.815328
634.725965	-77.701191
634.860379	-75.411102
634.994850	-75.498653
635.129377	-77.781658
635.263962	-75.608119
635.398604	-75.194039
635.533303	-76.817499
635.668058	-75.931160
635.802872	-76.151256
635.937742	-76.201761
636.072669	-74.930201
636.207654	-76.598839
636.342696	-76.688131
636.477796	-74.868164
636.612953	-76.280399
636.748167	-76.429056
636.883439	-75.090950
637.018768	-75.831011
637.154155	-75.696569
637.289599	-76.075588
637.425101	-76.297675
637.560660	-74.623764
637.696277	-75.419751
637.831952	-76.738315
637.967685	-75.232397
638.103475	-75.579192
638.239324	-75.792183
638.375230	-74.880000
638.511194	-76.140276
638.647215	-75.552851
638.783295	-74.656790
638.919433	-76.783194
639.055629	-75.108151
639.191883	-73.533532
639.328195	-77.154367
639.464565	-76.933296
639.600994	-73.183687
639.737481	-74.578293
639.874025	-77.200388
640.010629	-75.086887
640.147290	-74.543162
640.284010	-75.344075
640.420789	-75.058781
640.557625	-74.833052
640.694521	-75.067851
640.831474	-75.744272
640.968487	-75.249356
641.105558	-73.841814
641.242687	-74.596536
641.379876	-76.596635
641.517123	-75.020741
641.654429	-74.104962
641.791793	-74.943154
641.929216	-74.359023
642.066699	-75.127746
642.204240	-76.461777
642.341840	-74.152393
642.479499	-73.077944
642.617217	-75.144287
642.754994	-76.399154
642.892830	-74.228561
643.030726	-73.816972
643.168680	-74.510026
643.306694	-74.470422
643.444767	-74.724116
643.582899	-75.264164
643.721091	-74.129608
643.859342	-73.598555
643.997652	-74.094772
644.136022	-75.469754
644.274451	-75.046799
644.412940	-72.850337
644.551488	-73.408399
644.690096	-76.763059
644.828763	-73.992712
644.967490	-72.537489
645.106277	-75.181040
645.245124	-74.625627
645.384030	-72.946667
645.522997	-74.478943
645.662023	-75.038137
645.801109	-73.338984
645.940255	-73.091211
646.079460	-74.460031
646.218726	-74.785113
646.358052	-73.285190
646.497438	-73.698319
646.636884	-73.694304
646.776391	-72.949560
646.915957	-75.416143
647.055584	-74.345092
647.195271	-71.193775
647.335019	-72.921698
647.474826	-76.701965
647.614695	-72.940138
647.754623	-72.447642
647.894612	-74.387026
648.034662	-72.739680
648.174772	-72.668155
648.314943	-75.997162
648.455174	-72.873583
648.595466	-70.777607
648.735819	-74.285839
648.876233	-75.719365
649.016707	-71.533889
649.157242	-72.392818
649.297838	-74.115954
649.438495	-72.686843
649.579213	-73.797349
649.719992	-73.506141
649.860832	-71.343277
650.001733	-72.816721
650.142695	-74.948449
650.283718	-72.299486
650.424803	-71.900829
650.565949	-73.202484
650.707156	-72.834795
650.848424	-73.005293
650.989754	-72.754887
651.131145	-72.039234
651.272597	-73.090768
651.414111	-72.464922
651.555687	-71.584125
651.697324	-73.874078
651.839022	-72.918564
651.980782	-70.458327
652.122604	-72.105729
652.264488	-74.781727
652.406433	-71.684139
652.548441	-70.857861
652.690510	-72.579994
652.832640	-72.771742
652.974833	-72.082058
653.117088	-72.615115
653.259405	-71.376296
653.401784	-70.943351
653.544224	-73.237547
653.686727	-72.986730
653.829293	-70.713983
653.971920	-70.709633
654.114609	-72.506953
654.257361	-73.195757
654.400175	-71.063994
654.543052	-70.566593
654.685991	-71.706344
654.828992	-72.189192
654.972056	-72.496408
655.115183	-70.956557
655.258372	-69.932674
655.401623	-72.210299
655.544937	-73.004814
655.688314	-70.281566
655.831754	-70.358118
655.975256	-71.720915
656.118822	-71.889091
656.262450	-70.850617
656.406141	-70.874328
656.549894	-71.155476
656.693711	-70.698786
656.837591	-71.352413
656.981534	-71.352899
657.125540	-70.344207
657.269610	-70.620611
657.413742	-70.884544
657.557938	-71.324716
657.702196	-70.967381
657.846519	-69.758447
657.990904	-70.623822
658.135353	-71.328706
658.279866	-70.494025
658.424441	-70.520621
658.569081	-69.644484
658.713784	-70.129529
658.858550	-72.733951
659.003381	-69.357047
659.148274	-68.033953
659.293232	-71.407991
659.438253	-71.891769
659.583339	-68.428025
659.728488	-69.504132
659.873701	-71.090342
660.018978	-69.774015
660.164318	-70.133049
660.309723	-69.989093
660.455192	-69.184560
660.600725	-69.970459
660.746323	-70.492513
660.891984	-69.607251
661.037710	-69.125138
661.183500	-69.812293
661.329354	-69.704056
661.475272	-69.416839
661.621255	-70.301885
661.767303	-68.788080
661.913415	-68.460160
662.059591	-70.853449
662.205833	-69.612461
662.352138	-68.259265
662.498509	-69.005393
662.644944	-69.674912
662.791443	-70.014679
662.938008	-68.502530
663.084638	-67.608278
663.231332	-69.756573
663.378091	-70.843624
663.524915	-67.532566
663.671804	-67.322326
663.818759	-70.315589
663.965778	-69.664852
664.112863	-67.854972
664.260012	-68.115708
664.407227	-68.511356
664.554507	-69.652275
664.701853	-69.056110
664.849264	-67.032921
664.996740	-68.159180
665.144282	-70.150143
665.291889	-68.162329
665.439561	-67.047384
665.587300	-68.787611
665.735103	-69.270221
665.882973	-66.922234
666.030908	-68.319514
666.178909	-69.202847
666.326976	-66.616862
666.475109	-68.290276
666.623307	-69.448606
666.771571	-66.618912
666.919902	-67.357410
667.068298	-68.891596
667.216761	-67.883976
667.365289	-67.487513
667.513884	-67.117612
667.662545	-67.707244
667.811272	-68.647485
667.960065	-67.167422
668.108925	-66.706325
668.257851	-67.907211
668.406843	-67.818879
668.555902	-67.285229
668.705027	-67.189670
668.854219	-66.641016
669.003478	-67.763873
669.152803	-68.272142
669.302195	-65.766149
669.451653	-66.344763
669.601179	-69.097343
669.750771	-66.605477
669.900430	-65.960396
670.050156	-67.422586
670.199949	-66.665698
670.349808	-67.469996
670.499735	-67.087014
670.649729	-64.936263
670.799790	-67.335462
670.949918	-68.487691
671.100114	-64.981937
671.250377	-65.927108
671.400707	-67.675147
671.551104	-66.784974
671.701569	-66.115635
671.852101	-65.586201
672.002700	-66.738404
672.153368	-67.389070
672.304102	-65.500673
672.454905	-65.475227
672.605775	-67.139374
672.756713	-66.209687
672.907718	-65.580555
673.058791	-66.619921
673.209933	-65.538420
673.361142	-65.716925
673.512419	-67.095541
673.663764	-65.208094
673.815177	-65.279827
673.966658	-66.587612
674.118207	-65.991093
674.269825	-65.308177
674.421510	-65.083942
674.573264	-66.422797
674.725086	-65.927885
674.876977	-64.868841
675.028936	-65.493335
675.180963	-65.328102
675.333059	-66.305298
675.485224	-65.395831
675.637457	-63.710125
675.789758	-66.074229
675.942129	-66.849241
676.094568	-63.473347
676.247075	-64.373915
676.399652	-67.252051
676.552298	-64.608132
676.705012	-64.092490
676.857795	-65.449629
677.010648	-65.127973
677.163569	-65.183451
677.316560	-64.553065
677.469619	-64.372678
677.622748	-65.649016
677.775946	-64.434565
677.929214	-64.365479
678.082551	-65.396967
678.235957	-63.984076
678.389432	-64.741469
678.542977	-65.471244
678.696592	-63.399501
678.850276	-64.392430
679.004030	-65.728745
679.157853	-63.736934
679.311746	-63.898034
679.465709	-64.670705
679.619742	-64.551616
679.773844	-64.442811
679.928017	-63.414387
680.082259	-64.239014
680.236571	-65.198774
680.390954	-63.509586
680.545406	-63.350908
680.699929	-64.539557
680.854522	-64.564850
681.009185	-63.398276
681.163918	-63.497918
681.318722	-64.324676
681.473596	-64.073687
681.628540	-63.670282
681.783555	-63.177892
681.938641	-64.140394
682.093797	-64.265853
682.249023	-62.907179
682.404321	-63.420435
682.559689	-64.191781
682.715128	-63.497341
682.870637	-63.329269
683.026218	-63.410242
683.181869	-63.192300
683.337591	-64.095591
683.493385	-63.449341
683.649249	-62.000314
683.805185	-64.116356
683.961191	-64.372893
684.117269	-61.557396
684.273418	-63.023271
684.429639	-64.785863
684.585930	-62.148870
684.742294	-62.637027
684.898728	-63.805850
685.055234	-62.882474
685.211812	-63.037239
685.368461	-62.622662
685.525182	-62.876666
685.681975	-63.749601
685.838839	-62.025493
685.995775	-62.818886
686.152783	-63.465110
686.309863	-61.898369
686.467014	-63.503636
686.624238	-62.581384
686.781534	-61.700401
686.938902	-63.886677
687.096342	-62.506613
687.253854	-61.542274
687.411438	-63.023771
687.569095	-63.224958
687.726824	-61.785821
687.884626	-61.831328
688.042499	-63.462746
688.200446	-62.750106
688.358465	-60.952294
688.516556	-62.550274
688.674720	-63.688027
688.832957	-61.239419
688.991266	-61.723144
689.149649	-63.004886
689.308104	-62.429647
689.466632	-61.409546
689.625233	-61.829455
689.783906	-63.114266
689.942653	-61.496960
690.101473	-61.641015
690.260367	-62.555618
690.419333	-61.490719
690.578372	-62.252427
690.737485	-61.947447
690.896672	-61.185549
691.055931	-62.395937
691.215264	-62.128883
691.374671	-61.073750
691.534151	-61.697450
691.693704	-62.487328
691.853332	-61.266772
692.013033	-61.381101
692.172807	-61.790971
692.332656	-61.903192
692.492578	-61.812710
692.652575	-60.366854
692.812645	-62.156674
692.972789	-62.465828
693.133007	-59.786192
693.293300	-61.763107
693.453666	-62.587443
693.614107	-60.050242
693.774622	-61.658885
693.935211	-61.669321
694.095875	-60.883126
694.256613	-61.869518
694.417426	-60.330256
694.578313	-61.763089
694.739274	-61.732462
694.900311	-60.039758
695.061421	-61.595629
695.222607	-61.442120
695.383868	-60.959948
695.545203	-60.730292
695.706613	-60.871456
695.868098	-62.024498
696.029658	-60.422774
696.191293	-60.343484
696.353003	-61.843655
696.514789	-60.851668
696.676649	-60.575985
696.838585	-60.670580
697.000596	-61.482767
697.162682	-60.745892
697.324844	-59.974618
697.487081	-61.708759
697.649394	-60.586368
697.811782	-60.227541
697.974246	-61.041212
698.136786	-60.554529
698.299401	-61.173431
698.462092	-60.080377
698.624859	-60.125491
698.787702	-62.148950
698.950621	-59.817085
699.113616	-59.906764
699.276686	-61.482686
699.439833	-60.409242
699.603056	-60.290591
699.766355	-60.360841
699.929731	-60.825638
700.093183	-60.457960
700.256711	-60.050234
700.420315	-60.364837
700.583996	-61.290933
700.747754	-59.472440
700.911588	-59.936971
701.075499	-61.600329
701.239486	-59.849041
701.403550	-59.764193
701.567691	-60.324148
701.731909	-61.343519
701.896203	-59.233176
702.060575	-60.185446
702.225024	-60.823360
702.389549	-59.651318
702.554152	-60.547449
702.718832	-59.643473
702.883589	-60.761317
703.048424	-60.141051
703.213335	-59.020020
703.378324	-60.868462
703.543391	-60.834590
703.708535	-58.446380
703.873757	-60.585959
704.039056	-60.730273
704.204433	-59.266868
704.369887	-59.940214
704.535420	-59.942427
704.701030	-60.844575
704.866718	-58.845396
705.032484	-59.723459
705.198328	-61.586192
705.364250	-58.669416
705.530250	-59.018951
705.696328	-62.088014
705.862485	-58.823623
706.028720	-59.184832
706.195033	-60.820896
706.361424	-59.413769
706.527894	-59.849288
706.694442	-59.277945
706.861069	-60.771083
707.027775	-59.211578
707.194559	-59.224151
707.361422	-60.446144
707.528363	-59.532209
707.695384	-59.650758
707.862483	-59.302819
708.029661	-60.260451
708.196918	-59.751743
708.364254	-58.765678
708.531670	-60.474532
708.699164	-59.815101
708.866738	-58.742973
709.034391	-60.260182
709.202123	-59.530466
709.369935	-59.794677
709.537826	-59.156716
709.705796	-59.577866
709.873847	-60.559219
710.041976	-58.371237
710.210186	-59.813194
710.378475	-60.551739
710.546844	-58.643529
710.715292	-59.460309
710.883821	-60.390859
711.052429	-59.172069
711.221118	-58.918329
711.389887	-60.479578
711.558735	-59.398012
711.727664	-58.827174
711.896673	-60.061106
712.065763	-59.581417
712.234932	-59.495335
712.404183	-58.973702
712.573513	-60.053495
712.742924	-59.616281
712.912416	-58.624183
713.081988	-60.219205
713.251641	-59.659467
713.421375	-58.747516
713.591190	-59.559018
713.761085	-60.210450
713.931061	-58.817329
714.101119	-59.440748
714.271257	-59.969508
714.441476	-58.831909
714.611777	-59.826544
714.782159	-59.070502
714.952622	-60.073028
715.123166	-59.234154
715.293792	-58.330292
715.464499	-61.448489
715.635288	-58.230503
715.806158	-59.277203
715.977110	-60.345837
716.148143	-58.764811
716.319259	-59.610839
716.490456	-58.947938
716.661735	-60.847640
716.833096	-58.395732
717.004538	-59.182647
717.176063	-60.773453
717.347670	-58.035781
717.519359	-60.116595
717.691130	-59.679397
717.862984	-59.365385
718.034920	-59.330479
718.206938	-59.088355
718.379039	-60.893960
718.551222	-58.080510
718.723488	-59.683343
718.895836	-60.741865
719.068267	-57.887186
719.240781	-60.215013
719.413377	-59.988507
719.586057	-58.778045
719.758819	-59.888412
719.931664	-59.604273
720.104593	-59.634954
720.277604	-59.175759
720.450699	-59.835065
720.623876	-59.982893
720.797137	-59.017877
720.970482	-59.753942
721.143910	-59.806064
721.317421	-59.659922
721.491016	-59.097535
721.664694	-60.385921
721.838456	-59.671709
722.012302	-58.571949
722.186231	-61.103862
722.360244	-59.215319
722.534342	-58.899752
722.708523	-61.093126
722.882788	-59.186906
723.057137	-59.273848
723.231570	-60.380960
723.406088	-59.880217
723.580689	-59.200324
723.755375	-60.171905
723.930146	-60.309629
724.105000	-59.005879
724.279940	-60.262643
724.454963	-60.249046
724.630072	-59.361294
724.805265	-60.029229
724.980543	-60.217677
725.155905	-59.894153
725.331353	-59.777782
725.506885	-59.918912
725.682503	-60.784730
725.858205	-59.105277
726.033993	-60.168476
726.209865	-60.966849
726.385823	-58.774766
726.561866	-61.179184
726.737995	-60.042813
726.914209	-59.522026
727.090508	-60.863211
727.266893	-59.833608
727.443364	-60.785590
727.619920	-59.497443
727.796562	-61.286703
727.973290	-59.902143
728.150103	-59.457290
728.327003	-62.135570
728.503988	-59.165404
728.681060	-60.690193
728.858218	-60.826068
729.035461	-60.221140
729.212791	-60.342165
729.390208	-60.564380
729.567710	-61.127231
729.745299	-59.694062
729.922975	-61.316183
730.100737	-60.752410
730.278586	-60.035191
730.456521	-61.309793
730.634543	-60.853443
730.812652	-60.401881
730.990848	-61.094876
731.169130	-61.171072
731.347500	-60.416993
731.525957	-61.102514
731.704500	-61.454422
731.883131	-60.673756
732.061850	-60.626026
732.240655	-62.545887
732.419548	-59.919657
732.598528	-61.509455
732.777596	-61.666176
732.956751	-60.651218
733.135994	-61.866171
733.315325	-60.838881
733.494744	-62.737397
733.674250	-59.689607
733.853844	-63.397859
734.033526	-60.636746
734.213296	-60.254856
734.393154	-64.419888
734.573101	-59.519274
734.753135	-63.370987
734.933258	-61.083562
735.113469	-62.417448
735.293769	-61.241693
735.474157	-61.891628
735.654633	-63.149707
735.835198	-59.802455
736.015852	-65.331100
736.196594	-60.687532
736.377426	-62.085278
736.558346	-63.162370
736.739355	-62.010502
736.920453	-62.179606
737.101640	-63.049937
737.282916	-62.802823
737.464282	-61.276943
737.645736	-64.877815
737.827280	-61.895703
738.008914	-62.863960
738.190637	-63.186048
738.372449	-63.563540
738.554351	-62.052972
738.736342	-63.808487
738.918424	-63.501074
739.100595	-61.837441
739.282855	-65.730909
739.465206	-62.369790
739.647647	-64.170223
739.830178	-63.079525
740.012799	-65.445936
740.195510	-61.995420
740.378311	-64.820736
740.561203	-64.117595
740.744185	-61.839007
740.927258	-68.291835
741.110421	-61.960269
741.293674	-66.141223
741.477018	-63.677074
741.660453	-65.112362
741.843979	-64.227253
742.027596	-63.966896
742.211303	-67.152842
742.395102	-62.145095
742.578991	-69.210452
742.762972	-63.674982
742.947044	-64.700169
743.131207	-67.313733
743.315461	-64.649865
743.499807	-65.769731
743.684244	-66.743016
743.868773	-66.256449
744.053394	-64.519722
744.238106	-69.510973
744.422910	-65.347629
744.607805	-65.623140
744.792793	-69.539654
744.977872	-65.571322
745.163044	-66.048799
745.348307	-70.988135
745.533663	-64.797444
745.719111	-68.108325
745.904651	-68.709102
746.090283	-65.892278
746.276008	-70.461211
746.461826	-67.718519
746.647735	-69.487218
746.833738	-66.892497
747.019833	-75.193042
747.206021	-65.044290
747.392302	-71.018979
747.578676	-67.474328
747.765143	-66.476306
747.951703	-74.850234
748.138356	-67.386606
748.325102	-74.653890
748.511941	-68.420286
748.698874	-77.916724
748.885900	-67.588277
749.073019	-74.529373
749.260232	-70.171400
749.447539	-70.830755
749.634939	-74.941584
749.822433	-74.653140
750.010021	-71.064264
750.197703	-74.596872
750.385479	-70.908237
750.573348	-67.896389
750.761312	-76.227302
750.949370	-67.357432
751.137523	-77.792164
751.325769	-71.412908
751.514110	-79.084049
751.702545	-71.974621
751.891075	-73.807950
752.079700	-69.337792
752.268419	-67.626330
752.457233	-69.805783
752.646142	-66.451987
752.835145	-70.731200
753.024244	-69.043471
753.213437	-71.638168
753.402726	-74.356747
753.592110	-72.883750
753.781589	-76.070465
753.971163	-70.668633
754.160833	-78.776374
754.350598	-70.695799
754.540459	-79.848384
754.730415	-73.761009
754.920467	-81.065884
755.110615	-71.864199
755.300858	-78.303406
755.491198	-70.403933
755.681633	-71.399371
755.872164	-73.284636
756.062792	-69.507577
756.253515	-77.926481
756.444335	-69.985408
756.635252	-75.350016
756.826264	-67.647355
757.017373	-81.741195
757.208579	-65.504741
757.399881	-77.546975
757.591280	-66.179900
757.782776	-69.380188
757.974368	-69.866150
758.166058	-67.972500
758.357844	-70.003051
758.549728	-69.484547
758.741708	-66.762142
758.933786	-70.237667
759.125961	-66.310465
759.318233	-67.374766
759.510603	-67.454469
759.703071	-65.883192
759.895635	-67.729882
760.088298	-65.195067
760.281058	-67.990754
760.473916	-63.551070
760.666872	-70.073912
760.859926	-62.716811
761.053078	-67.645721
761.246328	-64.026327
761.439676	-64.886958
761.633122	-64.728820
761.826667	-64.752180
762.020310	-63.791414
762.214052	-64.246428
762.407892	-64.266426
762.601831	-62.630046
762.795868	-64.623334
762.990004	-62.770077
763.184239	-62.398353
763.378573	-64.259441
763.573006	-61.510806
763.767538	-63.388203
763.962169	-62.232520
764.156900	-62.075345
764.351729	-62.141144
764.546658	-62.318400
764.741687	-60.463967
764.936815	-63.679956
765.132042	-59.415289
765.327370	-63.455434
765.522797	-59.538082
765.718324	-62.416626
765.913950	-59.335600
766.109677	-62.814804
766.305504	-58.446053
766.501431	-62.201538
766.697458	-58.747749
766.893586	-59.601525
767.089814	-60.436427
767.286142	-58.613655
767.482571	-60.408394
767.679100	-59.225308
767.875730	-58.969795
768.072461	-59.758036
768.269293	-58.493633
768.466225	-58.937468
768.663259	-58.978851
768.860393	-57.924358
769.057629	-59.353302
769.254966	-57.571378
769.452404	-59.006910
769.649944	-57.344932
769.847585	-59.041518
770.045328	-56.755049
770.243172	-59.034112
770.441118	-56.894087
770.639166	-57.946456
770.837315	-57.387306
771.035567	-57.488875
771.233920	-56.676216
771.432376	-58.156737
771.630934	-55.683157
771.829594	-58.515498
772.028356	-55.524765
772.227220	-57.498538
772.426188	-56.156106
772.625257	-56.321263
772.824430	-56.535268
773.023705	-56.179897
773.223083	-56.010360
773.422563	-56.201328
773.622147	-56.011477
773.821834	-55.375027
774.021624	-56.589613
774.221517	-54.735025
774.421513	-56.413030
774.621613	-54.837945
774.821816	-55.681218
775.022122	-54.990191
775.222532	-55.431946
775.423046	-54.448004
775.623664	-55.938372
775.824385	-53.752719
776.025211	-55.862774
776.226140	-53.869855
776.427173	-54.894685
776.628311	-54.308597
776.829553	-54.413755
777.030899	-54.136205
777.232350	-54.567765
777.433905	-53.575466
777.635564	-54.643534
777.837328	-53.372283
778.039197	-54.148845
778.241171	-53.548759
778.443250	-53.829514
778.645433	-53.239790
778.847722	-54.041086
779.050116	-52.746551
779.252615	-53.995563
779.455219	-52.689983
779.657929	-53.423245
779.860744	-53.017075
780.063665	-52.829452
780.266691	-53.140041
780.469823	-52.770176
780.673061	-52.676007
780.876405	-52.898722
781.079855	-52.424977
781.283410	-52.527649
781.487072	-52.657674
781.690840	-51.846403
781.894715	-53.073467
782.098695	-51.372597
782.302783	-52.966101
782.506976	-51.451937
782.711277	-52.425491
782.915684	-51.561603
783.120198	-52.256009
783.324818	-51.253887
783.529546	-52.450406
783.734381	-50.774700
783.939322	-52.609486
784.144372	-50.555381
784.349528	-52.276649
784.554792	-50.608824
784.760163	-51.970299
784.965642	-50.445659
785.171228	-51.970098
785.376922	-50.122965
785.582724	-52.020246
785.788634	-49.894990
785.994651	-51.863896
786.200777	-49.865699
786.407011	-51.555996
786.613353	-49.818392
786.819804	-51.396357
787.026363	-49.662510
787.233030	-51.317527
787.439806	-49.497629
787.646691	-51.110368
787.853684	-49.610487
788.060786	-50.516665
788.267997	-49.954314
788.475317	-49.926651
788.682746	-50.129086
788.890285	-49.642268
789.097932	-49.971731
789.305689	-49.593683
789.513555	-49.832847
789.721531	-49.360098
789.929617	-49.966230
790.137812	-48.946303
790.346117	-50.129360
790.554531	-48.639158
790.763056	-50.067847
790.971691	-48.646210
791.180436	-49.637577
791.389291	-48.852120
791.598256	-49.145500
791.807332	-48.996979
792.016518	-48.826410
792.225815	-48.901234
792.435222	-48.706749
792.644740	-48.852566
792.854369	-48.456100
793.064109	-48.987160
793.273960	-48.106507
793.483922	-49.156471
793.693995	-47.815784
793.904180	-49.104904
794.114475	-47.788674
794.324882	-48.783244
794.535401	-47.933793
794.746031	-48.380970
794.956774	-48.043476
795.167627	-48.115252
795.378593	-47.972353
795.589671	-47.962352
795.800861	-47.947135
796.012162	-47.703855
796.223577	-48.071056
796.435103	-47.315702
796.646742	-48.287362
796.858493	-46.956868
797.070357	-48.363474
797.282334	-46.793741
797.494423	-48.168215
797.706626	-46.831225
797.918941	-47.821251
798.131369	-46.879753
798.343911	-47.525435
798.556566	-46.886769
798.769334	-47.270166
798.982215	-46.894438
799.195210	-47.026541
799.408319	-46.967902
799.621541	-46.746692
799.834877	-47.088977
800.048327	-46.468468
800.261890	-47.143209
800.475568	-46.305790
800.689360	-47.040727
800.903266	-46.265864
801.117287	-46.823741
801.331422	-46.318571
801.545671	-46.534288
801.760036	-46.415392
801.974514	-46.252131
802.189108	-46.450631
802.403816	-46.090430
802.618640	-46.366291
802.833578	-46.027724
803.048632	-46.171524
803.263800	-46.051400
803.479085	-45.951529
803.694484	-46.037483
803.909999	-45.790603
804.125630	-46.003009
804.341376	-45.644417
804.557239	-46.014595
804.773217	-45.434678
804.989311	-46.021358
805.205521	-45.289604
805.421847	-45.899904
805.638290	-45.307417
805.854849	-45.569319
806.071524	-45.513357
806.288316	-45.149014
806.505225	-45.730508
806.722250	-44.820165
806.939393	-45.826382
807.156652	-44.632701
807.374028	-45.761213
807.591521	-44.579109
807.809132	-45.549260
808.026859	-44.621197
808.244705	-45.256262
808.462667	-44.715219
808.680748	-44.956717
808.898946	-44.782897
809.117261	-44.745656
809.335695	-44.803257
809.554246	-44.577021
809.772916	-44.834429
809.991704	-44.394378
810.210610	-44.842404
810.429634	-44.257339
810.648777	-44.747383
810.868039	-44.260456
811.087419	-44.502741
811.306918	-44.364802
811.526535	-44.231342
811.746272	-44.440982
811.966127	-44.040967
812.186102	-44.416970
812.406196	-43.951939
812.626409	-44.283440
812.846742	-43.976073
813.067194	-44.044702
813.287766	-44.071929
813.508457	-43.789283
813.729269	-44.128121
813.950200	-43.640656
814.171251	-44.023477
814.392422	-43.644898
814.613714	-43.822777
814.835126	-43.679565
815.056658	-43.614839
815.278311	-43.690582
815.500084	-43.468907
815.721978	-43.635620
815.943993	-43.382853
816.166128	-43.506577
816.388385	-43.369307
816.610762	-43.347695
816.833261	-43.324762
817.055881	-43.266610
817.278623	-43.194118
817.501486	-43.266802
817.724471	-43.003752
817.947577	-43.297728
818.170805	-42.821726
818.394155	-43.315161
818.617627	-42.663295
818.841221	-43.271717
819.064937	-42.611437
819.288775	-43.097538
819.512736	-42.673178
819.736819	-42.838505
819.961025	-42.771658
820.185354	-42.592060
820.409805	-42.846077
820.634379	-42.395733
820.859076	-42.865519
821.083897	-42.303306
821.308840	-42.737599
821.533907	-42.342749
821.759097	-42.506398
821.984411	-42.431813
822.209848	-42.280975
822.435409	-42.490731
822.661093	-42.120241
822.886902	-42.486887
823.112834	-42.033132
823.338891	-42.377413
823.565072	-42.046745
823.791377	-42.210023
824.017807	-42.052648
824.244361	-42.098095
824.471039	-41.986697
824.697843	-42.061035
824.924771	-41.855396
825.151824	-42.069606
825.379002	-41.705082
825.606306	-42.066924
825.833734	-41.615522
826.061288	-41.941830
826.288967	-41.659570
826.516772	-41.703491
826.744703	-41.771262
826.972759	-41.455481
827.200941	-41.850604
827.429249	-41.300449
827.657683	-41.775016
827.886243	-41.319771
828.114930	-41.512554
828.343743	-41.473646
828.572682	-41.205056
828.801748	-41.605397
829.030941	-41.004438
829.260260	-41.585364
829.489706	-40.976131
829.719280	-41.372794
829.948980	-41.087386
830.178808	-41.099990
830.408763	-41.176513
830.638845	-40.918778
830.869055	-41.153235
831.099393	-40.848073
831.329858	-41.040262
831.560451	-40.820311
831.791173	-40.936986
832.022022	-40.736979
832.252999	-40.916832
832.484105	-40.605162
832.715339	-40.874509
832.946702	-40.563381
833.178193	-40.707806
833.409813	-40.643302
833.641561	-40.450779
833.873439	-40.769139
834.105445	-40.263733
834.337581	-40.725604
834.569846	-40.291358
834.802241	-40.449692
835.034764	-40.485454
835.267418	-40.134269
835.500201	-40.623251
835.733114	-39.985443
835.966157	-40.534136
836.199329	-40.048137
836.432632	-40.270448
836.666065	-40.191372
836.899629	-40.036743
837.133323	-40.242989
837.367147	-39.920592
837.601102	-40.183014
837.835188	-39.891311
838.069405	-40.071298
838.303752	-39.875150
838.538231	-39.966271
838.772841	-39.857371
839.007582	-39.854982
839.242455	-39.838207
839.477459	-39.767338
839.712595	-39.788097
839.947863	-39.697365
840.183263	-39.739530
840.418794	-39.610731
840.654458	-39.717267
840.890254	-39.497517
841.126182	-39.685972
841.362242	-39.453133
841.598435	-39.527716
841.834761	-39.537008
842.071220	-39.305853
842.307811	-39.585451
842.544536	-39.227694
842.781393	-39.400272
843.018384	-39.384018
843.255508	-39.084518
843.492765	-39.510805
843.730156	-38.982944
843.967681	-39.308027
844.205339	-39.174592
844.443132	-38.940531
844.681058	-39.360791
844.919118	-38.798400
845.157313	-39.199944
845.395642	-38.956588
845.634105	-38.878356
845.872703	-39.098157
846.111436	-38.748684
846.350303	-38.981500
846.589306	-38.825046
846.828443	-38.775395
847.067716	-38.857253
847.307124	-38.713715
847.546667	-38.736977
847.786345	-38.727031
848.026160	-38.647381
848.266110	-38.643897
848.506195	-38.655119
848.746417	-38.526835
848.986775	-38.612025
849.227269	-38.520149
849.467899	-38.456299
849.708666	-38.568611
849.949569	-38.346451
850.190609	-38.488370
850.431785	-38.384186
850.673099	-38.300349
850.914549	-38.452084
851.156137	-38.176831
851.397861	-38.390104
851.639723	-38.202668
851.881723	-38.202646
852.123860	-38.277937
852.366135	-38.072251
852.608547	-38.219059
852.851098	-38.095540
853.093786	-38.052840
853.336613	-38.137685
853.579578	-37.968956
853.822681	-38.037161
854.065923	-38.005984
854.309304	-37.906147
854.552823	-37.974109
854.796481	-37.889727
855.040278	-37.866863
855.284215	-37.852811
855.528290	-37.869852
855.772505	-37.687613
856.016859	-37.916410
856.261353	-37.627667
856.505987	-37.744771
856.750760	-37.774453
856.995673	-37.506781
857.240727	-37.789965
857.485920	-37.542305
857.731254	-37.539120
857.976729	-37.677967
858.222343	-37.413590
858.468099	-37.558506
858.713995	-37.501638
858.960032	-37.388275
859.206211	-37.484704
859.452530	-37.367897
859.698991	-37.401435
859.945593	-37.297739
860.192336	-37.403470
860.439222	-37.232349
860.686248	-37.254585
860.933417	-37.377461
861.180728	-37.016715
861.428181	-37.370965
861.675776	-37.124023
861.923514	-37.014328
862.171394	-37.335088
862.419417	-36.918636
862.667582	-37.078717
862.915890	-37.164173
863.164342	-36.822920
863.412936	-37.110919
863.661674	-36.922827
863.910555	-36.897082
864.159579	-36.907891
864.408747	-36.913108
864.658059	-36.801280
864.907515	-36.771659
865.157114	-36.969674
865.406858	-36.529940
865.656746	-36.882308
865.906778	-36.781484
866.156955	-36.415793
866.407277	-36.979156
866.657743	-36.492902
866.908354	-36.478885
867.159110	-36.908290
867.410011	-36.255502
867.661057	-36.677130
867.912249	-36.563335
868.163586	-36.345789
868.415069	-36.569442
868.666697	-36.425140
868.918472	-36.394909
869.170392	-36.367974
869.422458	-36.453910
869.674671	-36.280690
869.927030	-36.253441
870.179536	-36.511888
870.432188	-36.031357
870.684987	-36.352704
870.937933	-36.355910
871.191026	-35.908475
871.444266	-36.455004
871.697653	-36.085601
871.951188	-35.958934
872.204870	-36.385114
872.458700	-35.914457
872.712677	-36.013074
872.966803	-36.257840
873.221076	-35.789472
873.475498	-36.075915
873.730068	-36.061028
873.984787	-35.765666
874.239654	-36.044702
874.494669	-35.901759
874.749834	-35.773396
875.005147	-35.935185
875.260610	-35.805679
875.516222	-35.779967
875.771983	-35.739379
876.027894	-35.861592
876.283954	-35.611015
876.540164	-35.669883
876.796524	-35.885111
877.053033	-35.363991
877.309693	-35.769478
877.566503	-35.702104
877.823464	-35.268068
878.080575	-35.815301
878.337837	-35.475010
878.595249	-35.294139
878.852813	-35.720919
879.110528	-35.319649
879.368393	-35.354802
879.626410	-35.515072
879.884579	-35.289265
880.142899	-35.335130
880.401371	-35.336345
880.659994	-35.271420
880.918770	-35.320206
881.177698	-35.105552
881.436778	-35.369851
881.696010	-35.167143
881.955395	-34.986349
882.214933	-35.432764
882.474623	-34.955681
882.734467	-35.015477
882.994463	-35.318606
883.254613	-34.860584
883.514916	-35.044587
883.775372	-35.126891
884.035982	-34.858650
884.296746	-35.023076
884.557664	-34.928533
884.818735	-34.899171
885.079961	-34.961740
885.341341	-34.751929
885.602876	-34.945259
885.864565	-34.875288
886.126409	-34.610045
886.388407	-34.992447
886.650561	-34.717569
886.912870	-34.620122
887.175334	-34.865763
887.437953	-34.668155
887.700728	-34.626193
887.963658	-34.702519
888.226745	-34.628436
888.489987	-34.669617
888.753385	-34.496373
889.016940	-34.599459
889.280651	-34.725891
889.544518	-34.278439
889.808543	-34.591312
890.072723	-34.717871
890.337061	-34.142204
890.601556	-34.553288
890.866208	-34.647278
891.131017	-34.124686
891.395984	-34.440769
891.661109	-34.565886
891.926391	-34.142533
892.191831	-34.353585
892.457429	-34.396368
892.723186	-34.240688
892.989100	-34.244911
893.255173	-34.219070
893.521405	-34.339404
893.787796	-34.133405
894.054345	-34.092245
894.321053	-34.347140
894.587921	-34.085881
894.854948	-33.970596
895.122134	-34.337852
895.389480	-33.997861
895.656986	-33.956226
895.924651	-34.229553
896.192477	-33.945903
896.460463	-33.950346
896.728609	-34.132195
896.996915	-33.861358
897.265382	-33.975647
897.534010	-34.018565
897.802799	-33.798296
898.071749	-33.976188
898.340860	-33.910211
898.610132	-33.764332
898.879566	-33.942698
899.149162	-33.805493
899.418919	-33.742651
899.688838	-33.913563
899.958919	-33.673796
900.229162	-33.740777
900.499568	-33.865911
900.770136	-33.566895
901.040867	-33.696539
901.311761	-33.835200
901.582817	-33.472728
901.854037	-33.637097
902.125420	-33.772542
902.396966	-33.421760
902.668676	-33.569804
902.940550	-33.670310
903.212587	-33.389309
903.484788	-33.524729
903.757153	-33.540046
904.029683	-33.328876
904.302377	-33.530311
904.575236	-33.401441
904.848259	-33.235440
905.121447	-33.529382
905.394800	-33.327727
905.668319	-33.100306
905.942002	-33.486183
906.215852	-33.302262
906.489866	-33.013355
906.764047	-33.338509
907.038393	-33.291796
907.312906	-33.012296
907.587584	-33.158155
907.862429	-33.195125
908.137441	-33.075307
908.412619	-33.054820
908.687964	-33.001524
908.963476	-33.087326
909.239155	-33.072454
909.515002	-32.834267
909.791015	-32.937750
910.067197	-33.149819
910.343546	-32.781825
910.620063	-32.730758
910.896748	-33.100932
911.173601	-32.853386
911.450623	-32.599947
911.727813	-32.933092
912.005171	-32.865325
912.282699	-32.625839
912.560395	-32.763275
912.838261	-32.761682
913.116296	-32.659671
913.394500	-32.723250
913.672874	-32.625763
913.951418	-32.590308
914.230131	-32.735568
914.509015	-32.587982
914.788068	-32.459822
915.067292	-32.678090
915.346687	-32.610190
915.626252	-32.400208
915.905988	-32.559431
916.185895	-32.569330
916.465973	-32.416900
916.746223	-32.488615
917.026644	-32.457144
917.307236	-32.387015
917.588000	-32.484774
917.868937	-32.401373
918.150045	-32.245700
918.431325	-32.450472
918.712778	-32.448257
918.994404	-32.120669
919.276202	-32.280817
919.558173	-32.493134
919.840317	-32.134344
920.122634	-32.071049
920.405125	-32.372794
920.687789	-32.217335
920.970627	-31.998001
921.253639	-32.151832
921.536824	-32.147218
921.820184	-32.038310
922.103718	-32.071248
922.387427	-31.940773
922.671310	-31.927806
922.955368	-32.132954
923.239601	-31.887795
923.524009	-31.671798
923.808592	-32.000628
924.093351	-32.027013
924.378285	-31.593720
924.663396	-31.699781
924.948682	-31.960789
925.234144	-31.717843
925.519782	-31.600812
925.805597	-31.730405
926.091589	-31.639766
926.377757	-31.630030
926.664102	-31.747869
926.950624	-31.491895
927.237323	-31.392122
927.524200	-31.775699
927.811255	-31.693034
928.098487	-31.208332
928.385897	-31.396821
928.673485	-31.823813
928.961251	-31.468088
929.249196	-31.169156
929.537319	-31.459149
929.825621	-31.595549
930.114102	-31.393501
930.402762	-31.318617
930.691601	-31.299008
930.980620	-31.342499
931.269818	-31.544113
931.559196	-31.361292
931.848753	-31.011063
932.138491	-31.289990
932.428409	-31.682208
932.718508	-31.197596
933.008787	-30.871763
933.299246	-31.373359
933.589887	-31.568427
933.880709	-31.025858
934.171712	-30.971894
934.462896	-31.354528
934.754262	-31.260115
935.045810	-31.034327
935.337539	-31.147233
935.629451	-31.115047
935.921545	-31.006895
936.213822	-31.189311
936.506281	-31.167461
936.798922	-30.814106
937.091747	-30.930499
937.384755	-31.295864
937.677946	-31.006582
937.971321	-30.642249
938.264879	-30.962757
938.558621	-31.205664
938.852547	-30.803897
939.146657	-30.662273
939.440952	-30.968539
939.735431	-30.916464
940.030095	-30.693090
940.324943	-30.817298
940.619977	-30.827187
940.915196	-30.578971
941.210600	-30.697254
941.506189	-30.927344
941.801965	-30.609981
942.097926	-30.342866
942.394074	-30.690773
942.690407	-30.895975
942.986927	-30.429423
943.283634	-30.245009
943.580527	-30.634259
943.877608	-30.669646
944.174875	-30.301526
944.472330	-30.332940
944.769972	-30.492426
945.067802	-30.292101
945.365820	-30.241242
945.664026	-30.463109
945.962420	-30.306736
946.261002	-29.975327
946.559773	-30.139338
946.858733	-30.478959
947.157881	-30.172696
947.457219	-29.795291
947.756746	-30.038764
948.056462	-30.316139
948.356368	-29.995289
948.656464	-29.818355
948.956749	-30.005233
949.257225	-29.995720
949.557891	-29.795791
949.858748	-29.884436
950.159796	-30.012474
950.461034	-29.758676
950.762463	-29.560222
951.064084	-29.855745
951.365896	-30.013225
951.667900	-29.623596
951.970095	-29.438300
952.272483	-29.742042
952.575063	-29.870361
952.877835	-29.558577
953.180799	-29.434039
953.483956	-29.657172
953.787307	-29.646995
954.090850	-29.421667
954.394586	-29.478123
954.698516	-29.627221
955.002640	-29.465323
955.306957	-29.262452
955.611469	-29.424060
955.916174	-29.605265
956.221074	-29.357123
956.526169	-29.151499
956.831458	-29.348453
957.136942	-29.480093
957.442622	-29.261127
957.748496	-29.115285
958.054567	-29.291823
958.360833	-29.340901
958.667294	-29.112976
958.973952	-29.069533
959.280806	-29.263781
959.587857	-29.240890
959.895104	-28.983708
960.202548	-28.965736
960.510189	-29.204886
960.818027	-29.166990
961.126062	-28.903899
961.434295	-28.878380
961.742726	-29.087542
962.051355	-29.071733
962.360182	-28.846528
962.669207	-28.823128
962.978431	-28.981774
963.287854	-28.958080
963.597475	-28.762885
963.907296	-28.759034
964.217315	-28.922390
964.527535	-28.865071
964.837954	-28.662763
965.148573	-28.675121
965.459392	-28.852394
965.770411	-28.802502
966.081630	-28.594903
966.393051	-28.584881
966.704672	-28.743758
967.016494	-28.750614
967.328517	-28.548256
967.640742	-28.497686
967.953169	-28.640243
968.265797	-28.686982
968.578627	-28.492865
968.891660	-28.408227
969.204895	-28.548195
969.518332	-28.605765
969.831972	-28.435808
970.145816	-28.330756
970.459862	-28.431711
970.774112	-28.497659
971.088565	-28.372486
971.403223	-28.260166
971.718084	-28.315561
972.033149	-28.373020
972.348419	-28.279659
972.663893	-28.167228
972.979572	-28.200395
973.295456	-28.261750
973.611546	-28.180129
973.927840	-28.056653
974.244340	-28.061176
974.561046	-28.138305
974.877958	-28.096308
975.195076	-27.950768
975.512401	-27.915219
975.829932	-28.004079
976.147670	-28.004486
976.465615	-27.848500
976.783767	-27.765966
977.102126	-27.853845
977.420693	-27.910858
977.739468	-27.776358
978.058451	-27.630080
978.377642	-27.653448
978.697041	-27.765919
979.016649	-27.725359
979.336466	-27.557580
979.656492	-27.486358
979.976727	-27.566965
980.297171	-27.604331
980.617825	-27.488093
980.938689	-27.379360
981.259763	-27.418714
981.581048	-27.472432
981.902542	-27.385778
982.224248	-27.248811
982.546164	-27.259059
982.868291	-27.362919
983.190630	-27.340648
983.513180	-27.173398
983.835942	-27.073249
984.158916	-27.159811
984.482101	-27.257839
984.805500	-27.172616
985.129110	-27.006623
985.452934	-26.972553
985.776970	-27.065954
986.101220	-27.097334
986.425683	-26.981918
986.750359	-26.882490
987.075250	-26.910007
987.400354	-26.980114
987.725673	-26.915758
988.051206	-26.798185
988.376954	-26.774737
988.702916	-26.851584
989.029094	-26.876966
989.355487	-26.758364
989.682095	-26.639168
990.008919	-26.677240
990.335959	-26.785003
990.663216	-26.756128
990.990688	-26.595464
991.318377	-26.522247
991.646283	-26.606333
991.974406	-26.695714
992.302746	-26.613696
992.631304	-26.454236
992.960079	-26.422236
993.289072	-26.529345
993.618283	-26.595997
993.947713	-26.478751
994.277361	-26.329860
994.607227	-26.331143
994.937313	-26.444550
995.267618	-26.476142
995.598142	-26.344868
995.928886	-26.220035
996.259849	-26.255028
996.591033	-26.355503
996.922437	-26.350364
997.254061	-26.203444
997.585906	-26.112173
997.917972	-26.167474
998.250260	-26.265822
998.582768	-26.231067
998.915498	-26.080998
999.248450	-25.999620
999.581624	-26.063507
999.915020	-26.151319
1000.248639	-26.105711
1000.582480	-25.968701
1000.916545	-25.901703
1001.250832	-25.961142
1001.585343	-26.025544
1001.920077	-25.963723
1002.255035	-25.834019
1002.590218	-25.790699
1002.925624	-25.858680
1003.261255	-25.912771
1003.597111	-25.828998
1003.933192	-25.695269
1004.269497	-25.646855
1004.606029	-25.722352
1004.942785	-25.778129
1005.279768	-25.705820
1005.616977	-25.569582
1005.954412	-25.510743
1006.292074	-25.565650
1006.629962	-25.613042
1006.968077	-25.551984
1007.306420	-25.425580
1007.644990	-25.371090
1007.983787	-25.419315
1008.322813	-25.456938
1008.662067	-25.393167
1009.001549	-25.261461
1009.341259	-25.198620
1009.681199	-25.238505
1010.021367	-25.296378
1010.361765	-25.251659
1010.702392	-25.120466
1011.043250	-25.036201
1011.384337	-25.045307
1011.725654	-25.097948
1012.067202	-25.078804
1012.408980	-24.989512
1012.750989	-24.893368
1013.093230	-24.882375
1013.435702	-24.922861
1013.778405	-24.914654
1014.121341	-24.826343
1014.464508	-24.737465
1014.807908	-24.729499
1015.151540	-24.767206
1015.495405	-24.776614
1015.839503	-24.706697
1016.183835	-24.611909
1016.528400	-24.570404
1016.873198	-24.599758
1017.218231	-24.634757
1017.563498	-24.602912
1017.908999	-24.524279
1018.254735	-24.466056
1018.600707	-24.470621
1018.946913	-24.498743
1019.293354	-24.488243
1019.640032	-24.431930
1019.986945	-24.375179
1020.334094	-24.371975
1020.681480	-24.399907
1021.029102	-24.410110
1021.376961	-24.358048
1021.725058	-24.293195
1022.073391	-24.265169
1022.421962	-24.289634
1022.770772	-24.321317
1023.119819	-24.306253
1023.469104	-24.244751
1023.818628	-24.186902
1024.168391	-24.185886
1024.518393	-24.208928
1024.868634	-24.215336
1025.219115	-24.174169
1025.569836	-24.116632
1025.920796	-24.085414
1026.271997	-24.099325
1026.623438	-24.113682
1026.975121	-24.084906
1027.327044	-24.025994
1027.679208	-23.967789
1028.031614	-23.955269
1028.384262	-23.969166
1028.737152	-23.971081
1029.090284	-23.927510
1029.443659	-23.862456
1029.797276	-23.808058
1030.151137	-23.795573
1030.505240	-23.801431
1030.859587	-23.777294
1031.214178	-23.724626
1031.569013	-23.663131
1031.924093	-23.630392
1032.279417	-23.618362
1032.634985	-23.607594
1032.990799	-23.559730
1033.346858	-23.495344
1033.703162	-23.438459
1034.059712	-23.413960
1034.416509	-23.405375
1034.773551	-23.387267
1035.130841	-23.337036
1035.488377	-23.262985
1035.846160	-23.209261
1036.204190	-23.181352
1036.562468	-23.175721
1036.920994	-23.146070
1037.279768	-23.094164
1037.638790	-23.030506
1037.998061	-22.989384
1038.357581	-22.967119
1038.717350	-22.957081
1039.077368	-22.916799
1039.437636	-22.863238
1039.798154	-22.809357
1040.158922	-22.780209
1040.519940	-22.774507
1040.881209	-22.760816
1041.242729	-22.730094
1041.604501	-22.677909
1041.966524	-22.632011
1042.328798	-22.610138
1042.691325	-22.609433
1043.054103	-22.602876
1043.417135	-22.582068
1043.780419	-22.538860
1044.143956	-22.509544
1044.507746	-22.493670
1044.871791	-22.501350
1045.236088	-22.495038
1045.600641	-22.477116
1045.965447	-22.443879
1046.330508	-22.424019
1046.695824	-22.422279
1047.061395	-22.434870
1047.427222	-22.437954
1047.793304	-22.418924
1048.159642	-22.389904
1048.526237	-22.370242
1048.893088	-22.375666
1049.260196	-22.390706
1049.627561	-22.400441
1049.995183	-22.383502
1050.363063	-22.361390
1050.731201	-22.341484
1051.099597	-22.348657
1051.468251	-22.359376
1051.837164	-22.369971
1052.206336	-22.351085
1052.575767	-22.329817
1052.945458	-22.308516
1053.315409	-22.314725
1053.685619	-22.324503
1054.056090	-22.333370
1054.426821	-22.311517
1054.797814	-22.278007
1055.169067	-22.245680
1055.540582	-22.237034
1055.912359	-22.237859
1056.284398	-22.238064
1056.656698	-22.214034
1057.029262	-22.169318
1057.402088	-22.118632
1057.775177	-22.086563
1058.148530	-22.066745
1058.522146	-22.046295
1058.896027	-22.009162
1059.270171	-21.952877
1059.644580	-21.889506
1060.019254	-21.836503
1060.394193	-21.801464
1060.769397	-21.767465
1061.144867	-21.722328
1061.520602	-21.654179
1061.896604	-21.580669
1062.272872	-21.514570
1062.649407	-21.475261
1063.026210	-21.440234
1063.403279	-21.403471
1063.780616	-21.342869
1064.158221	-21.277731
1064.536094	-21.209917
1064.914235	-21.169528
1065.292645	-21.137960
1065.671325	-21.116745
1066.050273	-21.075722
1066.429491	-21.030777
1066.808979	-20.974875
1067.188738	-20.943572
1067.568766	-20.923732
1067.949066	-20.919726
1068.329636	-20.894766
1068.710478	-20.863868
1069.091592	-20.821829
1069.472977	-20.802553
1069.854635	-20.793612
1070.236565	-20.802363
1070.618768	-20.795083
1071.001243	-20.779665
1071.383993	-20.747434
1071.767016	-20.729547
1072.150313	-20.721977
1072.533884	-20.736311
1072.917730	-20.741374
1073.301850	-20.735901
1073.686246	-20.708789
1074.070917	-20.689594
1074.455864	-20.679350
1074.841087	-20.690076
1075.226586	-20.695232
1075.612362	-20.691035
1075.998415	-20.666051
1076.384745	-20.641061
1076.771353	-20.620407
1077.158238	-20.618731
1077.545401	-20.619429
1077.932843	-20.612483
1078.320564	-20.588277
1078.708564	-20.553301
1079.096842	-20.519819
1079.485401	-20.498643
1079.874240	-20.490711
1080.263358	-20.477366
1080.652757	-20.457446
1081.042438	-20.417522
1081.432399	-20.378364
1081.822641	-20.341429
1082.213166	-20.323962
1082.603972	-20.302938
1082.995061	-20.283724
1083.386433	-20.244928
1083.778087	-20.208701
1084.170025	-20.168514
1084.562246	-20.147888
1084.954751	-20.126870
1085.347541	-20.110048
1085.740615	-20.077329
1086.133973	-20.045660
1086.527617	-20.007296
1086.921546	-19.983923
1087.315761	-19.962980
1087.710262	-19.949914
1088.105050	-19.925179
1088.500124	-19.899676
1088.895485	-19.869273
1089.291134	-19.846110
1089.687070	-19.827941
1090.083294	-19.813279
1090.479806	-19.794785
1090.876607	-19.763535
1091.273696	-19.732505
1091.671075	-19.698801
1092.068744	-19.682669
1092.466702	-19.663848
1092.864950	-19.654409
1093.263489	-19.625208
1093.662319	-19.598434
1094.061440	-19.556583
1094.460852	-19.527766
1094.860555	-19.496116
1095.260551	-19.475626
1095.660840	-19.447932
1096.061421	-19.418283
1096.462295	-19.384788
1096.863462	-19.351671
1097.264923	-19.325429
1097.666678	-19.296600
1098.068727	-19.269848
1098.471071	-19.232653
1098.873710	-19.199190
1099.276644	-19.161512
1099.679874	-19.134887
1100.083400	-19.108900
1100.487222	-19.090054
1100.891340	-19.063685
1101.295756	-19.036640
1101.700468	-19.003129
1102.105478	-18.975501
1102.510787	-18.949767
1102.916393	-18.930250
1103.322298	-18.910244
1103.728502	-18.888756
1104.135005	-18.867989
1104.541807	-18.843356
1104.948909	-18.826862
1105.356312	-18.804600
1105.764015	-18.791996
1106.172019	-18.767673
1106.580324	-18.752152
1106.988931	-18.728273
1107.397840	-18.712387
1107.807051	-18.693976
1108.216564	-18.676051
1108.626380	-18.661768
1109.036500	-18.639534
1109.446923	-18.624322
1109.857649	-18.596527
1110.268680	-18.580688
1110.680016	-18.553734
1111.091657	-18.534016
1111.503602	-18.509703
1111.915854	-18.490191
1112.328411	-18.471878
1112.741275	-18.445246
1113.154445	-18.421882
1113.567922	-18.388624
1113.981706	-18.364213
1114.395798	-18.333976
1114.810198	-18.313091
1115.224906	-18.288891
1115.639923	-18.264792
1116.055249	-18.235976
1116.470884	-18.204132
1116.886829	-18.176551
1117.303084	-18.149646
1117.719650	-18.130918
1118.136526	-18.108179
1118.553713	-18.086877
1118.971212	-18.055294
1119.389022	-18.028080
1119.807145	-18.000159
1120.225580	-17.982126
1120.644328	-17.968145
1121.063389	-17.953761
1121.482763	-17.937964
1121.902452	-17.909985
1122.322454	-17.887812
1122.742771	-17.860731
1123.163404	-17.850072
1123.584351	-17.838688
1124.005614	-17.830028
1124.427193	-17.816579
1124.849089	-17.793472
1125.271301	-17.777653
1125.693830	-17.755824
1126.116677	-17.749208
1126.539842	-17.734564
1126.963324	-17.723871
1127.387126	-17.706290
1127.811246	-17.684680
1128.235685	-17.671279
1128.660444	-17.652600
1129.085522	-17.645504
1129.510922	-17.626015
1129.936641	-17.608321
1130.362682	-17.583237
1130.789044	-17.558616
1131.215728	-17.541464
1131.642734	-17.520149
1132.070063	-17.507276
1132.497714	-17.481769
1132.925689	-17.459201
1133.353987	-17.429215
1133.782610	-17.401490
1134.211556	-17.378378
1134.640827	-17.351898
1135.070424	-17.332478
1135.500345	-17.303332
1135.930593	-17.279914
1136.361166	-17.249948
1136.792067	-17.222505
1137.223294	-17.196984
1137.654848	-17.168085
1138.086730	-17.147787
1138.518940	-17.119379
1138.951479	-17.099685
1139.384346	-17.072934
1139.817543	-17.048576
1140.251069	-17.025957
1140.684925	-16.999288
1141.119111	-16.984157
1141.553628	-16.960774
1141.988475	-16.945783
1142.423655	-16.924700
1142.859166	-16.901686
1143.295009	-16.886090
1143.731185	-16.863875
1144.167694	-16.855433
1144.604536	-16.839077
1145.041711	-16.824738
1145.479221	-16.809529
1145.917065	-16.786507
1146.355245	-16.776065
1146.793759	-16.759547
1147.232609	-16.752030
1147.671795	-16.741560
1148.111317	-16.723875
1148.551177	-16.710415
1148.991373	-16.688017
1149.431907	-16.676329
1149.872779	-16.663383
1150.313989	-16.651658
1150.755538	-16.640883
1151.197426	-16.619323
1151.639653	-16.602246
1152.082220	-16.579327
1152.525128	-16.563101
1152.968376	-16.548963
1153.411966	-16.530888
1153.855897	-16.515547
1154.300169	-16.488734
1154.744784	-16.466959
1155.189742	-16.442977
1155.635042	-16.420985
1156.080687	-16.404906
1156.526674	-16.379404
1156.973007	-16.358119
1157.419683	-16.329767
1157.866705	-16.301767
1158.314072	-16.280705
1158.761786	-16.253712
1159.209845	-16.233880
1159.658251	-16.207117
1160.107004	-16.178240
1160.556104	-16.153498
1161.005553	-16.123910
1161.455349	-16.102870
1161.905494	-16.078694
1162.355989	-16.053382
1162.806832	-16.028993
1163.258026	-15.999393
1163.709570	-15.976657
1164.161464	-15.952568
1164.613710	-15.931274
1165.066307	-15.910604
1165.519256	-15.884477
1165.972558	-15.863148
1166.426212	-15.838108
1166.880219	-15.818112
1167.334580	-15.800951
1167.789295	-15.778856
1168.244364	-15.762383
1168.699788	-15.739588
1169.155567	-15.719325
1169.611702	-15.704653
1170.068193	-15.684332
1170.525041	-15.671548
1170.982245	-15.654242
1171.439807	-15.634544
1171.897726	-15.621622
1172.356004	-15.603080
1172.814640	-15.589943
1173.273635	-15.577562
1173.732989	-15.559787
1174.192703	-15.547463
1174.652778	-15.531439
1175.113213	-15.516936
1175.574009	-15.506025
1176.035167	-15.490651
1176.496687	-15.478243
1176.958569	-15.463576
1177.420814	-15.448347
1177.883422	-15.436731
1178.346394	-15.421536
1178.809730	-15.409796
1179.273430	-15.394992
1179.737496	-15.378577
1180.201927	-15.366498
1180.666723	-15.349248
1181.131886	-15.336321
1181.597416	-15.322953
1182.063312	-15.303712
1182.529576	-15.291010
1182.996209	-15.273393
1183.463209	-15.255583
1183.930579	-15.243876
1184.398317	-15.223790
1184.866426	-15.207171
1185.334904	-15.191914
1185.803754	-15.170224
1186.272974	-15.155809
1186.742566	-15.138189
1187.212529	-15.117719
1187.682865	-15.102259
1188.153574	-15.081552
1188.624656	-15.062604
1189.096112	-15.046342
1189.567942	-15.025710
1190.040147	-15.008131
1190.512726	-14.988729
1190.985681	-14.968695
1191.459012	-14.951884
1191.932720	-14.931781
1192.406804	-14.914036
1192.881265	-14.895834
1193.356104	-14.874642
1193.831322	-14.858987
1194.306918	-14.840023
1194.782893	-14.820540
1195.259248	-14.806165
1195.735982	-14.785154
1196.213097	-14.767383
1196.690593	-14.753040
1197.168471	-14.732357
1197.646730	-14.717394
1198.125371	-14.702218
1198.604395	-14.681315
1199.083803	-14.667412
1199.563594	-14.651891
1200.043769	-14.633164
1200.524329	-14.620371
1201.005273	-14.603310
1201.486604	-14.585912
1201.968320	-14.572803
1202.450422	-14.556272
1202.932912	-14.540936
1203.415789	-14.527260
1203.899054	-14.510088
1204.382707	-14.495891
1204.866748	-14.481376
1205.351179	-14.465465
1205.836000	-14.452501
1206.321211	-14.436332
1206.806812	-14.420747
1207.292805	-14.408405
1207.779189	-14.391791
1208.265965	-14.377427
1208.753134	-14.365217
1209.240696	-14.347329
1209.728651	-14.333768
1210.217000	-14.321727
1210.705744	-14.303893
1211.194883	-14.291243
1211.684417	-14.278415
1212.174347	-14.260379
1212.664673	-14.248453
1213.155396	-14.235654
1213.646516	-14.218455
1214.138034	-14.206405
1214.629951	-14.192849
1215.122266	-14.176556
1215.614980	-14.165182
1216.108095	-14.151546
1216.601609	-14.135932
1217.095524	-14.124182
1217.589841	-14.110062
1218.084559	-14.096060
1218.579679	-14.084811
1219.075202	-14.070018
1219.571128	-14.056363
1220.067458	-14.045170
1220.564191	-14.030423
1221.061330	-14.017835
1221.558874	-14.006704
1222.056823	-13.991040
1222.555178	-13.978558
1223.053940	-13.967965
1223.553109	-13.952390
1224.052686	-13.939851
1224.552671	-13.928865
1225.053065	-13.912839
1225.553867	-13.900204
1226.055079	-13.889477
1226.556702	-13.873293
1227.058735	-13.859778
1227.561179	-13.848322
1228.064035	-13.832308
1228.567303	-13.818687
1229.070983	-13.806619
1229.575077	-13.790148
1230.079585	-13.775645
1230.584506	-13.763281
1231.089842	-13.746957
1231.595594	-13.732101
1232.101761	-13.718532
1232.608345	-13.701409
1233.115345	-13.686663
1233.622762	-13.672956
1234.130597	-13.655225
1234.638851	-13.639679
1235.147523	-13.625405
1235.656615	-13.607360
1236.166126	-13.591707
1236.676058	-13.577720
1237.186411	-13.559037
1237.697185	-13.542007
1238.208381	-13.528382
1238.719999	-13.510541
1239.232040	-13.492719
1239.744505	-13.478545
1240.257394	-13.460814
1240.770708	-13.442552
1241.284446	-13.428424
1241.798610	-13.411255
1242.313201	-13.392381
1242.828218	-13.377636
1243.343662	-13.361142
1243.859534	-13.342481
1244.375834	-13.327241
1244.892563	-13.311091
1245.409721	-13.292558
1245.927309	-13.277076
1246.445327	-13.261224
1246.963777	-13.242488
1247.482657	-13.226808
1248.001970	-13.211587
1248.521716	-13.192769
1249.041894	-13.176313
1249.562506	-13.161503
1250.083553	-13.142919
1250.605034	-13.125882
1251.126950	-13.111669
1251.649302	-13.093442
1252.172091	-13.075089
1252.695316	-13.061095
1253.218979	-13.044578
1253.743079	-13.025529
1254.267619	-13.010474
1254.792597	-12.994916
1255.318015	-12.976209
1255.843874	-12.960627
1256.370173	-12.945953
1256.896913	-12.927299
1257.424095	-12.910640
1257.951720	-12.896918
1258.479787	-12.879720
1259.008298	-12.862116
1259.537254	-12.848091
1260.066654	-12.832265
1260.596499	-12.814967
1261.126790	-12.800930
1261.657527	-12.785880
1262.188711	-12.768547
1262.720342	-12.754539
1263.252422	-12.741046
1263.784950	-12.723993
1264.317928	-12.708946
1264.851355	-12.696720
1265.385232	-12.681168
1265.919560	-12.665210
1266.454340	-12.653018
1266.989572	-12.639167
1267.525256	-12.623217
1268.061394	-12.610501
1268.597985	-12.598161
1269.135031	-12.582654
1269.672531	-12.568764
1270.210487	-12.557559
1270.748899	-12.543436
1271.287768	-12.528406
1271.827094	-12.516775
1272.366877	-12.504223
1272.907119	-12.489468
1273.447820	-12.476793
1273.988981	-12.464733
1274.530601	-12.450483
1275.072683	-12.437389
1275.615226	-12.425902
1276.158230	-12.411944
1276.701697	-12.397810
1277.245627	-12.386862
1277.790021	-12.374434
1278.334879	-12.359259
1278.880202	-12.347054
1279.425991	-12.336579
1279.972245	-12.322537
1280.518966	-12.308287
1281.066155	-12.297852
1281.613811	-12.286365
1282.161936	-12.271881
1282.710529	-12.259851
1283.259593	-12.249997
1283.809126	-12.237235
1284.359131	-12.224138
1284.909607	-12.214122
1285.460555	-12.203492
1286.011976	-12.190798
1286.563870	-12.179927
1287.116237	-12.170603
1287.669080	-12.159303
1288.222397	-12.148001
1288.776191	-12.139032
1289.330460	-12.129450
1289.885207	-12.118286
1290.440431	-12.108943
1290.996133	-12.100941
1291.552314	-12.090907
1292.108975	-12.080684
1292.666115	-12.073137
1293.223737	-12.065259
1293.781839	-12.054986
1294.340424	-12.046298
1294.899491	-12.039834
1295.459041	-12.031373
1296.019075	-12.021641
1296.579593	-12.014476
1297.140597	-12.008025
1297.702086	-11.999246
1298.264061	-11.990586
1298.826524	-11.984296
1299.389474	-11.977391
1299.952912	-11.968701
1300.516839	-11.961372
1301.081255	-11.955322
1301.646162	-11.947722
1302.211559	-11.939714
1302.777448	-11.933561
1303.343829	-11.927220
1303.910702	-11.919168
1304.478069	-11.912101
1305.045930	-11.906796
1305.614285	-11.900000
1306.183136	-11.891757
1306.752483	-11.885633
1307.322326	-11.880760
1307.892666	-11.873501
1308.463504	-11.865435
1309.034841	-11.859912
1309.606677	-11.854987
1310.179012	-11.847511
1310.751849	-11.839755
1311.325186	-11.834393
1311.899025	-11.829011
1312.473366	-11.821365
1313.048211	-11.814012
1313.623559	-11.808424
1314.199412	-11.802113
1314.775770	-11.794345
1315.352634	-11.787402
1315.930004	-11.781290
1316.507881	-11.773853
1317.086266	-11.765746
1317.665159	-11.759092
1318.244562	-11.752372
1318.824474	-11.743707
1319.404897	-11.735167
1319.985831	-11.728470
1320.567276	-11.721230
1321.149234	-11.711660
1321.731706	-11.702570
1322.314691	-11.695574
1322.898190	-11.687798
1323.482205	-11.677778
1324.066736	-11.668312
1324.651783	-11.660631
1325.237347	-11.652230
1325.823430	-11.642071
1326.410031	-11.632520
1326.997151	-11.624149
1327.584791	-11.614900
1328.172952	-11.604632
1328.761634	-11.595327
1329.350839	-11.586529
1329.940566	-11.576374
1330.530817	-11.565745
1331.121592	-11.556637
1331.712891	-11.547807
1332.304716	-11.537000
1332.897068	-11.525748
1333.489946	-11.516547
1334.083352	-11.507790
1334.677287	-11.496852
1335.271750	-11.485191
1335.866744	-11.475478
1336.462268	-11.466502
1337.058323	-11.455896
1337.654910	-11.444403
1338.252029	-11.434142
1338.849682	-11.424754
1339.447869	-11.414370
1340.046591	-11.403351
1340.645848	-11.393124
1341.245641	-11.383334
1341.845972	-11.372977
1342.446840	-11.362345
1343.048246	-11.352483
1343.650191	-11.343069
1344.252677	-11.332761
1344.855702	-11.321893
1345.459269	-11.312399
1346.063379	-11.304019
1346.668030	-11.294135
1347.273226	-11.282972
1347.878965	-11.273499
1348.485250	-11.265811
1349.092080	-11.256896
1349.699456	-11.246156
1350.307380	-11.236471
1350.915851	-11.228832
1351.524871	-11.220779
1352.134441	-11.211149
1352.744560	-11.201739
1353.355231	-11.193847
1353.966453	-11.186250
1354.578227	-11.177783
1355.190555	-11.169187
1355.803436	-11.161494
1356.416872	-11.154307
1357.030863	-11.146551
1357.645411	-11.138535
1358.260515	-11.131628
1358.876177	-11.125452
1359.492397	-11.118255
1360.109176	-11.110387
1360.726516	-11.104205
1361.344416	-11.099364
1361.962877	-11.093121
1362.581901	-11.085624
1363.201487	-11.079707
1363.821637	-11.075567
1364.442352	-11.070673
1365.063632	-11.064341
1365.685478	-11.058561
1366.307891	-11.054457
1366.930871	-11.050775
1367.554420	-11.045902
1368.178538	-11.040491
1368.803226	-11.036579
1369.428485	-11.033704
1370.054315	-11.029819
1370.680717	-11.025111
1371.307693	-11.021705
1371.935242	-11.019485
1372.563366	-11.016328
1373.192065	-11.012316
1373.821341	-11.009287
1374.451193	-11.007415
1375.081623	-11.005202
1375.712632	-11.002043
1376.344221	-10.998953
1376.976389	-10.997110
1377.609139	-10.995938
1378.242470	-10.993688
1378.876384	-10.990511
1379.510881	-10.988618
1380.145963	-10.988046
1380.781629	-10.986466
1381.417881	-10.983760
1382.054720	-10.981898
1382.692147	-10.981139
1383.330161	-10.980065
1383.968765	-10.978264
1384.607959	-10.976367
1385.247743	-10.975038
1385.888119	-10.974344
1386.529087	-10.973248
1387.170648	-10.971354
1387.812804	-10.969945
1388.455554	-10.969307
1389.098899	-10.968167
1389.742842	-10.966545
1390.387381	-10.965461
1391.032519	-10.964615
1391.678256	-10.963419
1392.324592	-10.962160
1392.971529	-10.960870
1393.619068	-10.959577
1394.267208	-10.958707
1394.915952	-10.957807
1395.565300	-10.956245
1396.215253	-10.954559
1396.865812	-10.953329
1397.516977	-10.952338
1398.168749	-10.951389
1398.821130	-10.950015
1399.474120	-10.947889
1400.127719	-10.946104
1400.781930	-10.945491
1401.436752	-10.944730
1402.092186	-10.942818
1402.748234	-10.940645
1403.404897	-10.939132
1404.062174	-10.938230
1404.720067	-10.937021
1405.378577	-10.934996
1406.037705	-10.932995
1406.697451	-10.931779
1407.357817	-10.930428
1408.018803	-10.928348
1408.680410	-10.926281
1409.342639	-10.924839
1410.005492	-10.923688
1410.668968	-10.921997
1411.333068	-10.919428
1411.997795	-10.917239
1412.663147	-10.916359
1413.329127	-10.915419
1413.995736	-10.913213
1414.662973	-10.910559
1415.330840	-10.908710
1415.999339	-10.907727
1416.668469	-10.906440
1417.338232	-10.903959
1418.008628	-10.901311
1418.679659	-10.899830
1419.351325	-10.898616
1420.023628	-10.896445
1420.696568	-10.893804
1421.370145	-10.891702
1422.044362	-10.890434
1422.719219	-10.889143
1423.394717	-10.886745
1424.070856	-10.884015
1424.747638	-10.882425
1425.425064	-10.881459
1426.103134	-10.879831
1426.781850	-10.877409
1427.461212	-10.874839
1428.141221	-10.872872
1428.821878	-10.871314
1429.503185	-10.868995
1430.185141	-10.865930
1430.867749	-10.863022
1431.551008	-10.860261
1432.234920	-10.857329
1432.919486	-10.854075
1433.604707	-10.850398
1434.290583	-10.846866
1434.977116	-10.843685
1435.664307	-10.840233
1436.352156	-10.836499
1437.040664	-10.832726
1437.729833	-10.829035
1438.419663	-10.825617
1439.110156	-10.822203
1439.801312	-10.818325
1440.493132	-10.814048
1441.185617	-10.809413
1441.878768	-10.804489
1442.572586	-10.799483
1443.267072	-10.794045
1443.962228	-10.787723
1444.658053	-10.780367
1445.354549	-10.772115
1446.051717	-10.763542
1446.749558	-10.754945
1447.448073	-10.745800
1448.147263	-10.735704
1448.847128	-10.724788
1449.547671	-10.713714
1450.248891	-10.703228
1450.950789	-10.693065
1451.653368	-10.682631
1452.356627	-10.672085
1453.060568	-10.662001
1453.765192	-10.652762
1454.470500	-10.643982
1455.176492	-10.634965
1455.883170	-10.625912
1456.590534	-10.617463
1457.298586	-10.609474
1458.007327	-10.601064
1458.716758	-10.591337
1459.426880	-10.580457
1460.137693	-10.569388
1460.849199	-10.557927
1461.561398	-10.544964
1462.274293	-10.529897
1462.987883	-10.513026
1463.702170	-10.495337
1464.417155	-10.477001
1465.132838	-10.457176
1465.849222	-10.435868
1466.566306	-10.413953
1467.284093	-10.392260
1468.002582	-10.371108
1468.721775	-10.350056
1469.441674	-10.329328
1470.162278	-10.310189
1470.883590	-10.293270
1471.605609	-10.278587
1472.328338	-10.265822
1473.051777	-10.255061
1473.775928	-10.247173
1474.500790	-10.242331
1475.226367	-10.239778
1475.952657	-10.239028
1476.679663	-10.240029
1477.407386	-10.243102
1478.135826	-10.247803
1478.864985	-10.252677
1479.594863	-10.257040
1480.325463	-10.260737
1481.056784	-10.263752
1481.788828	-10.265473
1482.521597	-10.264598
1483.255090	-10.260662
1483.989309	-10.254133
1484.724256	-10.244932
1485.459931	-10.232784
1486.196336	-10.217641
1486.933471	-10.200065
1487.671337	-10.181251
1488.409937	-10.161504
1489.149270	-10.141179
1489.889337	-10.121232
1490.630141	-10.102965
1491.371682	-10.087820
1492.113961	-10.076421
1492.856979	-10.069305
1493.600738	-10.067940
1494.345238	-10.073901
1495.090481	-10.088411
1495.836467	-10.112166
1496.583198	-10.145766
1497.330675	-10.190672
1498.078899	-10.247997
1498.827872	-10.318109
1499.577593	-10.401183
1500.328065	-10.497387
1501.079289	-10.607169
1501.831265	-10.729901
1502.583995	-10.863721
1503.337480	-11.007054
1504.091721	-11.158151
1504.846719	-11.314650
1505.602475	-11.472969
1506.358991	-11.628987
1507.116268	-11.779946
1507.874306	-11.923359
1508.633108	-12.056349
1509.392673	-12.176509
1510.153004	-12.282666
1510.914101	-12.375420
1511.675965	-12.455654
1512.438599	-12.524879
1513.202002	-12.586546
1513.966176	-12.645168
1514.731122	-12.705823
1515.496842	-12.773851
1516.263336	-12.855323
1517.030607	-12.957070
1517.798654	-13.084831
1518.567479	-13.242953
1519.337083	-13.434268
1520.107468	-13.659187
1520.878634	-13.915157
1521.650584	-14.194277
1522.423317	-14.482295
1523.196836	-14.757412
1523.971141	-14.989090
1524.746233	-15.140152
1525.522115	-15.170727
1526.298786	-15.048389
1527.076249	-14.758014
1527.854504	-14.306812
1528.633553	-13.721525
1529.413397	-13.038712
1530.194037	-12.296854
1530.975474	-11.529718
1531.757709	-10.764137
1532.540745	-10.019771
1533.324581	-9.310444
1534.109220	-8.646526
1534.894662	-8.035465
1535.680909	-7.482759
1536.467961	-6.992429
1537.255821	-6.567634
1538.044489	-6.211015
1538.833967	-5.924466
1539.624256	-5.709566
1540.415357	-5.567647
1541.207271	-5.499934
1542.000000	-5.507642
1542.793545	-5.591713
1543.587907	-5.753164
1544.383087	-5.993399
1545.179088	-6.314479
1545.975909	-6.718920
1546.773552	-7.209835
1547.572019	-7.792124
1548.371311	-8.472921
1549.171428	-9.261943
1549.972373	-10.172522
1550.774147	-11.224706
1551.576751	-12.448684
1552.380185	-13.888674
1553.184453	-15.614207
1553.989554	-17.744020
1554.795490	-20.493857
1555.602263	-24.273047
1556.409873	-29.456322
1557.218322	-30.268915
1558.027612	-25.292420
1558.837743	-21.580749
1559.648717	-18.977018
1560.460536	-17.032923
1561.273200	-15.512549
1562.086710	-14.287214
1562.901069	-13.279979
1563.716278	-12.441348
1564.532337	-11.737375
1565.349249	-11.144027
1566.167014	-10.644332
1566.985634	-10.224957
1567.805111	-9.874670
1568.625444	-9.584686
1569.446637	-9.348519
1570.268690	-9.159695
1571.091605	-9.012175
1571.915382	-8.901563
1572.740024	-8.823739
1573.565532	-8.773848
1574.391907	-8.747781
1575.219150	-8.742466
1576.047262	-8.754252
1576.876246	-8.779127
1577.706103	-8.814132
1578.536833	-8.856545
1579.368439	-8.903534
1580.200922	-8.952630
1581.034282	-9.002055
1581.868522	-9.050465
1582.703643	-9.096843
1583.539646	-9.140636
1584.376532	-9.181943
1585.214304	-9.221284
1586.052962	-9.258941
1586.892508	-9.295718
1587.732943	-9.333088
1588.574269	-9.371595
1589.416487	-9.411730
1590.259599	-9.454775
1591.103605	-9.501262
1591.948508	-9.551059
1592.794309	-9.604746
1593.641009	-9.662597
1594.488609	-9.724076
1595.337112	-9.789204
1596.186518	-9.858160
1597.036829	-9.930620
1597.888047	-10.006208
1598.740172	-10.085101
1599.593207	-10.167573
1600.447153	-10.253534
1601.302010	-10.342806
1602.157782	-10.435972
1603.014469	-10.533271
1603.872072	-10.634485
1604.730593	-10.740054
1605.590034	-10.849816
1606.450397	-10.963383
1607.311681	-11.081276
1608.173890	-11.202991
1609.037024	-11.327450
1609.901085	-11.454913
1610.766075	-11.585180
1611.631995	-11.717015
1612.498846	-11.849994
1613.366630	-11.983885
1614.235349	-12.118088
1615.105004	-12.251786
1615.975596	-12.384552
1616.847128	-12.516019
1617.719600	-12.645416
1618.593014	-12.772700
1619.467372	-12.897150
1620.342675	-13.018288
1621.218924	-13.136671
1622.096122	-13.251493
1622.974270	-13.362540
1623.853369	-13.470761
1624.733420	-13.575721
1625.614427	-13.677379
1626.496389	-13.776638
1627.379308	-13.873513
1628.263187	-13.968186
1629.148026	-14.061278
1630.033828	-14.152832
1630.920593	-14.243239
1631.808324	-14.332882
1632.697022	-14.421556
1633.586688	-14.509599
1634.477324	-14.597362
1635.368932	-14.684051
1636.261514	-14.770156
1637.155070	-14.855627
1638.049602	-14.939554
1638.945113	-15.022448
1639.841603	-15.103675
1640.739075	-15.182840
1641.637529	-15.260031
1642.536968	-15.334460
1643.437393	-15.406084
1644.338806	-15.474850
1645.241209	-15.539978
1646.144602	-15.601688
1647.048988	-15.659993
1647.954368	-15.714143
1648.860744	-15.764710
1649.768118	-15.811588
1650.676491	-15.854421
1651.585865	-15.893977
1652.496241	-15.929874
1653.407621	-15.962569
1654.320008	-15.992233
1655.233401	-16.018835
1656.147804	-16.043049
1657.063218	-16.064493
1657.979645	-16.083579
1658.897085	-16.100644
1659.815542	-16.115138
1660.735016	-16.127575
1661.655509	-16.137973
1662.577023	-16.145720
1663.499560	-16.151552
1664.423121	-16.154830
1665.347709	-16.155554
1666.273324	-16.154007
1667.199969	-16.149574
1668.127645	-16.142712
1669.056353	-16.133117
1669.986097	-16.120866
1670.916877	-16.106073
1671.848695	-16.088671
1672.781553	-16.068895
1673.715452	-16.046753
1674.650395	-16.022492
1675.586383	-15.996181
1676.523418	-15.967934
1677.461501	-15.938098
1678.400635	-15.906505
1679.340821	-15.873541
1680.282061	-15.839253
1681.224357	-15.803558
1682.167710	-15.766874
1683.112122	-15.728962
1684.057595	-15.690175
1685.004132	-15.650427
1685.951732	-15.609755
1686.900400	-15.568357
1687.850135	-15.526120
1688.800940	-15.483281
1689.752818	-15.439838
1690.705768	-15.395917
1691.659795	-15.351537
1692.614898	-15.306876
1693.571081	-15.261938
1694.528345	-15.216783
1695.486691	-15.171651
1696.446122	-15.126313
1697.406640	-15.081147
1698.368245	-15.035961
1699.330941	-14.990839
1700.294729	-14.945828
1701.259611	-14.900848
1702.225588	-14.855959
1703.192664	-14.811172
1704.160838	-14.766479
1705.130114	-14.721900
1706.100493	-14.677497
1707.071977	-14.633218
1708.044568	-14.589212
1709.018268	-14.545387
1709.993079	-14.501902
1710.969003	-14.458757
1711.946041	-14.415917
1712.924196	-14.373567
1713.903469	-14.331518
1714.883862	-14.289996
1715.865378	-14.248820
1716.848017	-14.208141
1717.831783	-14.167868
1718.816677	-14.128097
1719.802701	-14.088802
1720.789857	-14.050016
1721.778147	-14.011782
1722.767573	-13.974070
1723.758136	-13.936978
1724.749840	-13.900380
1725.742685	-13.864388
1726.736673	-13.828879
1727.731808	-13.793896
1728.728090	-13.759384
1729.725521	-13.725323
1730.724105	-13.691689
1731.723842	-13.658429
1732.724735	-13.625533
1733.726785	-13.592967
1734.729995	-13.560687
1735.734366	-13.528688
1736.739902	-13.496865
1737.746603	-13.465222
1738.754472	-13.433731
1739.763510	-13.402353
1740.773721	-13.371086
1741.785105	-13.339915
1742.797665	-13.308887
1743.811403	-13.277947
1744.826321	-13.247194
1745.842422	-13.216566
1746.859706	-13.186123
1747.878177	-13.155860
1748.897835	-13.125796
1749.918685	-13.095950
1750.940726	-13.066357
1751.963963	-13.037028
1752.988395	-13.008045
1754.014027	-12.979413
1755.040860	-12.951246
1756.068895	-12.923567
1757.098135	-12.896434
1758.128583	-12.869920
1759.160240	-12.844034
1760.193109	-12.818809
1761.227191	-12.794242
1762.262488	-12.770315
1763.299004	-12.747010
1764.336740	-12.724304
1765.375697	-12.702174
1766.415880	-12.680614
1767.457288	-12.659622
1768.499926	-12.639210
1769.543794	-12.619368
1770.588895	-12.600092
1771.635231	-12.581381
1772.682805	-12.563170
1773.731619	-12.545425
1774.781674	-12.528053
1775.832973	-12.510987
1776.885519	-12.494162
1777.939312	-12.477522
1778.994357	-12.461042
1780.050654	-12.444722
1781.108207	-12.428545
1782.167017	-12.412560
1783.227087	-12.396765
1784.288418	-12.381205
1785.351013	-12.365872
1786.414875	-12.350752
1787.480006	-12.335839
1788.546407	-12.321085
1789.614082	-12.306438
1790.683032	-12.291877
1791.753259	-12.277372
1792.824767	-12.262899
1793.897557	-12.248477
1794.971632	-12.234079
1796.046994	-12.219730
1797.123645	-12.205401
1798.201588	-12.191122
1799.280824	-12.176910
1800.361357	-12.162784
1801.443188	-12.148791
1802.526320	-12.134969
1803.610756	-12.121342
1804.696497	-12.107956
1805.783546	-12.094823
1806.871906	-12.081948
1807.961578	-12.069348
1809.052565	-12.057009
1810.144870	-12.044943
1811.238494	-12.033171
1812.333441	-12.021702
1813.429713	-12.010572
1814.527311	-11.999810
1815.626239	-11.989431
1816.726499	-11.979468
1817.828094	-11.969913
1818.931025	-11.960783
1820.035295	-11.952077
1821.140906	-11.943790
1822.247862	-11.935917
1823.356165	-11.928436
1824.465816	-11.921308
1825.576819	-11.914484
1826.689175	-11.907884
1827.802888	-11.901447
1828.917960	-11.895150
1830.034394	-11.888961
1831.152191	-11.882923
1832.271354	-11.877058
1833.391887	-11.871374
1834.513790	-11.865877
1835.637068	-11.860554
1836.761722	-11.855361
1837.887755	-11.850273
1839.015169	-11.845258
1840.143968	-11.840305
1841.274153	-11.835424
1842.405727	-11.830633
1843.538693	-11.825994
1844.673053	-11.821572
1845.808810	-11.817435
1846.945966	-11.813644
1848.084525	-11.810219
1849.224488	-11.807163
1850.365858	-11.804446
1851.508638	-11.802039
1852.652831	-11.799870
1853.798438	-11.797892
1854.945463	-11.796045
1856.093909	-11.794300
1857.243777	-11.792665
1858.395071	-11.791152
1859.547794	-11.789795
1860.701947	-11.788628
1861.857533	-11.787653
1863.014556	-11.786832
1864.173018	-11.786141
1865.332922	-11.785520
1866.494270	-11.784938
1867.657065	-11.784389
1868.821309	-11.783865
1869.987006	-11.783400
1871.154158	-11.783038
1872.322768	-11.782810
1873.492839	-11.782741
1874.664373	-11.782848
1875.837373	-11.783121
1877.011841	-11.783530
1878.187782	-11.784028
1879.365197	-11.784563
1880.544089	-11.785115
1881.724460	-11.785672
1882.906315	-11.786239
1884.089655	-11.786860
1885.274483	-11.787602
1886.460803	-11.788533
1887.648616	-11.789743
1888.837927	-11.791263
1890.028736	-11.793108
1891.221049	-11.795257
1892.414866	-11.797671
1893.610192	-11.800308
1894.807028	-11.803197
1896.005379	-11.806395
1897.205246	-11.809996
1898.406633	-11.814067
1899.609542	-11.818644
1900.813977	-11.823709
1902.019940	-11.829230
1903.227434	-11.835116
1904.436462	-11.841299
1905.647028	-11.847694
1906.859133	-11.854262
1908.072781	-11.860964
1909.287976	-11.867800
1910.504719	-11.874742
1911.723013	-11.881810
1912.942863	-11.889021
1914.164270	-11.896387
1915.387238	-11.903917
1916.611770	-11.911610
1917.837868	-11.919442
1919.065536	-11.927400
1920.294777	-11.935515
1921.525594	-11.943820
1922.757989	-11.952388
1923.991967	-11.961276
1925.227529	-11.970507
1926.464679	-11.980058
1927.703420	-11.989868
1928.943755	-11.999855
1930.185688	-12.009933
1931.429221	-12.020039
1932.674356	-12.030137
1933.921099	-12.040209
1935.169451	-12.050267
1936.419415	-12.060309
1937.670996	-12.070326
1938.924195	-12.080295
1940.179017	-12.090173
1941.435463	-12.099960
1942.693538	-12.109712
1943.953245	-12.119526
1945.214586	-12.129486
1946.477566	-12.139662
1947.742186	-12.150042
1949.008451	-12.160559
1950.276363	-12.171125
1951.545926	-12.181698
1952.817143	-12.192326
1954.090017	-12.203143
1955.364551	-12.214316
1956.640749	-12.225952
1957.918615	-12.238069
1959.198150	-12.250587
1960.479359	-12.263402
1961.762244	-12.276477
1963.046810	-12.289853
1964.333059	-12.303627
1965.620995	-12.317890
1966.910621	-12.332688
1968.201940	-12.347961
1969.494956	-12.363625
1970.789672	-12.379582
1972.086091	-12.395748
1973.384217	-12.412057
1974.684053	-12.428492
1975.985602	-12.445075
1977.288869	-12.461865
1978.593855	-12.478958
1979.900566	-12.496455
1981.209003	-12.514451
1982.519171	-12.532995
1983.831073	-12.552070
1985.144712	-12.571564
1986.460093	-12.591314
1987.777217	-12.611150
1989.096089	-12.630982
1990.416713	-12.650851
1991.739092	-12.670899
1993.063228	-12.691281
1994.389127	-12.712058
1995.716791	-12.733179
1997.046223	-12.754485
1998.377428	-12.775774
1999.710409	-12.796880
2001.045169	-12.817737
2002.381713	-12.838418
2003.720043	-12.859107
2005.060163	-12.880027
2006.402077	-12.901316
2007.745788	-12.922959
2009.091301	-12.944785
2010.438618	-12.966571
2011.787743	-12.988179
2013.138680	-13.009610
2014.491433	-13.030990
2015.846005	-13.052483
2017.202399	-13.074228
2018.560621	-13.096292
2019.920673	-13.118656
2021.282558	-13.141260
2022.646281	-13.164025
2024.011846	-13.186903
2025.379256	-13.209884
2026.748515	-13.233022
2028.119626	-13.256397
2029.492594	-13.280134
2030.867422	-13.304364
2032.244114	-13.329153
2033.622673	-13.354490
2035.003104	-13.380291
2036.385411	-13.406463
2037.769597	-13.433004
2039.155665	-13.460067
2040.543621	-13.487927
2041.933467	-13.516858
2043.325208	-13.546998
2044.718847	-13.578279
2046.114389	-13.610453
2047.511837	-13.643208
2048.911195	-13.676300
2050.312467	-13.709623
2051.715657	-13.743199
2053.120769	-13.777128
2054.527807	-13.811523
2055.936775	-13.846427
2057.347677	-13.881815
2058.760516	-13.917596
2060.175297	-13.953633
2061.592025	-13.989820
2063.010701	-14.026099
2064.431332	-14.062517
2065.853921	-14.099160
2067.278472	-14.136144
2068.704988	-14.173561
2070.133475	-14.211441
2071.563936	-14.249713
2072.996375	-14.288253
2074.430796	-14.326910
2075.867204	-14.365628
2077.305603	-14.404477
2078.745996	-14.443610
2080.188389	-14.483179
2081.632784	-14.523177
2083.079187	-14.563393
2084.527601	-14.603503
2085.978030	-14.643284
2087.430480	-14.682852
2088.884954	-14.722566
2090.341455	-14.762826
2091.799990	-14.803791
2093.260561	-14.845304
2094.723173	-14.887059
2096.187831	-14.928825
2097.654538	-14.970600
2099.123300	-15.012551
2100.594119	-15.054925
2102.067001	-15.097932
2103.541950	-15.141704
2105.018971	-15.186245
2106.498067	-15.231408
2107.979243	-15.277119
2109.462503	-15.323499
2110.947853	-15.370958
2112.435295	-15.419893
2113.924836	-15.470457
2115.416478	-15.522462
2116.910227	-15.575552
2118.406087	-15.629472
2119.904063	-15.684123
2121.404158	-15.739505
2122.906378	-15.795624
2124.410727	-15.852518
2125.917210	-15.910243
2127.425831	-15.968739
2128.936594	-16.027717
2130.449505	-16.086762
2131.964567	-16.145576
2133.481786	-16.204163
2135.001166	-16.262739
2136.522711	-16.321428
2138.046427	-16.380140
2139.572317	-16.438674
2141.100388	-16.497004
2142.630642	-16.555278
2144.163085	-16.613661
2145.697722	-16.672050
2147.234558	-16.730141
2148.773596	-16.787671
2150.314842	-16.844648
2151.858301	-16.901271
2153.403977	-16.957761
2154.951875	-17.014308
2156.502000	-17.071076
2158.054357	-17.128177
2159.608950	-17.185574
2161.165785	-17.243131
2162.724866	-17.300855
2164.286198	-17.358995
2165.849786	-17.417681
2167.415635	-17.476663
2168.983749	-17.535546
2170.554134	-17.594330
2172.126795	-17.653586
2173.701737	-17.713969
2175.278964	-17.775736
2176.858481	-17.838589
2178.440294	-17.902106
2180.024408	-17.966153
2181.610827	-18.030981
2183.199557	-18.097027
2184.790602	-18.164665
2186.383968	-18.233960
2187.979660	-18.304660
2189.577683	-18.376431
2191.178041	-18.449323
2192.780741	-18.523842
2194.385787	-18.600425
2195.993185	-18.678827
2197.602939	-18.758173
2199.215054	-18.837744
2200.829537	-18.917747
2202.446392	-18.999162
2204.065624	-19.082673
2205.687239	-19.167926
2207.311242	-19.253650
2208.937638	-19.338726
2210.566433	-19.423000
2212.197631	-19.507125
2213.831239	-19.591719
2215.467261	-19.676632
2217.105703	-19.761218
2218.746570	-19.845030
2220.389867	-19.928167
2222.035601	-20.010788
2223.683776	-20.092738
2225.334398	-20.173701
2226.987472	-20.253779
2228.643004	-20.333470
2230.300999	-20.412903
2231.961463	-20.491564
2233.624402	-20.569102
2235.289820	-20.646050
2236.957723	-20.723221
2238.628118	-20.800547
2240.301009	-20.876950
2241.976402	-20.951543
2243.654303	-21.024830
2245.334717	-21.098473
2247.017650	-21.173837
2248.703108	-21.250580
2250.391096	-21.327231
2252.081620	-21.402956
2253.774686	-21.478916
2255.470300	-21.557275
2257.168467	-21.638915
2258.869193	-21.722633
2260.572484	-21.806868
2262.278345	-21.891902
2263.986783	-21.979768
2265.697804	-22.071817
2267.411412	-22.166904
2269.127615	-22.262855
2270.846417	-22.358997
2272.567826	-22.456805
2274.291846	-22.558021
2276.018484	-22.662592
2277.747745	-22.768953
2279.479637	-22.875556
2281.214164	-22.981888
2282.951333	-23.088517
2284.691149	-23.196230
2286.433619	-23.305276
2288.178750	-23.415103
2289.926546	-23.524489
2291.677014	-23.632123
2293.430161	-23.737400
2295.185992	-23.840393
2296.944513	-23.941871
2298.705732	-24.042655
2300.469653	-24.142850
2302.236283	-24.242117
2304.005629	-24.340728
2305.777696	-24.439485
2307.552492	-24.538534
2309.330022	-24.636918
2311.110292	-24.733650
2312.893310	-24.828884
2314.679080	-24.923323
2316.467611	-25.017495
2318.258907	-25.111492
2320.052976	-25.204375
2321.849824	-25.294809
2323.649457	-25.382782
2325.451883	-25.470560
2327.257106	-25.559920
2329.065135	-25.650032
2330.875975	-25.738737
2332.689633	-25.825258
2334.506116	-25.910941
2336.325430	-25.998719
2338.147581	-26.090627
2339.972578	-26.186221
2341.800425	-26.283074
2343.631130	-26.380546
2345.464700	-26.480491
2347.301141	-26.584337
2349.140461	-26.691168
2350.982665	-26.799911
2352.827760	-26.911933
2354.675754	-27.029668
2356.526653	-27.153313
2358.380464	-27.279860
2360.237195	-27.406746
2362.096851	-27.535703
2363.959440	-27.669716
2365.824968	-27.807672
2367.693444	-27.945212
2369.564873	-28.080454
2371.439263	-28.215808
2373.316620	-28.353671
2375.196953	-28.491948
2377.080267	-28.627359
2378.966570	-28.759409
2380.855869	-28.889711
2382.748171	-29.018472
2384.643484	-29.146579
2386.541815	-29.275277
2388.443170	-29.403186
2390.347557	-29.526743
2392.254984	-29.645914
2394.165457	-29.762925
2396.078984	-29.875607
2397.995572	-29.979611
2399.915229	-30.075113
2401.837961	-30.165716
2403.763777	-30.251765
2405.692684	-30.330946
2407.624689	-30.401386
2409.559800	-30.463222
2411.498023	-30.520292
2413.439368	-30.578832
2415.383840	-30.640867
2417.331449	-30.702253
2419.282201	-30.761871
2421.236104	-30.826526
2423.193165	-30.903626
2425.153393	-30.993381
2427.116795	-31.090692
2429.083378	-31.192254
2431.053151	-31.302490
2433.026121	-31.429698
2435.002297	-31.575104
2436.981685	-31.731157
2438.964293	-31.891546
2440.950131	-32.056486
2442.939204	-32.231579
2444.931522	-32.421845
2446.927092	-32.619541
2448.925923	-32.809201
2450.928022	-32.992968
2452.933397	-33.187087
2454.942056	-33.388542
2456.954008	-33.575360
2458.969260	-33.743828
2460.987821	-33.912781
2463.009699	-34.087220
2465.034902	-34.246845
2467.063437	-34.380471
2469.095315	-34.507872
2471.130542	-34.648858
2473.169127	-34.789107
2475.211078	-34.903783
2477.256404	-35.003271
2479.305112	-35.119004
2481.357212	-35.250210
2483.412713	-35.362799
2485.471621	-35.442818
2487.533946	-35.514526
2489.599696	-35.601454
2491.668880	-35.692934
2493.741507	-35.760292
2495.817585	-35.799778
2497.897122	-35.836607
2499.980127	-35.887756
2502.066609	-35.945546
2504.156578	-35.997496
2506.250040	-36.048643
2508.347006	-36.112634
2510.447483	-36.185726
2512.551482	-36.256599
2514.659010	-36.336200
2516.770076	-36.441561
2518.884690	-36.558959
2521.002861	-36.667024
2523.124597	-36.779774
2525.249907	-36.919397
2527.378801	-37.070110
2529.511287	-37.211874
2531.647375	-37.365653
2533.787074	-37.555526
2535.930393	-37.766151
2538.077340	-37.963666
2540.227927	-38.142900
2542.382160	-38.346165
2544.540051	-38.603217
2546.701608	-38.871315
2548.866840	-39.102366
2551.035757	-39.315951
2553.208369	-39.545281
2555.384684	-39.790915
2557.564713	-40.029180
2559.748465	-40.231432
2561.935948	-40.408735
2564.127174	-40.595063
2566.322152	-40.783031
2568.520890	-40.950168
2570.723399	-41.105167
2572.929689	-41.268313
2575.139769	-41.438477
2577.353649	-41.586288
2579.571340	-41.692550
2581.792849	-41.776175
2584.018189	-41.854481
2586.247368	-41.922385
2588.480396	-41.975950
2590.717284	-41.994181
2592.958041	-41.962406
2595.202678	-41.937851
2597.451204	-41.960701
2599.703630	-41.976167
2601.959966	-41.946380
2604.220222	-41.910337
2606.484408	-41.900139
2608.752535	-41.897776
2611.024612	-41.883114
2613.300651	-41.896217
2615.580661	-41.971683
2617.864653	-42.056680
2620.152638	-42.118853
2622.444625	-42.208136
2624.740626	-42.358281
2627.040651	-42.556514
2629.344710	-42.759197
2631.652814	-42.936052
2633.964974	-43.144351
2636.281200	-43.433654
2638.601504	-43.735528
2640.925896	-44.005619
2643.254386	-44.276437
2645.586987	-44.523806
2647.923707	-44.737822
2650.264559	-44.970604
2652.609554	-45.225493
2654.958702	-45.475631
2657.312015	-45.704540
2659.669503	-45.898573
2662.031178	-46.108821
2664.397051	-46.440483
2666.767132	-46.864095
2669.141434	-47.189942
2671.519968	-47.434004
2673.902745	-47.775958
2676.289776	-48.139715
2678.681072	-48.397118
2681.076646	-48.604854
2683.476508	-48.760470
2685.880671	-48.842824
2688.289145	-48.906961
2690.701942	-48.925345
2693.119075	-48.864888
2695.540554	-48.754730
2697.966391	-48.590866
2700.396599	-48.444294
2702.831189	-48.379063
2705.270172	-48.256599
2707.713561	-48.044129
2710.161368	-47.886392
2712.613605	-47.883775
2715.070283	-47.971962
2717.531416	-47.917249
2719.997014	-47.912732
2722.467090	-47.926343
2724.941657	-48.165351
2727.420726	-48.216170
2729.904310	-48.277260
2732.392421	-48.579577
2734.885072	-48.736196
2737.382275	-48.782449
2739.884042	-49.195259
2742.390387	-49.342130
2744.901321	-49.571298
2747.416857	-49.487016
2749.937008	-49.787439
2752.461787	-49.980925
2754.991206	-50.008976
2757.525279	-50.149024
2760.064017	-50.367359
2762.607434	-50.749827
2765.155544	-50.787427
2767.708358	-51.262531
2770.265890	-51.634245
2772.828153	-52.038049
2775.395160	-52.599073
2777.966924	-52.944060
2780.543459	-53.668712
2783.124778	-54.124457
2785.710894	-54.992545
2788.301821	-55.312179
2790.897572	-55.900872
2793.498160	-56.065016
2796.103599	-56.315760
2798.713903	-56.649133
2801.329085	-56.025770
2803.949159	-55.831212
2806.574139	-55.675055
2809.204038	-55.709202
2811.838871	-55.093230
2814.478650	-54.991224
2817.123391	-55.311860
2819.773107	-54.862392
2822.427812	-55.156343
2825.087521	-54.990721
2827.752247	-54.580248
2830.422005	-55.206001
2833.096808	-54.944050
2835.776672	-54.939939
2838.461611	-55.350697
2841.151638	-55.509443
2843.846769	-55.486926
2846.547019	-55.948783
2849.252401	-56.125199
2851.962930	-56.146301
2854.678621	-55.431715
2857.399489	-56.038097
2860.125549	-55.556175
2862.856815	-55.445122
2865.593302	-55.724663
2868.335026	-54.982429
2871.082002	-55.537469
2873.834244	-55.539323
2876.591767	-55.774458
2879.354588	-56.195810
2882.122721	-56.316118
2884.896181	-57.610410
2887.674984	-57.635880
2890.459146	-57.928654
2893.248681	-59.092582
2896.043606	-59.883425
2898.843937	-59.918897
2901.649687	-61.181522
2904.460875	-62.214180
2907.277515	-61.713565
2910.099623	-61.964596
2912.927215	-63.706046
2915.760308	-62.983488
2918.598916	-62.912063
2921.443057	-63.960546
2924.292747	-62.745368
2927.148002	-63.994672
2930.008837	-62.709601
2932.875270	-62.180280
2935.747318	-63.844296
2938.624995	-62.004449
2941.508320	-62.413125
2944.397308	-62.866820
2947.291977	-63.176217
2950.192343	-63.400948
2953.098423	-63.892318
2956.010234	-65.440585
2958.927792	-63.829136
2961.851116	-67.103502
2964.780221	-65.011754
2967.715126	-66.085864
2970.655847	-64.624943
2973.602402	-64.057077
2976.554808	-63.620431
2979.513083	-62.447136
2982.477243	-62.867587
2985.447308	-61.946033
2988.423293	-62.315260
2991.405218	-62.875391
2994.393099	-62.911648
2997.386955	-62.581394
