# 2022-03-22_09.45.38
# shape = sech2
# FWHM_ps = 0.11
# carrier_nm = 1542
# frep_MHz = 12126
# pow_mW = 8000
# GDD = 0.0
# propa_len = 0.11866666666666668
# untap_len = 0.01
# taper_len = 0.05866666666666667
# waist_len = 0.02
# uptap_len = 0.02
# untap_scale = 1.0
# waist_scale = 0.11578947368421054
# workingDir = NL_20110305_12 (Spirou)
# axis = slow
# window_ps = 10.0
# steps = 200
# points = 21700
# 
# wavelength [nm]	 power spectral density [dB]
600.043425	-84.279947
600.163550	-82.635249
600.283723	-83.367945
600.403943	-83.478494
600.524212	-83.576961
600.644529	-84.534416
600.764895	-83.879950
600.885308	-82.375767
601.005770	-82.539710
601.126280	-84.830607
601.246839	-84.045729
601.367446	-82.419155
601.488101	-83.277180
601.608804	-83.989400
601.729557	-83.666916
601.850357	-83.621259
601.971206	-81.744103
602.092104	-83.749086
602.213050	-85.821224
602.334045	-81.907988
602.455089	-81.304481
602.576181	-85.346703
602.697322	-84.896971
602.818511	-81.325678
602.939749	-82.254737
603.061036	-83.809040
603.182372	-82.185373
603.303757	-84.634272
603.425191	-83.175691
603.546673	-80.302030
603.668204	-85.276758
603.789785	-84.757637
603.911414	-81.275002
604.033092	-83.153813
604.154820	-82.367060
604.276596	-81.583910
604.398422	-84.291099
604.520297	-83.158942
604.642220	-81.647297
604.764193	-82.285661
604.886216	-82.529280
605.008287	-84.902088
605.130408	-81.768437
605.252578	-80.697967
605.374798	-85.389994
605.497066	-83.068350
605.619385	-81.650561
605.741752	-82.879752
605.864169	-81.320142
605.986636	-83.869036
606.109152	-84.752039
606.231718	-80.549393
606.354333	-81.361521
606.476998	-85.162910
606.599712	-82.706811
606.722476	-80.492039
606.845290	-82.318098
606.968154	-82.525200
607.091067	-81.371424
607.214030	-83.160675
607.337043	-82.899970
607.460106	-81.213711
607.583219	-82.103331
607.706381	-82.802329
607.829594	-83.008257
607.952856	-82.191009
608.076169	-81.426347
608.199531	-81.873987
608.322944	-82.848710
608.446407	-83.090418
608.569920	-80.797338
608.693483	-80.578574
608.817096	-85.007318
608.940759	-82.892470
609.064473	-79.805821
609.188237	-82.568680
609.312051	-82.158030
609.435916	-81.364646
609.559831	-82.965484
609.683796	-81.566674
609.807812	-79.845890
609.931878	-83.258225
610.055995	-83.006495
610.180162	-80.617085
610.304380	-82.424204
610.428648	-81.094674
610.552967	-80.812503
610.677337	-83.137383
610.801757	-82.938277
610.926228	-81.031252
611.050750	-80.433587
611.175323	-81.552860
611.299946	-83.936852
611.424620	-81.870937
611.549345	-80.187678
611.674121	-82.003926
611.798948	-80.984851
611.923826	-82.143469
612.048755	-83.338969
612.173734	-79.694289
612.298765	-80.315045
612.423847	-85.132989
612.548980	-81.125895
612.674165	-79.010822
612.799400	-83.319866
612.924687	-80.250508
613.050025	-79.758171
613.175414	-85.066864
613.300854	-80.911577
613.426346	-79.399186
613.551889	-82.212927
613.677484	-80.852110
613.803130	-82.076065
613.928827	-81.785162
614.054576	-80.679660
614.180377	-80.192288
614.306229	-79.743476
614.432132	-85.803541
614.558087	-81.229043
614.684094	-77.667074
614.810153	-82.996163
614.936263	-81.768546
615.062425	-79.876627
615.188639	-81.639514
615.314904	-81.058002
615.441222	-79.835303
615.567591	-81.664871
615.694012	-82.082366
615.820486	-81.422570
615.947011	-80.274093
616.073588	-80.318610
616.200217	-81.166525
616.326898	-81.463931
616.453632	-82.162862
616.580417	-81.562313
616.707255	-78.449105
616.834144	-80.468675
616.961086	-84.340696
617.088081	-81.056542
617.215127	-79.318974
617.342226	-81.684675
617.469378	-79.257409
617.596581	-79.583842
617.723837	-86.435752
617.851146	-80.352908
617.978507	-77.509907
618.105920	-83.107215
618.233386	-80.282401
618.360905	-79.601844
618.488476	-82.195082
618.616100	-81.021293
618.743777	-79.652561
618.871506	-79.093418
618.999288	-81.900988
619.127123	-82.905416
619.255011	-79.473571
619.382951	-79.614682
619.510945	-79.937715
619.638991	-80.943902
619.767090	-81.595887
619.895243	-82.952941
620.023448	-78.488460
620.151706	-79.354143
620.280017	-82.090438
620.408382	-80.043336
620.536799	-81.681847
620.665270	-80.531813
620.793794	-79.941554
620.922371	-79.660006
621.051002	-80.996717
621.179686	-80.581812
621.308423	-81.276849
621.437213	-80.812135
621.566057	-78.839559
621.694954	-80.695944
621.823905	-80.282770
621.952909	-82.284272
622.081967	-80.092163
622.211079	-78.221326
622.340244	-83.585627
622.469462	-78.487881
622.598735	-79.952363
622.728061	-84.241841
622.857441	-77.210553
622.986874	-79.330582
623.116361	-82.525157
623.245903	-79.149883
623.375498	-79.497540
623.505147	-82.637840
623.634850	-79.521372
623.764606	-79.043355
623.894417	-80.033258
624.024282	-80.996615
624.154201	-81.842179
624.284174	-78.666931
624.414202	-81.125188
624.544283	-80.239622
624.674419	-78.120131
624.804609	-79.903417
624.934853	-84.629128
625.065151	-78.745762
625.195504	-76.765542
625.325911	-84.721930
625.456373	-78.909137
625.586889	-76.862414
625.717460	-83.043830
625.848085	-80.289763
625.978764	-78.228515
626.109498	-79.801455
626.240287	-83.004322
626.371131	-78.220435
626.502029	-77.376304
626.632982	-86.380642
626.763989	-77.845200
626.895052	-76.275142
627.026169	-86.244694
627.157341	-78.396757
627.288568	-76.399939
627.419850	-84.945182
627.551187	-78.683266
627.682579	-76.460187
627.814026	-82.938306
627.945528	-80.548737
628.077085	-76.923116
628.208697	-80.839857
628.340364	-80.906607
628.472087	-78.444762
628.603865	-81.878643
628.735698	-79.017935
628.867586	-79.331795
628.999530	-81.793672
629.131529	-78.232888
629.263584	-81.304160
629.395694	-79.589561
629.527859	-79.270240
629.660080	-80.320654
629.792357	-80.559040
629.924689	-80.167084
630.057077	-78.725949
630.189520	-80.378126
630.322019	-80.790293
630.454574	-78.566729
630.587184	-80.598533
630.719851	-81.656633
630.852573	-77.055783
630.985351	-80.429372
631.118185	-82.017628
631.251075	-77.640732
631.384021	-78.746610
631.517023	-83.454728
631.650081	-79.331015
631.783195	-77.406282
631.916365	-82.022310
632.049592	-79.448979
632.182874	-77.629815
632.316213	-83.437320
632.449608	-80.257502
632.583059	-78.727378
632.716567	-78.870330
632.850131	-79.449985
632.983751	-82.579382
633.117428	-77.078210
633.251161	-80.107188
633.384951	-83.508299
633.518797	-74.945542
633.652700	-79.392663
633.786660	-81.090516
633.920676	-75.794938
634.054749	-80.397293
634.188879	-84.374963
634.323065	-77.071959
634.457308	-79.489720
634.591608	-80.807374
634.725965	-77.485664
634.860379	-81.003890
634.994850	-82.360112
635.129377	-78.033975
635.263962	-79.807441
635.398604	-80.431364
635.533303	-76.970135
635.668058	-83.563515
635.802872	-79.671390
635.937742	-79.243991
636.072669	-81.122481
636.207654	-77.883156
636.342696	-79.700657
636.477796	-79.706666
636.612953	-80.202942
636.748167	-81.911124
636.883439	-79.642267
637.018768	-78.639542
637.154155	-79.466184
637.289599	-80.263580
637.425101	-76.854750
637.560660	-80.785291
637.696277	-85.208255
637.831952	-77.225981
637.967685	-77.979102
638.103475	-82.972709
638.239324	-76.102180
638.375230	-79.809110
638.511194	-81.145333
638.647215	-83.162066
638.783295	-76.881935
638.919433	-79.220532
639.055629	-79.548675
639.191883	-74.866402
639.328195	-83.765571
639.464565	-80.318920
639.600994	-76.851366
639.737481	-82.086337
639.874025	-79.025712
640.010629	-75.057154
640.147290	-84.965413
640.284010	-77.601507
640.420789	-76.162333
640.557625	-85.195956
640.694521	-79.806327
640.831474	-75.375969
640.968487	-79.803952
641.105558	-80.238583
641.242687	-75.032738
641.379876	-80.772384
641.517123	-82.143994
641.654429	-75.732574
641.791793	-82.073161
641.929216	-78.142032
642.066699	-76.568665
642.204240	-80.136060
642.341840	-79.013656
642.479499	-79.081975
642.617217	-83.476571
642.754994	-79.502220
642.892830	-77.341955
643.030726	-80.099737
643.168680	-78.521450
643.306694	-77.796473
643.444767	-81.517457
643.582899	-77.803048
643.721091	-81.174577
643.859342	-78.362133
643.997652	-75.243081
644.136022	-87.380040
644.274451	-76.077773
644.412940	-76.628572
644.551488	-87.969553
644.690096	-76.696008
644.828763	-76.770364
644.967490	-81.821914
645.106277	-77.024779
645.245124	-77.701112
645.384030	-82.319532
645.522997	-78.249621
645.662023	-76.882416
645.801109	-85.065310
645.940255	-75.972058
646.079460	-74.535567
646.218726	-88.677979
646.358052	-74.360191
646.497438	-76.736923
646.636884	-84.073053
646.776391	-75.232135
646.915957	-80.821359
647.055584	-77.860408
647.195271	-75.855055
647.335019	-79.793537
647.474826	-78.868991
647.614695	-75.799455
647.754623	-80.620922
647.894612	-78.673592
648.034662	-75.128149
648.174772	-80.133898
648.314943	-77.184182
648.455174	-76.632879
648.595466	-81.794380
648.735819	-76.676476
648.876233	-77.831664
649.016707	-80.781246
649.157242	-75.836065
649.297838	-77.398654
649.438495	-77.173517
649.579213	-76.705403
649.719992	-79.741469
649.860832	-75.452903
650.001733	-80.334280
650.142695	-77.778374
650.283718	-75.074986
650.424803	-80.181400
650.565949	-75.494092
650.707156	-77.908931
650.848424	-75.905434
650.989754	-76.859982
651.131145	-77.585394
651.272597	-76.309025
651.414111	-80.146899
651.555687	-74.436223
651.697324	-79.565375
651.839022	-76.120435
651.980782	-75.034495
652.122604	-78.706655
652.264488	-75.030595
652.406433	-76.580532
652.548441	-77.171865
652.690510	-75.679721
652.832640	-76.191775
652.974833	-78.013479
653.117088	-75.934175
653.259405	-75.027994
653.401784	-77.601635
653.544224	-76.629664
653.686727	-73.938181
653.829293	-77.779045
653.971920	-74.685032
654.114609	-74.764924
654.257361	-78.122587
654.400175	-73.916853
654.543052	-76.827204
654.685991	-75.563928
654.828992	-75.323062
654.972056	-76.270856
655.115183	-74.317238
655.258372	-76.316639
655.401623	-74.605443
655.544937	-75.997465
655.688314	-74.251720
655.831754	-75.434128
655.975256	-75.274698
656.118822	-74.800894
656.262450	-73.547166
656.406141	-76.552251
656.549894	-73.344072
656.693711	-76.869550
656.837591	-73.600489
656.981534	-74.698774
657.125540	-75.725888
657.269610	-72.943589
657.413742	-75.782239
657.557938	-72.712395
657.702196	-73.614347
657.846519	-74.675160
657.990904	-73.192279
658.135353	-74.870745
658.279866	-72.040674
658.424441	-78.355194
658.569081	-71.422562
658.713784	-73.507533
658.858550	-75.017956
659.003381	-71.083330
659.148274	-75.961088
659.293232	-73.086194
659.438253	-71.692159
659.583339	-75.269278
659.728488	-72.672356
659.873701	-71.716548
660.018978	-74.960460
660.164318	-71.961144
660.309723	-72.071962
660.455192	-74.653109
660.600725	-72.909076
660.746323	-71.717453
660.891984	-73.852610
661.037710	-73.199180
661.183500	-70.327683
661.329354	-75.371624
661.475272	-70.111387
661.621255	-71.696302
661.767303	-73.432159
661.913415	-70.356964
662.059591	-73.760991
662.205833	-71.898605
662.352138	-71.490179
662.498509	-73.699813
662.644944	-70.996900
662.791443	-72.331404
662.938008	-71.396832
663.084638	-70.830721
663.231332	-72.523255
663.378091	-70.417956
663.524915	-71.354832
663.671804	-71.525850
663.818759	-71.302219
663.965778	-71.360680
664.112863	-69.840752
664.260012	-73.104990
664.407227	-68.619827
664.554507	-73.290958
664.701853	-70.269925
664.849264	-69.862080
664.996740	-72.788361
665.144282	-70.400705
665.291889	-70.072777
665.439561	-71.522994
665.587300	-70.390828
665.735103	-68.061046
665.882973	-73.139829
666.030908	-68.524118
666.178909	-70.221043
666.326976	-70.442070
666.475109	-70.063580
666.623307	-70.129675
666.771571	-71.066425
666.919902	-69.281242
667.068298	-70.563702
667.216761	-69.795756
667.365289	-68.286390
667.513884	-72.258424
667.662545	-67.444327
667.811272	-69.362749
667.960065	-70.835585
668.108925	-66.873861
668.257851	-71.737129
668.406843	-68.998234
668.555902	-67.678785
668.705027	-70.842202
668.854219	-68.127041
669.003478	-68.735985
669.152803	-69.747129
669.302195	-67.646962
669.451653	-70.256535
669.601179	-68.130449
669.750771	-68.861156
669.900430	-69.201616
670.050156	-68.485419
670.199949	-68.408828
670.349808	-68.610282
670.499735	-68.723894
670.649729	-67.043971
670.799790	-70.276744
670.949918	-66.918230
671.100114	-68.358680
671.250377	-68.410734
671.400707	-68.302289
671.551104	-67.562073
671.701569	-68.950728
671.852101	-66.860816
672.002700	-68.603842
672.153368	-67.471818
672.304102	-66.683583
672.454905	-69.925890
672.605775	-65.519413
672.756713	-68.289312
672.907718	-67.705680
673.058791	-65.770700
673.209933	-69.979418
673.361142	-66.419425
673.512419	-67.328269
673.663764	-67.615754
673.815177	-66.506031
673.966658	-67.048552
674.118207	-67.678706
674.269825	-64.984507
674.421510	-69.973685
674.573264	-65.005179
674.725086	-67.213625
674.876977	-67.378938
675.028936	-65.942298
675.180963	-67.216871
675.333059	-67.053138
675.485224	-65.522654
675.637457	-68.173116
675.789758	-65.098092
675.942129	-66.794630
676.094568	-66.829534
676.247075	-64.815173
676.399652	-67.958737
676.552298	-65.501895
676.705012	-66.392334
676.857795	-66.103838
677.010648	-65.603461
677.163569	-66.874600
677.316560	-64.615409
677.469619	-67.437380
677.622748	-64.728871
677.775946	-66.732743
677.929214	-65.038845
678.082551	-66.240310
678.235957	-65.467357
678.389432	-65.393350
678.542977	-65.819607
678.696592	-65.811718
678.850276	-65.148138
679.004030	-65.717201
679.157853	-64.959057
679.311746	-65.336851
679.465709	-65.741082
679.619742	-64.024416
679.773844	-66.771934
679.928017	-64.226311
680.082259	-65.000234
680.236571	-65.712346
680.390954	-64.404083
680.545406	-65.455983
680.699929	-64.853972
680.854522	-64.647777
681.009185	-65.040408
681.163918	-64.685476
681.318722	-63.851789
681.473596	-66.115438
681.628540	-63.069292
681.783555	-66.137929
681.938641	-63.211245
682.093797	-65.282732
682.249023	-64.201822
682.404321	-64.083020
682.559689	-64.932722
682.715128	-64.424580
682.870637	-64.166838
683.026218	-64.148671
683.181869	-64.681167
683.337591	-63.278563
683.493385	-64.962625
683.649249	-63.166206
683.805185	-64.284629
683.961191	-64.194069
684.117269	-63.118120
684.273418	-64.734518
684.429639	-63.395768
684.585930	-64.136405
684.742294	-63.865364
684.898728	-63.461784
685.055234	-64.128945
685.211812	-63.681404
685.368461	-62.934855
685.525182	-64.570419
685.681975	-62.570761
685.838839	-63.952556
685.995775	-62.987956
686.152783	-62.974907
686.309863	-63.965216
686.467014	-62.341602
686.624238	-64.618666
686.781534	-62.203212
686.938902	-64.404885
687.096342	-62.963398
687.253854	-62.862381
687.411438	-63.884296
687.569095	-62.563095
687.726824	-63.246686
687.884626	-62.901490
688.042499	-62.768440
688.200446	-62.898063
688.358465	-62.962667
688.516556	-61.856307
688.674720	-64.076967
688.832957	-61.552591
688.991266	-63.600609
689.149649	-62.373282
689.308104	-62.260917
689.466632	-63.432269
689.625233	-62.730784
689.783906	-61.914497
689.942653	-63.891594
690.101473	-61.430115
690.260367	-62.981113
690.419333	-62.469564
690.578372	-61.166638
690.737485	-64.095935
690.896672	-61.049332
691.055931	-62.352834
691.215264	-62.782178
691.374671	-60.494636
691.534151	-64.813042
691.693704	-60.372400
691.853332	-63.696597
692.013033	-61.294253
692.172807	-62.568875
692.332656	-62.131513
692.492578	-61.950923
692.652575	-62.106009
692.812645	-62.561446
692.972789	-61.033916
693.133007	-63.357019
693.293300	-60.577520
693.453666	-62.490610
693.614107	-61.583827
693.774622	-60.539579
693.935211	-63.713561
694.095875	-59.935097
694.256613	-62.943369
694.417426	-61.417103
694.578313	-60.616242
694.739274	-63.326459
694.900311	-60.276857
695.061421	-62.849476
695.222607	-61.036314
695.383868	-61.632993
695.545203	-61.734095
695.706613	-61.360971
695.868098	-61.466895
696.029658	-61.688316
696.191293	-60.763667
696.353003	-62.219982
696.514789	-60.403535
696.676649	-62.243601
696.838585	-60.773777
697.000596	-60.746694
697.162682	-62.470818
697.324844	-60.008741
697.487081	-62.017482
697.649394	-60.821124
697.811782	-60.406342
697.974246	-62.189355
698.136786	-60.000142
698.299401	-61.998625
698.462092	-60.541970
698.624859	-61.215186
698.787702	-61.008617
698.950621	-60.898025
699.113616	-60.816746
699.276686	-61.054442
699.439833	-60.060661
699.603056	-62.355918
699.766355	-59.324394
699.929731	-62.288718
700.093183	-60.268450
700.256711	-60.268946
700.420315	-62.486819
700.583996	-59.104332
700.747754	-62.744456
700.911588	-59.424627
701.075499	-61.124553
701.239486	-60.810379
701.403550	-59.649858
701.567691	-62.446488
701.731909	-58.993785
701.896203	-62.184649
702.060575	-60.153381
702.225024	-59.856787
702.389549	-62.057833
702.554152	-59.035429
702.718832	-61.948913
702.883589	-59.790477
703.048424	-60.745651
703.213335	-60.577701
703.378324	-60.200494
703.543391	-60.604565
703.708535	-60.669472
703.873757	-59.695259
704.039056	-62.265615
704.204433	-58.727315
704.369887	-62.362509
704.535420	-59.587337
704.701030	-60.359838
704.866718	-61.373445
705.032484	-59.268566
705.198328	-61.740475
705.364250	-59.387902
705.530250	-60.370791
705.696328	-60.851649
705.862485	-58.602938
706.028720	-63.041867
706.195033	-57.809362
706.361424	-63.104325
706.527894	-58.766336
706.694442	-60.842818
706.861069	-60.331301
707.027775	-59.202298
707.194559	-61.986863
707.361422	-58.491135
707.528363	-62.100580
707.695384	-59.234964
707.862483	-60.205318
708.029661	-60.896977
708.196918	-59.332888
708.364254	-61.262163
708.531670	-59.737270
708.699164	-60.562580
708.866738	-60.524224
709.034391	-59.452752
709.202123	-61.421235
709.369935	-59.410102
709.537826	-60.730674
709.705796	-59.954951
709.873847	-60.342359
710.041976	-59.664907
710.210186	-60.853527
710.378475	-59.219951
710.546844	-61.231589
710.715292	-58.707846
710.883821	-61.903296
711.052429	-58.481754
711.221118	-61.410808
711.389887	-59.158603
711.558735	-60.577494
711.727664	-59.780540
711.896673	-59.676349
712.065763	-60.883007
712.234932	-59.206515
712.404183	-60.631009
712.573513	-60.081338
712.742924	-59.277477
712.912416	-61.428865
713.081988	-58.805885
713.251641	-61.841171
713.421375	-59.003155
713.591190	-60.821778
713.761085	-60.362916
713.931061	-59.470348
714.101119	-61.423089
714.271257	-59.003490
714.441476	-61.646191
714.611777	-58.945158
714.782159	-60.891192
714.952622	-59.659940
715.123166	-59.827696
715.293792	-60.426958
715.464499	-59.853700
715.635288	-60.169524
715.806158	-60.573846
715.977110	-59.228715
716.148143	-61.816827
716.319259	-58.526254
716.490456	-61.991705
716.661735	-58.785756
716.833096	-61.311607
717.004538	-59.503188
717.176063	-60.237221
717.347670	-60.860847
717.519359	-59.179328
717.691130	-61.502066
717.862984	-59.333294
718.034920	-60.865011
718.206938	-60.169647
718.379039	-59.607334
718.551222	-61.565848
718.723488	-59.041307
718.895836	-61.891410
719.068267	-58.992707
719.240781	-62.000103
719.413377	-59.153044
719.586057	-61.361971
719.758819	-59.952742
719.931664	-60.564604
720.104593	-60.456682
720.277604	-60.075211
720.450699	-60.888658
720.623876	-59.925852
720.797137	-60.728205
720.970482	-60.078493
721.143910	-60.656635
721.317421	-60.446681
721.491016	-60.110710
721.664694	-61.017848
721.838456	-60.169288
722.012302	-60.616955
722.186231	-60.873124
722.360244	-59.845421
722.534342	-61.987943
722.708523	-59.057071
722.882788	-62.879454
723.057137	-58.869260
723.231570	-62.533953
723.406088	-59.493260
723.580689	-61.006486
723.755375	-60.841721
723.930146	-60.411422
724.105000	-61.168888
724.279940	-60.877101
724.454963	-60.577169
724.630072	-61.941929
724.805265	-59.650051
724.980543	-62.926724
725.155905	-59.477018
725.331353	-62.997158
725.506885	-59.916218
725.682503	-62.216313
725.858205	-60.523944
726.033993	-62.093130
726.209865	-60.623396
726.385823	-61.801009
726.561866	-61.270678
726.737995	-61.228686
726.914209	-61.901837
727.090508	-60.780194
727.266893	-61.951362
727.443364	-61.101815
727.619920	-61.140552
727.796562	-62.275628
727.973290	-60.037510
728.150103	-64.133679
728.327003	-59.801177
728.503988	-63.619422
728.681060	-60.681403
728.858218	-62.370380
729.035461	-61.875302
729.212791	-61.417020
729.390208	-62.683282
729.567710	-61.106521
729.745299	-62.952911
729.922975	-60.961662
730.100737	-62.947958
730.278586	-60.830581
730.456521	-62.895788
730.634543	-60.982223
730.812652	-62.031272
730.990848	-62.161411
731.169130	-61.496782
731.347500	-63.201459
731.525957	-61.641697
731.704500	-62.822148
731.883131	-62.425759
732.061850	-62.023131
732.240655	-63.463969
732.419548	-61.497610
732.598528	-64.021740
732.777596	-61.310091
732.956751	-64.701500
733.135994	-60.980183
733.315325	-64.466015
733.494744	-61.216060
733.674250	-63.315682
733.853844	-61.835829
734.033526	-62.752388
734.213296	-62.632632
734.393154	-63.015527
734.573101	-63.101467
734.753135	-63.536760
734.933258	-63.073313
735.113469	-63.377076
735.293769	-63.476109
735.474157	-63.932801
735.654633	-62.432579
735.835198	-66.033302
736.015852	-61.189680
736.196594	-67.691222
736.377426	-61.312634
736.558346	-66.427208
736.739355	-62.687347
736.920453	-64.374858
737.101640	-63.817773
737.282916	-64.028934
737.464282	-63.368500
737.645736	-64.146969
737.827280	-63.683394
738.008914	-64.759907
738.190637	-64.081781
738.372449	-65.074581
738.554351	-63.732641
738.736342	-65.617709
738.918424	-63.829017
739.100595	-65.848423
739.282855	-63.600670
739.465206	-66.828801
739.647647	-62.366495
739.830178	-68.908927
740.012799	-61.921405
740.195510	-68.777655
740.378311	-62.992495
740.561203	-66.534756
740.744185	-65.051432
740.927258	-64.941878
741.110421	-66.134217
741.293674	-64.046520
741.477018	-66.999675
741.660453	-63.015021
741.843979	-67.297393
742.027596	-63.812117
742.211303	-65.746789
742.395102	-64.996910
742.578991	-65.251422
742.762972	-65.896749
742.947044	-65.286160
743.131207	-66.783886
743.315461	-64.553855
743.499807	-67.903009
743.684244	-64.159800
743.868773	-67.288281
744.053394	-65.249948
744.238106	-65.779729
744.422910	-66.543491
744.607805	-64.388390
744.792793	-67.784938
744.977872	-63.333347
745.163044	-68.402048
745.348307	-63.074514
745.533663	-68.422341
745.719111	-63.590821
745.904651	-67.788910
746.090283	-63.718319
746.276008	-68.141665
746.461826	-63.378407
746.647735	-68.010052
746.833738	-63.351057
747.019833	-67.704156
747.206021	-63.680188
747.392302	-66.033000
747.578676	-65.118894
747.765143	-63.685070
747.951703	-66.554870
748.138356	-63.120486
748.325102	-65.800130
748.511941	-63.451415
748.698874	-64.977615
748.885900	-64.065531
749.073019	-64.094620
749.260232	-64.682151
749.447539	-63.809163
749.634939	-63.869170
749.822433	-64.292934
750.010021	-63.376218
750.197703	-63.688698
750.385479	-63.885699
750.573348	-63.003141
750.761312	-63.600387
750.949370	-62.770588
751.137523	-63.739798
751.325769	-62.057300
751.514110	-63.730361
751.702545	-62.247282
751.891075	-61.982198
752.079700	-63.373145
752.268419	-60.332359
752.457233	-64.965982
752.646142	-59.855668
752.835145	-64.004997
753.024244	-60.937224
753.213437	-61.273309
753.402726	-62.699150
753.592110	-60.234367
753.781589	-62.304969
753.971163	-60.544837
754.160833	-60.922806
754.350598	-61.422463
754.540459	-60.401895
754.730415	-60.747748
754.920467	-61.104207
755.110615	-59.340590
755.300858	-61.610511
755.491198	-59.349865
755.681633	-60.668773
755.872164	-59.929961
756.062792	-59.667380
756.253515	-59.644466
756.444335	-60.107142
756.635252	-58.397513
756.826264	-60.977909
757.017373	-58.090623
757.208579	-59.517598
757.399881	-59.038677
757.591280	-58.127127
757.782776	-59.917782
757.974368	-57.624884
758.166058	-59.514543
758.357844	-57.922424
758.549728	-58.445630
758.741708	-58.293024
758.933786	-57.689046
759.125961	-58.698425
759.318233	-57.056354
759.510603	-58.417438
759.703071	-57.463709
759.895635	-56.560316
760.088298	-59.047979
760.281058	-55.369461
760.473916	-59.580824
760.666872	-55.739531
760.859926	-57.024480
761.053078	-57.831752
761.246328	-55.240589
761.439676	-58.594406
761.633122	-55.345317
761.826667	-57.164486
762.020310	-56.294337
762.214052	-55.853946
762.407892	-56.880426
762.601831	-55.276956
762.795868	-56.771211
762.990004	-54.983304
763.184239	-56.258264
763.378573	-55.396802
763.573006	-55.377495
763.767538	-55.928723
763.962169	-54.944450
764.156900	-55.575305
764.351729	-55.222616
764.546658	-54.777340
764.741687	-55.494613
764.936815	-54.569557
765.132042	-55.107463
765.327370	-54.589483
765.522797	-54.694780
765.718324	-54.620642
765.913950	-54.402756
766.109677	-54.572789
766.305504	-54.031913
766.501431	-54.606700
766.697458	-53.675749
766.893586	-54.615471
767.089814	-53.285071
767.286142	-54.662461
767.482571	-53.184148
767.679100	-53.988079
767.875730	-53.751643
768.072461	-53.065762
768.269293	-54.064308
768.466225	-52.943635
768.663259	-53.168805
768.860393	-53.685168
769.057629	-52.434158
769.254966	-53.796597
769.452404	-52.455933
769.649944	-53.171696
769.847585	-52.719937
770.045328	-52.778089
770.243172	-52.638033
770.441118	-52.476232
770.639166	-52.808196
770.837315	-51.876942
771.035567	-53.132926
771.233920	-51.464761
771.432376	-52.894212
771.630934	-51.768684
771.829594	-51.886909
772.028356	-52.465906
772.227220	-51.128481
772.426188	-52.641837
772.625257	-51.178283
772.824430	-51.850578
773.023705	-51.576425
773.223083	-51.441033
773.422563	-51.360564
773.622147	-51.537870
773.821834	-51.224741
774.021624	-50.906407
774.221517	-51.859520
774.421513	-50.290294
774.621613	-51.581717
774.821816	-50.809906
775.022122	-50.347435
775.222532	-51.683353
775.423046	-49.880403
775.623664	-51.518572
775.824385	-50.050398
776.025211	-51.021565
776.226140	-50.163521
776.427173	-50.618416
776.628311	-50.512799
776.829553	-49.679958
777.030899	-51.353899
777.232350	-49.120868
777.433905	-50.959059
777.635564	-49.719553
777.837328	-49.727119
778.039197	-50.384359
778.241171	-49.604754
778.443250	-49.684075
778.645433	-50.288179
778.847722	-49.054328
779.050116	-50.099674
779.252615	-49.469419
779.455219	-49.157836
779.657929	-50.054637
779.860744	-48.807846
780.063665	-49.697922
780.266691	-49.097203
780.469823	-49.031177
780.673061	-49.471471
780.876405	-48.620476
781.079855	-49.524966
781.283410	-48.520650
781.487072	-49.250761
781.690840	-48.678975
781.894715	-48.814550
782.098695	-48.706261
782.302783	-48.825704
782.506976	-48.348554
782.711277	-48.816478
782.915684	-48.483026
783.120198	-48.096140
783.324818	-49.057840
783.529546	-47.652161
783.734381	-48.879146
783.939322	-47.893124
784.144372	-48.370637
784.349528	-47.902403
784.554792	-48.401965
784.760163	-47.620906
784.965642	-48.324674
785.171228	-47.686853
785.376922	-47.957365
785.582724	-47.759308
785.788634	-47.811125
785.994651	-47.655283
786.200777	-47.594002
786.407011	-47.920927
786.613353	-47.026298
786.819804	-48.118146
787.026363	-47.096059
787.233030	-47.359820
787.439806	-47.651847
787.646691	-47.079454
787.853684	-47.136314
788.060786	-47.714958
788.267997	-46.617414
788.475317	-47.263853
788.682746	-47.302724
788.890285	-46.487357
789.097932	-47.285641
789.305689	-47.008538
789.513555	-46.443010
789.721531	-47.104025
789.929617	-46.869033
790.137812	-46.173485
790.346117	-47.218945
790.554531	-46.460613
790.763056	-46.124632
790.971691	-47.211390
791.180436	-46.081946
791.389291	-46.189927
791.598256	-47.140189
791.807332	-45.616275
792.016518	-46.454011
792.225815	-46.699399
792.435222	-45.378718
792.644740	-46.835358
792.854369	-46.080481
793.064109	-45.506292
793.273960	-46.675753
793.483922	-45.785532
793.693995	-45.392135
793.904180	-46.702932
794.114475	-45.390418
794.324882	-45.598614
794.535401	-46.317385
794.746031	-45.333192
794.956774	-45.439019
795.167627	-46.222523
795.378593	-45.024711
795.589671	-45.688226
795.800861	-45.696028
796.012162	-45.101048
796.223577	-45.580889
796.435103	-45.398359
796.646742	-45.023553
796.858493	-45.664153
797.070357	-44.906284
797.282334	-45.264796
797.494423	-45.350255
797.706626	-44.760167
797.918941	-45.262679
798.131369	-45.155318
798.343911	-44.598064
798.556566	-45.294233
798.769334	-44.842452
798.982215	-44.643658
799.195210	-45.042379
799.408319	-44.778204
799.621541	-44.499145
799.834877	-44.967597
800.048327	-44.583484
800.261890	-44.436785
800.475568	-44.893505
800.689360	-44.330047
800.903266	-44.456541
801.117287	-44.733811
801.331422	-44.105146
801.545671	-44.551260
801.760036	-44.458542
801.974514	-44.041681
802.189108	-44.441459
802.403816	-44.294819
802.618640	-43.991707
802.833578	-44.192855
803.048632	-44.339357
803.263800	-43.734025
803.479085	-44.167250
803.694484	-44.102259
803.909999	-43.781070
804.125630	-43.901651
804.341376	-43.988350
804.557239	-43.808616
804.773217	-43.646806
804.989311	-43.860929
805.205521	-43.867582
805.421847	-43.301682
805.638290	-43.970305
805.854849	-43.493812
806.071524	-43.509278
806.288316	-43.517128
806.505225	-43.538277
806.722250	-43.450260
806.939393	-43.187065
807.156652	-43.650154
807.374028	-43.121449
807.591521	-43.254508
807.809132	-43.350422
808.026859	-43.066929
808.244705	-43.218775
808.462667	-43.123005
808.680748	-42.948998
808.898946	-43.235279
809.117261	-42.894040
809.335695	-42.859999
809.554246	-43.154306
809.772916	-42.782442
809.991704	-42.731214
810.210610	-43.026727
810.429634	-42.738624
810.648777	-42.577574
810.868039	-42.928334
811.087419	-42.659908
811.306918	-42.379109
811.526535	-42.970494
811.746272	-42.386123
811.966127	-42.303877
812.186102	-42.970893
812.406196	-42.109754
812.626409	-42.312313
812.846742	-42.858358
813.067194	-41.937357
813.287766	-42.293165
813.508457	-42.665640
813.729269	-41.930604
813.950200	-42.149921
814.171251	-42.450596
814.392422	-41.950082
814.613714	-42.102362
814.835126	-42.078171
815.056658	-42.098567
815.278311	-41.903431
815.500084	-41.938848
815.721978	-41.911947
815.943993	-42.010925
816.166128	-41.626901
816.388385	-41.877756
816.610762	-41.860865
816.833261	-41.673037
817.055881	-41.596108
817.278623	-41.731557
817.501486	-41.807852
817.724471	-41.325399
817.947577	-41.534224
818.170805	-41.854323
818.394155	-41.293308
818.617627	-41.188394
818.841221	-41.817110
819.064937	-41.349976
819.288775	-40.983636
819.512736	-41.550111
819.736819	-41.443017
819.961025	-40.996753
820.185354	-41.160588
820.409805	-41.376516
820.634379	-41.157332
820.859076	-40.921746
821.083897	-41.013583
821.308840	-41.397433
821.533907	-40.778522
821.759097	-40.776369
821.984411	-41.117648
822.209848	-41.088049
822.435409	-40.450466
822.661093	-40.792158
822.886902	-41.183117
823.112834	-40.541622
823.338891	-40.236583
823.565072	-41.244198
823.791377	-40.561650
824.017807	-40.143141
824.244361	-40.719306
824.471039	-40.824187
824.697843	-40.110398
824.924771	-40.299045
825.151824	-40.719041
825.379002	-40.363449
825.606306	-39.919538
825.833734	-40.505269
826.061288	-40.424416
826.288967	-39.951300
826.516772	-40.069370
826.744703	-40.406346
826.972759	-40.028026
827.200941	-39.901533
827.429249	-40.074779
827.657683	-40.142200
827.886243	-39.882109
828.114930	-39.841513
828.343743	-39.887102
828.572682	-40.144207
828.801748	-39.591668
829.030941	-39.728216
829.260260	-39.968223
829.489706	-39.829458
829.719280	-39.407159
829.948980	-39.749129
830.178808	-39.885531
830.408763	-39.519685
830.638845	-39.206408
830.869055	-40.035793
831.099393	-39.408695
831.329858	-39.271365
831.560451	-39.512912
831.791173	-39.605793
832.022022	-39.237979
832.252999	-39.259243
832.484105	-39.421620
832.715339	-39.332826
832.946702	-39.055843
833.178193	-39.380168
833.409813	-38.984219
833.641561	-39.262268
833.873439	-39.135231
834.105445	-38.877476
834.337581	-39.022475
834.569846	-39.198453
834.802241	-38.892099
835.034764	-38.618171
835.267418	-39.077540
835.500201	-39.163600
835.733114	-38.304975
835.966157	-38.822851
836.199329	-39.037702
836.432632	-38.777395
836.666065	-38.123668
836.899629	-38.894834
837.133323	-39.061920
837.367147	-38.032185
837.601102	-38.425983
837.835188	-39.013749
838.069405	-38.285773
838.303752	-38.289604
838.538231	-38.373959
838.772841	-38.711112
839.007582	-38.159903
839.242455	-38.189546
839.477459	-38.410789
839.712595	-38.374485
839.947863	-38.027899
840.183263	-38.300639
840.418794	-38.104746
840.654458	-38.180248
840.890254	-38.180670
841.126182	-37.887385
841.362242	-38.119615
841.598435	-38.146266
841.834761	-37.820635
842.071220	-37.999961
842.307811	-37.875553
842.544536	-38.095045
842.781393	-37.653151
843.018384	-37.801923
843.255508	-38.010677
843.492765	-37.736309
843.730156	-37.478451
843.967681	-37.982283
844.205339	-37.729035
844.443132	-37.451629
844.681058	-37.620952
844.919118	-37.782980
845.157313	-37.572692
845.395642	-37.283770
845.634105	-37.646813
845.872703	-37.631802
846.111436	-37.296005
846.350303	-37.364584
846.589306	-37.461485
846.828443	-37.446267
847.067716	-37.279451
847.307124	-37.220894
847.546667	-37.263480
847.786345	-37.459206
848.026160	-37.106288
848.266110	-37.034801
848.506195	-37.241720
848.746417	-37.355437
848.986775	-36.909186
849.227269	-36.937303
849.467899	-37.198536
849.708666	-37.190551
849.949569	-36.768856
850.190609	-36.812360
850.431785	-37.217062
850.673099	-36.943092
850.914549	-36.580038
851.156137	-36.937331
851.397861	-36.990801
851.639723	-36.615650
851.881723	-36.767345
852.123860	-36.801547
852.366135	-36.629497
852.608547	-36.667888
852.851098	-36.748500
853.093786	-36.543416
853.336613	-36.524981
853.579578	-36.601113
853.822681	-36.672238
854.065923	-36.415432
854.309304	-36.334553
854.552823	-36.552535
854.796481	-36.643556
855.040278	-36.206185
855.284215	-36.190201
855.528290	-36.584302
855.772505	-36.496817
856.016859	-35.991075
856.261353	-36.208954
856.505987	-36.539663
856.750760	-36.205862
856.995673	-35.958537
857.240727	-36.279097
857.485920	-36.263668
857.731254	-36.031963
857.976729	-36.059968
858.222343	-36.145032
858.468099	-36.025997
858.713995	-35.988966
858.960032	-36.047477
859.206211	-35.972790
859.452530	-35.887146
859.698991	-35.924200
859.945593	-35.980493
860.192336	-35.806900
860.439222	-35.771022
860.686248	-35.886053
860.933417	-35.850768
861.180728	-35.596563
861.428181	-35.804699
861.675776	-35.785582
861.923514	-35.575435
862.171394	-35.617212
862.419417	-35.754341
862.667582	-35.534913
862.915890	-35.543546
863.164342	-35.519337
863.412936	-35.630675
863.661674	-35.464638
863.910555	-35.334725
864.159579	-35.528622
864.408747	-35.522199
864.658059	-35.223726
864.907515	-35.318063
865.157114	-35.522429
865.406858	-35.238231
865.656746	-35.122104
865.906778	-35.417360
866.156955	-35.262025
866.407277	-35.061164
866.657743	-35.222188
866.908354	-35.217233
867.159110	-35.110699
867.410011	-35.058984
867.661057	-35.070555
867.912249	-35.172795
868.163586	-34.952590
868.415069	-34.967754
868.666697	-35.082779
868.918472	-34.987478
869.170392	-34.817250
869.422458	-34.986279
869.674671	-35.039409
869.927030	-34.709744
870.179536	-34.822757
870.432188	-35.050367
870.684987	-34.779040
870.937933	-34.637057
871.191026	-34.816996
871.444266	-34.962130
871.697653	-34.691029
871.951188	-34.519008
872.204870	-34.725457
872.458700	-34.982493
872.712677	-34.584230
872.966803	-34.328245
873.221076	-34.770477
873.475498	-34.874860
873.730068	-34.489976
873.984787	-34.297725
874.239654	-34.652604
874.494669	-34.813084
874.749834	-34.403612
875.005147	-34.293048
875.260610	-34.599736
875.516222	-34.578714
875.771983	-34.400016
876.027894	-34.399989
876.283954	-34.395271
876.540164	-34.411455
876.796524	-34.417486
877.053033	-34.405884
877.309693	-34.328651
877.566503	-34.219328
877.823464	-34.343256
878.080575	-34.462903
878.337837	-34.277465
878.595249	-34.029863
878.852813	-34.270297
879.110528	-34.450539
879.368393	-34.220195
879.626410	-33.955875
879.884579	-34.161307
880.142899	-34.346471
880.401371	-34.194456
880.659994	-33.935577
880.918770	-34.069291
881.177698	-34.228414
881.436778	-34.077422
881.696010	-33.965362
881.955395	-34.084457
882.214933	-34.015777
882.474623	-33.935525
882.734467	-34.022371
882.994463	-34.077463
883.254613	-33.869178
883.514916	-33.785497
883.775372	-33.989137
884.035982	-34.097424
884.296746	-33.769923
884.557664	-33.672931
884.818735	-33.928095
885.079961	-34.015532
885.341341	-33.735865
885.602876	-33.641354
885.864565	-33.824600
886.126409	-33.891267
886.388407	-33.656200
886.650561	-33.670304
886.912870	-33.787762
887.175334	-33.697227
887.437953	-33.570768
887.700728	-33.678986
887.963658	-33.750680
888.226745	-33.628550
888.489987	-33.441897
888.753385	-33.573484
889.016940	-33.758185
889.280651	-33.631481
889.544518	-33.327540
889.808543	-33.426153
890.072723	-33.722940
890.337061	-33.636603
890.601556	-33.263510
890.866208	-33.339319
891.131017	-33.632685
891.395984	-33.545115
891.661109	-33.235109
891.926391	-33.371870
892.191831	-33.522847
892.457429	-33.317570
892.723186	-33.260547
892.989100	-33.436934
893.255173	-33.351411
893.521405	-33.221061
893.787796	-33.208958
894.054345	-33.341268
894.321053	-33.362423
894.587921	-33.158162
894.854948	-33.090521
895.122134	-33.226967
895.389480	-33.335169
895.656986	-33.208670
895.924651	-32.940651
896.192477	-33.103841
896.460463	-33.316593
896.728609	-33.133757
896.996915	-32.949308
897.265382	-32.981294
897.534010	-33.172638
897.802799	-33.150564
898.071749	-32.856566
898.340860	-32.963662
898.610132	-33.076521
898.879566	-33.000833
899.149162	-32.867962
899.418919	-32.890440
899.688838	-33.043996
899.958919	-32.896418
900.229162	-32.726102
900.499568	-32.874977
900.770136	-33.017322
901.040867	-32.874739
901.311761	-32.539840
901.582817	-32.756965
901.854037	-33.049443
902.125420	-32.833863
902.396966	-32.507168
902.668676	-32.557411
902.940550	-32.906864
903.212587	-32.907063
903.484788	-32.547429
903.757153	-32.407351
904.029683	-32.644799
904.302377	-32.920819
904.575236	-32.605515
904.848259	-32.361843
905.121447	-32.482661
905.394800	-32.746181
905.668319	-32.589967
905.942002	-32.386290
906.215852	-32.457661
906.489866	-32.539841
906.764047	-32.497823
907.038393	-32.329580
907.312906	-32.415815
907.587584	-32.557161
907.862429	-32.342313
908.137441	-32.171521
908.412619	-32.380329
908.687964	-32.521848
908.963476	-32.298807
909.239155	-32.140418
909.515002	-32.171613
909.791015	-32.421374
910.067197	-32.367986
910.343546	-32.106112
910.620063	-32.032494
910.896748	-32.278391
911.173601	-32.367462
911.450623	-32.116512
911.727813	-31.915380
912.005171	-32.164607
912.282699	-32.385153
912.560395	-32.049331
912.838261	-31.848227
913.116296	-32.077540
913.394500	-32.296167
913.672874	-32.107660
913.951418	-31.853535
914.230131	-31.869455
914.509015	-32.159545
914.788068	-32.207577
915.067292	-31.902045
915.346687	-31.741962
915.626252	-31.979937
915.905988	-32.155779
916.185895	-31.939475
916.465973	-31.753419
916.746223	-31.869265
917.026644	-32.010241
917.307236	-31.892012
917.588000	-31.724645
917.868937	-31.822670
918.150045	-31.968518
918.431325	-31.816427
918.712778	-31.612515
918.994404	-31.685396
919.276202	-31.909835
919.558173	-31.893682
919.840317	-31.562191
920.122634	-31.457175
920.405125	-31.716439
920.687789	-31.882875
920.970627	-31.677455
921.253639	-31.430007
921.536824	-31.398349
921.820184	-31.660636
922.103718	-31.756278
922.387427	-31.507857
922.671310	-31.300982
922.955368	-31.407433
923.239601	-31.572040
923.524009	-31.524486
923.808592	-31.313415
924.093351	-31.321221
924.378285	-31.432385
924.663396	-31.357267
924.948682	-31.219038
925.234144	-31.270355
925.519782	-31.408853
925.805597	-31.330977
926.091589	-31.066522
926.377757	-31.033554
926.664102	-31.322229
926.950624	-31.393788
927.237323	-31.110891
927.524200	-30.887135
927.811255	-30.997159
928.098487	-31.266801
928.385897	-31.273984
928.673485	-30.953781
928.961251	-30.783471
929.249196	-30.998978
929.537319	-31.186438
929.825621	-31.041744
930.114102	-30.799846
930.402762	-30.845884
930.691601	-31.018526
930.980620	-30.959582
931.269818	-30.760858
931.559196	-30.776623
931.848753	-30.920678
932.138491	-30.959136
932.428409	-30.707647
932.718508	-30.521628
933.008787	-30.717599
933.299246	-31.007812
933.589887	-30.822177
933.880709	-30.440771
934.171712	-30.337211
934.462896	-30.690177
934.754262	-30.904618
935.045810	-30.642525
935.337539	-30.249809
935.629451	-30.233953
935.921545	-30.559795
936.213822	-30.687107
936.506281	-30.399663
936.798922	-30.154178
937.091747	-30.190748
937.384755	-30.372599
937.677946	-30.326243
937.971321	-30.165672
938.264879	-30.115944
938.558621	-30.191048
938.852547	-30.125268
939.146657	-29.949539
939.440952	-29.935984
939.735431	-30.098222
940.030095	-30.152936
940.324943	-29.908124
940.619977	-29.652512
940.915196	-29.730502
941.210600	-30.013407
941.506189	-30.090317
941.801965	-29.752568
942.097926	-29.468827
942.394074	-29.564088
942.690407	-29.888488
942.986927	-29.946452
943.283634	-29.647765
943.580527	-29.408839
943.877608	-29.487963
944.174875	-29.713011
944.472330	-29.725331
944.769972	-29.549780
945.067802	-29.431407
945.365820	-29.501598
945.664026	-29.531349
945.962420	-29.456135
946.261002	-29.405538
946.559773	-29.494236
946.858733	-29.536261
947.157881	-29.399714
947.457219	-29.187921
947.756746	-29.242781
948.056462	-29.485979
948.356368	-29.551772
948.656464	-29.280543
948.956749	-29.038314
949.257225	-29.085115
949.557891	-29.357252
949.858748	-29.456075
950.159796	-29.234549
950.461034	-28.960617
950.762463	-28.957959
951.064084	-29.188067
951.365896	-29.280918
951.667900	-29.094925
951.970095	-28.948518
952.272483	-28.960353
952.575063	-29.001599
952.877835	-28.987202
953.180799	-28.947200
953.483956	-28.929091
953.787307	-28.954881
954.090850	-28.892251
954.394586	-28.740755
954.698516	-28.701319
955.002640	-28.855143
955.306957	-28.941929
955.611469	-28.799409
955.916174	-28.567493
956.221074	-28.500419
956.526169	-28.679153
956.831458	-28.849509
957.136942	-28.701119
957.442622	-28.441295
957.748496	-28.384174
958.054567	-28.499938
958.360833	-28.617370
958.667294	-28.545279
958.973952	-28.356827
959.280806	-28.291616
959.587857	-28.361183
959.895104	-28.361709
960.202548	-28.290308
960.510189	-28.227919
960.818027	-28.219521
961.126062	-28.220210
961.434295	-28.154140
961.742726	-28.042406
962.051355	-27.998336
962.360182	-28.071858
962.669207	-28.111986
962.978431	-27.997094
963.287854	-27.820259
963.597475	-27.754390
963.907296	-27.844375
964.217315	-27.968941
964.527535	-27.869845
964.837954	-27.632923
965.148573	-27.542011
965.459392	-27.649101
965.770411	-27.745195
966.081630	-27.674311
966.393051	-27.498381
966.704672	-27.426068
967.016494	-27.463595
967.328517	-27.502256
967.640742	-27.440423
967.953169	-27.358861
968.265797	-27.330060
968.578627	-27.336697
968.891660	-27.303573
969.204895	-27.223047
969.518332	-27.151910
969.831972	-27.212599
970.145816	-27.258898
970.459862	-27.179589
970.774112	-27.020376
971.088565	-26.952914
971.403223	-27.056599
971.718084	-27.161949
972.033149	-27.076011
972.348419	-26.899197
972.663893	-26.787734
972.979572	-26.879417
973.295456	-27.017563
973.611546	-26.968508
973.927840	-26.800911
974.244340	-26.682229
974.561046	-26.739852
974.877958	-26.836278
975.195076	-26.823405
975.512401	-26.697454
975.829932	-26.598004
976.147670	-26.636825
976.465615	-26.696388
976.783767	-26.648324
977.102126	-26.546333
977.420693	-26.508328
977.739468	-26.556509
978.058451	-26.578233
978.377642	-26.503405
978.697041	-26.383388
979.016649	-26.371688
979.336466	-26.448436
979.656492	-26.489508
979.976727	-26.392333
980.297171	-26.241561
980.617825	-26.213301
980.938689	-26.307295
981.259763	-26.383576
981.581048	-26.295665
981.902542	-26.137436
982.224248	-26.065844
982.546164	-26.155494
982.868291	-26.242894
983.190630	-26.186670
983.513180	-26.030859
983.835942	-25.956410
984.158916	-26.017699
984.482101	-26.091084
984.805500	-26.031136
985.129110	-25.902487
985.452934	-25.856028
985.776970	-25.911057
986.101220	-25.935067
986.425683	-25.852949
986.750359	-25.754464
987.075250	-25.733275
987.400354	-25.786755
987.725673	-25.793388
988.051206	-25.703511
988.376954	-25.585933
988.702916	-25.565829
989.029094	-25.631774
989.355487	-25.668483
989.682095	-25.564915
990.008919	-25.420135
990.335959	-25.381073
990.663216	-25.463399
990.990688	-25.512285
991.318377	-25.423624
991.646283	-25.273512
991.974406	-25.221095
992.302746	-25.276065
992.631304	-25.330163
992.960079	-25.268947
993.289072	-25.135514
993.618283	-25.063494
993.947713	-25.101722
994.277361	-25.142412
994.607227	-25.086274
994.937313	-24.971090
995.267618	-24.909615
995.598142	-24.938365
995.928886	-24.955143
996.259849	-24.895369
996.591033	-24.786559
996.922437	-24.748583
997.254061	-24.772221
997.585906	-24.788439
997.917972	-24.716393
998.250260	-24.612212
998.582768	-24.573558
998.915498	-24.612343
999.248450	-24.632589
999.581624	-24.559078
999.915020	-24.455430
1000.248639	-24.412737
1000.582480	-24.454864
1000.916545	-24.477845
1001.250832	-24.417288
1001.585343	-24.322387
1001.920077	-24.274862
1002.255035	-24.302239
1002.590218	-24.334056
1002.925624	-24.285904
1003.261255	-24.199884
1003.597111	-24.153889
1003.933192	-24.177362
1004.269497	-24.202246
1004.606029	-24.166943
1004.942785	-24.082848
1005.279768	-24.046547
1005.616977	-24.071827
1005.954412	-24.096790
1006.292074	-24.062697
1006.629962	-23.973580
1006.968077	-23.943855
1007.306420	-23.980093
1007.644990	-24.016918
1007.983787	-23.963755
1008.322813	-23.875208
1008.662067	-23.846958
1009.001549	-23.898923
1009.341259	-23.925440
1009.681199	-23.872748
1010.021367	-23.789119
1010.361765	-23.756957
1010.702392	-23.793588
1011.043250	-23.824699
1011.384337	-23.782815
1011.725654	-23.696616
1012.067202	-23.650238
1012.408980	-23.674723
1012.750989	-23.713315
1013.093230	-23.669328
1013.435702	-23.580509
1013.778405	-23.526818
1014.121341	-23.553148
1014.464508	-23.572410
1014.807908	-23.534284
1015.151540	-23.445276
1015.495405	-23.395892
1015.839503	-23.408132
1016.183835	-23.424009
1016.528400	-23.386855
1016.873198	-23.301356
1017.218231	-23.248550
1017.563498	-23.257029
1017.908999	-23.273591
1018.254735	-23.233844
1018.600707	-23.150830
1018.946913	-23.094789
1019.293354	-23.106274
1019.640032	-23.114967
1019.986945	-23.077862
1020.334094	-22.996023
1020.681480	-22.943330
1021.029102	-22.942794
1021.376961	-22.954037
1021.725058	-22.917366
1022.073391	-22.833724
1022.421962	-22.783680
1022.770772	-22.781330
1023.119819	-22.786578
1023.469104	-22.747402
1023.818628	-22.671655
1024.168391	-22.621433
1024.518393	-22.619642
1024.868634	-22.623422
1025.219115	-22.582086
1025.569836	-22.512597
1025.920796	-22.468167
1026.271997	-22.468137
1026.623438	-22.475616
1026.975121	-22.434906
1027.327044	-22.370191
1027.679208	-22.336072
1028.031614	-22.338954
1028.384262	-22.351074
1028.737152	-22.317757
1029.090284	-22.260694
1029.443659	-22.231639
1029.797276	-22.239105
1030.151137	-22.260373
1030.505240	-22.233523
1030.859587	-22.186384
1031.214178	-22.161578
1031.569013	-22.175648
1031.924093	-22.198047
1032.279417	-22.182935
1032.634985	-22.145044
1032.990799	-22.126667
1033.346858	-22.141312
1033.703162	-22.165107
1034.059712	-22.157765
1034.416509	-22.126911
1034.773551	-22.117697
1035.130841	-22.129003
1035.488377	-22.151791
1035.846160	-22.143466
1036.204190	-22.123704
1036.562468	-22.114266
1036.920994	-22.124467
1037.279768	-22.142577
1037.638790	-22.131396
1037.998061	-22.109491
1038.357581	-22.098297
1038.717350	-22.111365
1039.077368	-22.116813
1039.437636	-22.095311
1039.798154	-22.067529
1040.158922	-22.055251
1040.519940	-22.055158
1040.881209	-22.051765
1041.242729	-22.020750
1041.604501	-21.978681
1041.966524	-21.953076
1042.328798	-21.945681
1042.691325	-21.929199
1043.054103	-21.880535
1043.417135	-21.829650
1043.780419	-21.789703
1044.143956	-21.763645
1044.507746	-21.736578
1044.871791	-21.680669
1045.236088	-21.613823
1045.600641	-21.561215
1045.965447	-21.524924
1046.330508	-21.487499
1046.695824	-21.422177
1047.061395	-21.353086
1047.427222	-21.293977
1047.793304	-21.248468
1048.159642	-21.208077
1048.526237	-21.143604
1048.893088	-21.072880
1049.260196	-21.018214
1049.627561	-20.973923
1049.995183	-20.934401
1050.363063	-20.874031
1050.731201	-20.812504
1051.099597	-20.766449
1051.468251	-20.730089
1051.837164	-20.696766
1052.206336	-20.645993
1052.575767	-20.596351
1052.945458	-20.561745
1053.315409	-20.539346
1053.685619	-20.513422
1054.056090	-20.477518
1054.426821	-20.437048
1054.797814	-20.418196
1055.169067	-20.407039
1055.540582	-20.393648
1055.912359	-20.368233
1056.284398	-20.338986
1056.656698	-20.331331
1057.029262	-20.331732
1057.402088	-20.328029
1057.775177	-20.309121
1058.148530	-20.289971
1058.522146	-20.287722
1058.896027	-20.297192
1059.270171	-20.295036
1059.644580	-20.281165
1060.019254	-20.265480
1060.394193	-20.265915
1060.769397	-20.275691
1061.144867	-20.270793
1061.520602	-20.258801
1061.896604	-20.239568
1062.272872	-20.240089
1062.649407	-20.245895
1063.026210	-20.234629
1063.403279	-20.219166
1063.780616	-20.197552
1064.158221	-20.193838
1064.536094	-20.195846
1064.914235	-20.176710
1065.292645	-20.154280
1065.671325	-20.134717
1066.050273	-20.125354
1066.429491	-20.121045
1066.808979	-20.099436
1067.188738	-20.068132
1067.568766	-20.051159
1067.949066	-20.040851
1068.329636	-20.026125
1068.710478	-20.006821
1069.091592	-19.968323
1069.472977	-19.951811
1069.854635	-19.942183
1070.236565	-19.921396
1070.618768	-19.898417
1071.001243	-19.859187
1071.383993	-19.843761
1071.767016	-19.829490
1072.150313	-19.810311
1072.533884	-19.779096
1072.917730	-19.743332
1073.301850	-19.727887
1073.686246	-19.710722
1074.070917	-19.689637
1074.455864	-19.655631
1074.841087	-19.623858
1075.226586	-19.603483
1075.612362	-19.591892
1075.998415	-19.563608
1076.384745	-19.528421
1076.771353	-19.503320
1077.158238	-19.480167
1077.545401	-19.466692
1077.932843	-19.439117
1078.320564	-19.401906
1078.708564	-19.378043
1079.096842	-19.359536
1079.485401	-19.339753
1079.874240	-19.311291
1080.263358	-19.275787
1080.652757	-19.252367
1081.042438	-19.233948
1081.432399	-19.212088
1081.822641	-19.180776
1082.213166	-19.145562
1082.603972	-19.125231
1082.995061	-19.106000
1083.386433	-19.079059
1083.778087	-19.048598
1084.170025	-19.016326
1084.562246	-18.993215
1084.954751	-18.979077
1085.347541	-18.948008
1085.740615	-18.914589
1086.133973	-18.892739
1086.527617	-18.868191
1086.921546	-18.850692
1087.315761	-18.827421
1087.710262	-18.791669
1088.105050	-18.771346
1088.500124	-18.760713
1088.895485	-18.731945
1089.291134	-18.711334
1089.687070	-18.691427
1090.083294	-18.662509
1090.479806	-18.653794
1090.876607	-18.637542
1091.273696	-18.605937
1091.671075	-18.590221
1092.068744	-18.575106
1092.466702	-18.553186
1092.864950	-18.538827
1093.263489	-18.514608
1093.662319	-18.490364
1094.061440	-18.481572
1094.460852	-18.457436
1094.860555	-18.432665
1095.260551	-18.415725
1095.660840	-18.393300
1096.061421	-18.371393
1096.462295	-18.351733
1096.863462	-18.326604
1097.264923	-18.302802
1097.666678	-18.281952
1098.068727	-18.258979
1098.471071	-18.237201
1098.873710	-18.209651
1099.276644	-18.185013
1099.679874	-18.167178
1100.083400	-18.141260
1100.487222	-18.117886
1100.891340	-18.093231
1101.295756	-18.066862
1101.700468	-18.050513
1102.105478	-18.029295
1102.510787	-17.997057
1102.916393	-17.977126
1103.322298	-17.960344
1103.728502	-17.933174
1104.135005	-17.912469
1104.541807	-17.889157
1104.948909	-17.863013
1105.356312	-17.846814
1105.764015	-17.823407
1106.172019	-17.794702
1106.580324	-17.775318
1106.988931	-17.751453
1107.397840	-17.725814
1107.807051	-17.706700
1108.216564	-17.680297
1108.626380	-17.648736
1109.036500	-17.627992
1109.446923	-17.608251
1109.857649	-17.581961
1110.268680	-17.551633
1110.680016	-17.521165
1111.091657	-17.502077
1111.503602	-17.484118
1111.915854	-17.453801
1112.328411	-17.422023
1112.741275	-17.397029
1113.154445	-17.378734
1113.567922	-17.361853
1113.981706	-17.333706
1114.395798	-17.301156
1114.810198	-17.285211
1115.224906	-17.269682
1115.639923	-17.249231
1116.055249	-17.231795
1116.470884	-17.204868
1116.886829	-17.185291
1117.303084	-17.180508
1117.719650	-17.166387
1118.136526	-17.142246
1118.553713	-17.128205
1118.971212	-17.115859
1119.389022	-17.103884
1119.807145	-17.097994
1120.225580	-17.079157
1120.644328	-17.060447
1121.063389	-17.055971
1121.482763	-17.046553
1121.902452	-17.030383
1122.322454	-17.018037
1122.742771	-17.004555
1123.163404	-16.991019
1123.584351	-16.980515
1124.005614	-16.965304
1124.427193	-16.948642
1124.849089	-16.935591
1125.271301	-16.916288
1125.693830	-16.900340
1126.116677	-16.888043
1126.539842	-16.865911
1126.963324	-16.844130
1127.387126	-16.826868
1127.811246	-16.808257
1128.235685	-16.789939
1128.660444	-16.766557
1129.085522	-16.736713
1129.510922	-16.721061
1129.936641	-16.710492
1130.362682	-16.677377
1130.789044	-16.645613
1131.215728	-16.633328
1131.642734	-16.619751
1132.070063	-16.594411
1132.497714	-16.563817
1132.925689	-16.539943
1133.353987	-16.532901
1133.782610	-16.523682
1134.211556	-16.487772
1134.640827	-16.457167
1135.070424	-16.458190
1135.500345	-16.455440
1135.930593	-16.426543
1136.361166	-16.396521
1136.792067	-16.388682
1137.223294	-16.394430
1137.654848	-16.382575
1138.086730	-16.348961
1138.518940	-16.332805
1138.951479	-16.344702
1139.384346	-16.341986
1139.817543	-16.312506
1140.251069	-16.294755
1140.684925	-16.298182
1141.119111	-16.299780
1141.553628	-16.285390
1141.988475	-16.260561
1142.423655	-16.251402
1142.859166	-16.259863
1143.295009	-16.249261
1143.731185	-16.219857
1144.167694	-16.208164
1144.604536	-16.209368
1145.041711	-16.195713
1145.479221	-16.173778
1145.917065	-16.155322
1146.355245	-16.141526
1146.793759	-16.132000
1147.232609	-16.112968
1147.671795	-16.083338
1148.111317	-16.066427
1148.551177	-16.055876
1148.991373	-16.030610
1149.431907	-16.002649
1149.872779	-15.983811
1150.313989	-15.962910
1150.755538	-15.939208
1151.197426	-15.916531
1151.639653	-15.889219
1152.082220	-15.865009
1152.525128	-15.847378
1152.968376	-15.821360
1153.411966	-15.791855
1153.855897	-15.772492
1154.300169	-15.751574
1154.744784	-15.724889
1155.189742	-15.702853
1155.635042	-15.681674
1156.080687	-15.657417
1156.526674	-15.638175
1156.973007	-15.619002
1157.419683	-15.594126
1157.866705	-15.574711
1158.314072	-15.559608
1158.761786	-15.538225
1159.209845	-15.518008
1159.658251	-15.502800
1160.107004	-15.484266
1160.556104	-15.467141
1161.005553	-15.452980
1161.455349	-15.433898
1161.905494	-15.416704
1162.355989	-15.406437
1162.806832	-15.390433
1163.258026	-15.370600
1163.709570	-15.358703
1164.161464	-15.347995
1164.613710	-15.329874
1165.066307	-15.314846
1165.519256	-15.302991
1165.972558	-15.288221
1166.426212	-15.274346
1166.880219	-15.260867
1167.334580	-15.244064
1167.789295	-15.230952
1168.244364	-15.220003
1168.699788	-15.202292
1169.155567	-15.184618
1169.611702	-15.174851
1170.068193	-15.160281
1170.525041	-15.140138
1170.982245	-15.126115
1171.439807	-15.113458
1171.897726	-15.094681
1172.356004	-15.077900
1172.814640	-15.063369
1173.273635	-15.044582
1173.732989	-15.027925
1174.192703	-15.013341
1174.652778	-14.992146
1175.113213	-14.973579
1175.574009	-14.960342
1176.035167	-14.940765
1176.496687	-14.917408
1176.958569	-14.902709
1177.420814	-14.887226
1177.883422	-14.863077
1178.346394	-14.843695
1178.809730	-14.829241
1179.273430	-14.808305
1179.737496	-14.787117
1180.201927	-14.769568
1180.666723	-14.750545
1181.131886	-14.731295
1181.597416	-14.712411
1182.063312	-14.691901
1182.529576	-14.673284
1182.996209	-14.657052
1183.463209	-14.636593
1183.930579	-14.614669
1184.398317	-14.600439
1184.866426	-14.584166
1185.334904	-14.560271
1185.803754	-14.542820
1186.272974	-14.531024
1186.742566	-14.510617
1187.212529	-14.488476
1187.682865	-14.476144
1188.153574	-14.461857
1188.624656	-14.439663
1189.096112	-14.423061
1189.567942	-14.411322
1190.040147	-14.393486
1190.512726	-14.374694
1190.985681	-14.361069
1191.459012	-14.346381
1191.932720	-14.329417
1192.406804	-14.314330
1192.881265	-14.299090
1193.356104	-14.283750
1193.831322	-14.270244
1194.306918	-14.254562
1194.782893	-14.237680
1195.259248	-14.225604
1195.735982	-14.212761
1196.213097	-14.193989
1196.690593	-14.179499
1197.168471	-14.170252
1197.646730	-14.153497
1198.125371	-14.135146
1198.604395	-14.125121
1199.083803	-14.113223
1199.563594	-14.094217
1200.043769	-14.079645
1200.524329	-14.070518
1201.005273	-14.054949
1201.486604	-14.036930
1201.968320	-14.026348
1202.450422	-14.014453
1202.932912	-13.996715
1203.415789	-13.983000
1203.899054	-13.972507
1204.382707	-13.956814
1204.866748	-13.941659
1205.351179	-13.930339
1205.836000	-13.916709
1206.321211	-13.901077
1206.806812	-13.888853
1207.292805	-13.876739
1207.779189	-13.861201
1208.265965	-13.847839
1208.753134	-13.836595
1209.240696	-13.822264
1209.728651	-13.807399
1210.217000	-13.796344
1210.705744	-13.783337
1211.194883	-13.768520
1211.684417	-13.756006
1212.174347	-13.744182
1212.664673	-13.730107
1213.155396	-13.716806
1213.646516	-13.704985
1214.138034	-13.691719
1214.629951	-13.678191
1215.122266	-13.666440
1215.614980	-13.653885
1216.108095	-13.639743
1216.601609	-13.628468
1217.095524	-13.616948
1217.589841	-13.602716
1218.084559	-13.590372
1218.579679	-13.580503
1219.075202	-13.567460
1219.571128	-13.553772
1220.067458	-13.543545
1220.564191	-13.533460
1221.061330	-13.519668
1221.558874	-13.507621
1222.056823	-13.499108
1222.555178	-13.487839
1223.053940	-13.474236
1223.553109	-13.465035
1224.052686	-13.456408
1224.552671	-13.443818
1225.053065	-13.432784
1225.553867	-13.425336
1226.055079	-13.414975
1226.556702	-13.403200
1227.058735	-13.394778
1227.561179	-13.387003
1228.064035	-13.375603
1228.567303	-13.365827
1229.070983	-13.358845
1229.575077	-13.349464
1230.079585	-13.338581
1230.584506	-13.330544
1231.089842	-13.323387
1231.595594	-13.312724
1232.101761	-13.302713
1232.608345	-13.296001
1233.115345	-13.287090
1233.622762	-13.275965
1234.130597	-13.267293
1234.638851	-13.259986
1235.147523	-13.249320
1235.656615	-13.238264
1236.166126	-13.230444
1236.676058	-13.221469
1237.186411	-13.209089
1237.697185	-13.198825
1238.208381	-13.190812
1238.719999	-13.179168
1239.232040	-13.166077
1239.744505	-13.156925
1240.257394	-13.147152
1240.770708	-13.132997
1241.284446	-13.120719
1241.798610	-13.111846
1242.313201	-13.098956
1242.828218	-13.084117
1243.343662	-13.073388
1243.859534	-13.062719
1244.375834	-13.047401
1244.892563	-13.033862
1245.409721	-13.023543
1245.927309	-13.009808
1246.445327	-12.994266
1246.963777	-12.982537
1247.482657	-12.970700
1248.001970	-12.954644
1248.521716	-12.940747
1249.041894	-12.929736
1249.562506	-12.915020
1250.083553	-12.898872
1250.605034	-12.886933
1251.126950	-12.874485
1251.649302	-12.857874
1252.172091	-12.843108
1252.695316	-12.831555
1253.218979	-12.816849
1253.743079	-12.800053
1254.267619	-12.786273
1254.792597	-12.773534
1255.318015	-12.757367
1255.843874	-12.740802
1256.370173	-12.727172
1256.896913	-12.712672
1257.424095	-12.695506
1257.951720	-12.679280
1258.479787	-12.664835
1259.008298	-12.648550
1259.537254	-12.630480
1260.066654	-12.614636
1260.596499	-12.599014
1261.126790	-12.580376
1261.657527	-12.562590
1262.188711	-12.546833
1262.720342	-12.528964
1263.252422	-12.509207
1263.784950	-12.491966
1264.317928	-12.475531
1264.851355	-12.455443
1265.385232	-12.435662
1265.919560	-12.419209
1266.454340	-12.400849
1266.989572	-12.379772
1267.525256	-12.361266
1268.061394	-12.344192
1268.597985	-12.324462
1269.135031	-12.304003
1269.672531	-12.286346
1270.210487	-12.268583
1270.748899	-12.248264
1271.287768	-12.229043
1271.827094	-12.212224
1272.366877	-12.193811
1272.907119	-12.173416
1273.447820	-12.156247
1273.988981	-12.140189
1274.530601	-12.120417
1275.072683	-12.101744
1275.615226	-12.086652
1276.158230	-12.069820
1276.701697	-12.050218
1277.245627	-12.033963
1277.790021	-12.019592
1278.334879	-12.001991
1278.880202	-11.984148
1279.425991	-11.969590
1279.972245	-11.955007
1280.518966	-11.937877
1281.066155	-11.921905
1281.613811	-11.908451
1282.161936	-11.893596
1282.710529	-11.877314
1283.259593	-11.863384
1283.809126	-11.850803
1284.359131	-11.835258
1284.909607	-11.820596
1285.460555	-11.809379
1286.011976	-11.795917
1286.563870	-11.780666
1287.116237	-11.769109
1287.669080	-11.758370
1288.222397	-11.744397
1288.776191	-11.731433
1289.330460	-11.721369
1289.885207	-11.710701
1290.440431	-11.697937
1290.996133	-11.686628
1291.552314	-11.677859
1292.108975	-11.667643
1292.666115	-11.656005
1293.223737	-11.646857
1293.781839	-11.638959
1294.340424	-11.628697
1294.899491	-11.619178
1295.459041	-11.612153
1296.019075	-11.603791
1296.579593	-11.594475
1297.140597	-11.587577
1297.702086	-11.580999
1298.264061	-11.572569
1298.826524	-11.565072
1299.389474	-11.559201
1299.952912	-11.553080
1300.516839	-11.545224
1301.081255	-11.538481
1301.646162	-11.533960
1302.211559	-11.527654
1302.777448	-11.520104
1303.343829	-11.514972
1303.910702	-11.510454
1304.478069	-11.503708
1305.045930	-11.497668
1305.614285	-11.493344
1306.183136	-11.487844
1306.752483	-11.481989
1307.322326	-11.477204
1307.892666	-11.472566
1308.463504	-11.467219
1309.034841	-11.461973
1309.606677	-11.458141
1310.179012	-11.453706
1310.751849	-11.448004
1311.325186	-11.443943
1311.899025	-11.441135
1312.473366	-11.436110
1313.048211	-11.431053
1313.623559	-11.428481
1314.199412	-11.425491
1314.775770	-11.420474
1315.352634	-11.416945
1315.930004	-11.414645
1316.507881	-11.411476
1317.086266	-11.407437
1317.665159	-11.404538
1318.244562	-11.402712
1318.824474	-11.399241
1319.404897	-11.395878
1319.985831	-11.394408
1320.567276	-11.391568
1321.149234	-11.388223
1321.731706	-11.386503
1322.314691	-11.384508
1322.898190	-11.381421
1323.482205	-11.378818
1324.066736	-11.377338
1324.651783	-11.375355
1325.237347	-11.372192
1325.823430	-11.369873
1326.410031	-11.369087
1326.997151	-11.366559
1327.584791	-11.363350
1328.172952	-11.362324
1328.761634	-11.360813
1329.350839	-11.357952
1329.940566	-11.356227
1330.530817	-11.354592
1331.121592	-11.352836
1331.712891	-11.350732
1332.304716	-11.348753
1332.897068	-11.347621
1333.489946	-11.345395
1334.083352	-11.343270
1334.677287	-11.342232
1335.271750	-11.340141
1335.866744	-11.337659
1336.462268	-11.336442
1337.058323	-11.334377
1337.654910	-11.332355
1338.252029	-11.330061
1338.849682	-11.327911
1339.447869	-11.326310
1340.046591	-11.323705
1340.645848	-11.320744
1341.245641	-11.318915
1341.845972	-11.316682
1342.446840	-11.313418
1343.048246	-11.310578
1343.650191	-11.308249
1344.252677	-11.305575
1344.855702	-11.301674
1345.459269	-11.298728
1346.063379	-11.296565
1346.668030	-11.292225
1347.273226	-11.288453
1347.878965	-11.286340
1348.485250	-11.282155
1349.092080	-11.277503
1349.699456	-11.274907
1350.307380	-11.271285
1350.915851	-11.266378
1351.524871	-11.262129
1352.134441	-11.259560
1352.744560	-11.254683
1353.355231	-11.249207
1353.966453	-11.246447
1354.578227	-11.242398
1355.190555	-11.236239
1355.803436	-11.232595
1356.416872	-11.229212
1357.030863	-11.223231
1357.645411	-11.218375
1358.260515	-11.215317
1358.876177	-11.210379
1359.492397	-11.204085
1360.109176	-11.200935
1360.726516	-11.197454
1361.344416	-11.190629
1361.962877	-11.186249
1362.581901	-11.183944
1363.201487	-11.178124
1363.821637	-11.172335
1364.442352	-11.169504
1365.063632	-11.166027
1365.685478	-11.159671
1366.307891	-11.155354
1366.930871	-11.153464
1367.554420	-11.148064
1368.178538	-11.142583
1368.803226	-11.140750
1369.428485	-11.136926
1370.054315	-11.131586
1370.680717	-11.128628
1371.307693	-11.126508
1371.935242	-11.122159
1372.563366	-11.117834
1373.192065	-11.117216
1373.821341	-11.114117
1374.451193	-11.109508
1375.081623	-11.108808
1375.712632	-11.107779
1376.344221	-11.104026
1376.976389	-11.102169
1377.609139	-11.102747
1378.242470	-11.101532
1378.876384	-11.098477
1379.510881	-11.099519
1380.145963	-11.100933
1380.781629	-11.098795
1381.417881	-11.099152
1382.054720	-11.101886
1382.692147	-11.102561
1383.330161	-11.102882
1383.968765	-11.105230
1384.607959	-11.108909
1385.247743	-11.110252
1385.888119	-11.112820
1386.529087	-11.117345
1387.170648	-11.120745
1387.812804	-11.124705
1388.455554	-11.129136
1389.098899	-11.134321
1389.742842	-11.140005
1390.387381	-11.145118
1391.032519	-11.151570
1391.678256	-11.158301
1392.324592	-11.165221
1392.971529	-11.172447
1393.619068	-11.180127
1394.267208	-11.189082
1394.915952	-11.196859
1395.565300	-11.205598
1396.215253	-11.216129
1396.865812	-11.225098
1397.516977	-11.234720
1398.168749	-11.245929
1398.821130	-11.257282
1399.474120	-11.267614
1400.127719	-11.279132
1400.781930	-11.292653
1401.436752	-11.304004
1402.092186	-11.316365
1402.748234	-11.330738
1403.404897	-11.343481
1404.062174	-11.357017
1404.720067	-11.371692
1405.378577	-11.386103
1406.037705	-11.400036
1406.697451	-11.415650
1407.357817	-11.431555
1408.018803	-11.445662
1408.680410	-11.462393
1409.342639	-11.479131
1410.005492	-11.494448
1410.668968	-11.511619
1411.333068	-11.528841
1411.997795	-11.545675
1412.663147	-11.562865
1413.329127	-11.581020
1413.995736	-11.598176
1414.662973	-11.615792
1415.330840	-11.634810
1415.999339	-11.651775
1416.668469	-11.670067
1417.338232	-11.689183
1418.008628	-11.706757
1418.679659	-11.725340
1419.351325	-11.744391
1420.023628	-11.762932
1420.696568	-11.781395
1421.370145	-11.800767
1422.044362	-11.819646
1422.719219	-11.837969
1423.394717	-11.857751
1424.070856	-11.875766
1424.747638	-11.894672
1425.425064	-11.913455
1426.103134	-11.931285
1426.781850	-11.949662
1427.461212	-11.967731
1428.141221	-11.985373
1428.821878	-12.002774
1429.503185	-12.020862
1430.185141	-12.038082
1430.867749	-12.055251
1431.551008	-12.073380
1432.234920	-12.090296
1432.919486	-12.107863
1433.604707	-12.125453
1434.290583	-12.142431
1434.977116	-12.159788
1435.664307	-12.176555
1436.352156	-12.193223
1437.040664	-12.209272
1437.729833	-12.225433
1438.419663	-12.240221
1439.110156	-12.255533
1439.801312	-12.269996
1440.493132	-12.283625
1441.185617	-12.298278
1441.878768	-12.311665
1442.572586	-12.325407
1443.267072	-12.340131
1443.962228	-12.353949
1444.658053	-12.369256
1445.354549	-12.384851
1446.051717	-12.401086
1446.749558	-12.417680
1447.448073	-12.435936
1448.147263	-12.453233
1448.847128	-12.472252
1449.547671	-12.491038
1450.248891	-12.509362
1450.950789	-12.528804
1451.653368	-12.546640
1452.356627	-12.564945
1453.060568	-12.582787
1453.765192	-12.599454
1454.470500	-12.616837
1455.176492	-12.633206
1455.883170	-12.649859
1456.590534	-12.667208
1457.298586	-12.685129
1458.007327	-12.703831
1458.716758	-12.725623
1459.426880	-12.747754
1460.137693	-12.773829
1460.849199	-12.802806
1461.561398	-12.833822
1462.274293	-12.870008
1462.987883	-12.908529
1463.702170	-12.950488
1464.417155	-12.996746
1465.132838	-13.044580
1465.849222	-13.095808
1466.566306	-13.149066
1467.284093	-13.203039
1468.002582	-13.258882
1468.721775	-13.314621
1469.441674	-13.369910
1470.162278	-13.426038
1470.883590	-13.479755
1471.605609	-13.534384
1472.328338	-13.587412
1473.051777	-13.640151
1473.775928	-13.694046
1474.500790	-13.747375
1475.226367	-13.803968
1475.952657	-13.862785
1476.679663	-13.925400
1477.407386	-13.994720
1478.135826	-14.069297
1478.864985	-14.153418
1479.594863	-14.246572
1480.325463	-14.350023
1481.056784	-14.466375
1481.788828	-14.593998
1482.521597	-14.735343
1483.255090	-14.889918
1483.989309	-15.056424
1484.724256	-15.236710
1485.459931	-15.426591
1486.196336	-15.627893
1486.933471	-15.836572
1487.671337	-16.051748
1488.409937	-16.271786
1489.149270	-16.492232
1489.889337	-16.714371
1490.630141	-16.931304
1491.371682	-17.145566
1492.113961	-17.351705
1492.856979	-17.549673
1493.600738	-17.739640
1494.345238	-17.917380
1495.090481	-18.088243
1495.836467	-18.247403
1496.583198	-18.399756
1497.330675	-18.545636
1498.078899	-18.684596
1498.827872	-18.822516
1499.577593	-18.955532
1500.328065	-19.088707
1501.079289	-19.220186
1501.831265	-19.347969
1502.583995	-19.474087
1503.337480	-19.589903
1504.091721	-19.697380
1504.846719	-19.787411
1505.602475	-19.857260
1506.358991	-19.903856
1507.116268	-19.919645
1507.874306	-19.909832
1508.633108	-19.867592
1509.392673	-19.802853
1510.153004	-19.715326
1510.914101	-19.613917
1511.675965	-19.505478
1512.438599	-19.394512
1513.202002	-19.289745
1513.966176	-19.191458
1514.731122	-19.103160
1515.496842	-19.021430
1516.263336	-18.939241
1517.030607	-18.847878
1517.798654	-18.728244
1518.567479	-18.564674
1519.337083	-18.331606
1520.107468	-18.012841
1520.878634	-17.591701
1521.650584	-17.066791
1522.423317	-16.443882
1523.196836	-15.740836
1523.971141	-14.979126
1524.746233	-14.181932
1525.522115	-13.370196
1526.298786	-12.560593
1527.076249	-11.766373
1527.854504	-10.996048
1528.633553	-10.256144
1529.413397	-9.549726
1530.194037	-8.879476
1530.975474	-8.245725
1531.757709	-7.649485
1532.540745	-7.090227
1533.324581	-6.568562
1534.109220	-6.084139
1534.894662	-5.637741
1535.680909	-5.229607
1536.467961	-4.860847
1537.255821	-4.532206
1538.044489	-4.244967
1538.833967	-4.000103
1539.624256	-3.798765
1540.415357	-3.641768
1541.207271	-3.529872
1542.000000	-3.463423
1542.793545	-3.442612
1543.587907	-3.467161
1544.383087	-3.536660
1545.179088	-3.650244
1545.975909	-3.806942
1546.773552	-4.005558
1547.572019	-4.244706
1548.371311	-4.523162
1549.171428	-4.839401
1549.972373	-5.192542
1550.774147	-5.581264
1551.576751	-6.005374
1552.380185	-6.464169
1553.184453	-6.958539
1553.989554	-7.488746
1554.795490	-8.057151
1555.602263	-8.665417
1556.409873	-9.317709
1557.218322	-10.017605
1558.027612	-10.771566
1558.837743	-11.585763
1559.648717	-12.469851
1560.460536	-13.433793
1561.273200	-14.492226
1562.086710	-15.661095
1562.901069	-16.963348
1563.716278	-18.423906
1564.532337	-20.075676
1565.349249	-21.941717
1566.167014	-24.009214
1566.985634	-26.086363
1567.805111	-27.559340
1568.625444	-27.580310
1569.446637	-26.319622
1570.268690	-24.655365
1571.091605	-23.073906
1571.915382	-21.696726
1572.740024	-20.520055
1573.565532	-19.514723
1574.391907	-18.648649
1575.219150	-17.897106
1576.047262	-17.238153
1576.876246	-16.656899
1577.706103	-16.139221
1578.536833	-15.676228
1579.368439	-15.258490
1580.200922	-14.880608
1581.034282	-14.536088
1581.868522	-14.221713
1582.703643	-13.932829
1583.539646	-13.667740
1584.376532	-13.423155
1585.214304	-13.198353
1586.052962	-12.991033
1586.892508	-12.801068
1587.732943	-12.626929
1588.574269	-12.468675
1589.416487	-12.325333
1590.259599	-12.196952
1591.103605	-12.082869
1591.948508	-11.982941
1592.794309	-11.896760
1593.641009	-11.823801
1594.488609	-11.763884
1595.337112	-11.716104
1596.186518	-11.680362
1597.036829	-11.655461
1597.888047	-11.641259
1598.740172	-11.636399
1599.593207	-11.640613
1600.447153	-11.652511
1601.302010	-11.671677
1602.157782	-11.696778
1603.014469	-11.727205
1603.872072	-11.761854
1604.730593	-11.799858
1605.590034	-11.840422
1606.450397	-11.882505
1607.311681	-11.925584
1608.173890	-11.968656
1609.037024	-12.011334
1609.901085	-12.052900
1610.766075	-12.092979
1611.631995	-12.131304
1612.498846	-12.167502
1613.366630	-12.201800
1614.235349	-12.233849
1615.105004	-12.264325
1615.975596	-12.292944
1616.847128	-12.320666
1617.719600	-12.347344
1618.593014	-12.374023
1619.467372	-12.400775
1620.342675	-12.428442
1621.218924	-12.457375
1622.096122	-12.488054
1622.974270	-12.520999
1623.853369	-12.556368
1624.733420	-12.594623
1625.614427	-12.635759
1626.496389	-12.679976
1627.379308	-12.727261
1628.263187	-12.777430
1629.148026	-12.830562
1630.033828	-12.886103
1630.920593	-12.944152
1631.808324	-13.003996
1632.697022	-13.065586
1633.586688	-13.128366
1634.477324	-13.191953
1635.368932	-13.256178
1636.261514	-13.320398
1637.155070	-13.384689
1638.049602	-13.448538
1638.945113	-13.511981
1639.841603	-13.574937
1640.739075	-13.637280
1641.637529	-13.699350
1642.536968	-13.760934
1643.437393	-13.822546
1644.338806	-13.884123
1645.241209	-13.946038
1646.144602	-14.008534
1647.048988	-14.071598
1647.954368	-14.135810
1648.860744	-14.200777
1649.768118	-14.267192
1650.676491	-14.334571
1651.585865	-14.403348
1652.496241	-14.473216
1653.407621	-14.544146
1654.320008	-14.616065
1655.233401	-14.688586
1656.147804	-14.761690
1657.063218	-14.834964
1657.979645	-14.908148
1658.897085	-14.981157
1659.815542	-15.053379
1660.735016	-15.125071
1661.655509	-15.195547
1662.577023	-15.265057
1663.499560	-15.333253
1664.423121	-15.400107
1665.347709	-15.465664
1666.273324	-15.529751
1667.199969	-15.592451
1668.127645	-15.653808
1669.056353	-15.713594
1669.986097	-15.772146
1670.916877	-15.828959
1671.848695	-15.884373
1672.781553	-15.937905
1673.715452	-15.989605
1674.650395	-16.039216
1675.586383	-16.086546
1676.523418	-16.131374
1677.461501	-16.173607
1678.400635	-16.212848
1679.340821	-16.249294
1680.282061	-16.282483
1681.224357	-16.312669
1682.167710	-16.339609
1683.112122	-16.363383
1684.057595	-16.384019
1685.004132	-16.401572
1685.951732	-16.415974
1686.900400	-16.427464
1687.850135	-16.435758
1688.800940	-16.441212
1689.752818	-16.443558
1690.705768	-16.443016
1691.659795	-16.439541
1692.614898	-16.433179
1693.571081	-16.424015
1694.528345	-16.412139
1695.486691	-16.397465
1696.446122	-16.380298
1697.406640	-16.360404
1698.368245	-16.338099
1699.330941	-16.313309
1700.294729	-16.286130
1701.259611	-16.256758
1702.225588	-16.225214
1703.192664	-16.191684
1704.160838	-16.156332
1705.130114	-16.119133
1706.100493	-16.080322
1707.071977	-16.039871
1708.044568	-15.997908
1709.018268	-15.954558
1709.993079	-15.909833
1710.969003	-15.863935
1711.946041	-15.816948
1712.924196	-15.769021
1713.903469	-15.720340
1714.883862	-15.670984
1715.865378	-15.621081
1716.848017	-15.570777
1717.831783	-15.520039
1718.816677	-15.469062
1719.802701	-15.417838
1720.789857	-15.366476
1721.778147	-15.315062
1722.767573	-15.263679
1723.758136	-15.212385
1724.749840	-15.161358
1725.742685	-15.110560
1726.736673	-15.060149
1727.731808	-15.010121
1728.728090	-14.960517
1729.725521	-14.911315
1730.724105	-14.862495
1731.723842	-14.813974
1732.724735	-14.765778
1733.726785	-14.717762
1734.729995	-14.669979
1735.734366	-14.622321
1736.739902	-14.574811
1737.746603	-14.527416
1738.754472	-14.480134
1739.763510	-14.432970
1740.773721	-14.385976
1741.785105	-14.339063
1742.797665	-14.292311
1743.811403	-14.245635
1744.826321	-14.199031
1745.842422	-14.152475
1746.859706	-14.105969
1747.878177	-14.059500
1748.897835	-14.013123
1749.918685	-13.966836
1750.940726	-13.920720
1751.963963	-13.874796
1752.988395	-13.829101
1754.014027	-13.783658
1755.040860	-13.738562
1756.068895	-13.693855
1757.098135	-13.649640
1758.128583	-13.605977
1759.160240	-13.563016
1760.193109	-13.520751
1761.227191	-13.479222
1762.262488	-13.438415
1763.299004	-13.398310
1764.336740	-13.358818
1765.375697	-13.319915
1766.415880	-13.281587
1767.457288	-13.243863
1768.499926	-13.206722
1769.543794	-13.170274
1770.588895	-13.134551
1771.635231	-13.099610
1772.682805	-13.065466
1773.731619	-13.032171
1774.781674	-12.999646
1775.832973	-12.967835
1776.885519	-12.936631
1777.939312	-12.906001
1778.994357	-12.875838
1780.050654	-12.846111
1781.108207	-12.816845
1782.167017	-12.788035
1783.227087	-12.759656
1784.288418	-12.731796
1785.351013	-12.704418
1786.414875	-12.677533
1787.480006	-12.651114
1788.546407	-12.625103
1789.614082	-12.599421
1790.683032	-12.573994
1791.753259	-12.548718
1792.824767	-12.523562
1793.897557	-12.498486
1794.971632	-12.473532
1796.046994	-12.448789
1797.123645	-12.424345
1798.201588	-12.400328
1799.280824	-12.376840
1800.361357	-12.353894
1801.443188	-12.331538
1802.526320	-12.309708
1803.610756	-12.288373
1804.696497	-12.267505
1805.783546	-12.247072
1806.871906	-12.227064
1807.961578	-12.207521
1809.052565	-12.188467
1810.144870	-12.169915
1811.238494	-12.151859
1812.333441	-12.134272
1813.429713	-12.117110
1814.527311	-12.100301
1815.626239	-12.083767
1816.726499	-12.067432
1817.828094	-12.051227
1818.931025	-12.035104
1820.035295	-12.019014
1821.140906	-12.002962
1822.247862	-11.986968
1823.356165	-11.971052
1824.465816	-11.955276
1825.576819	-11.939669
1826.689175	-11.924215
1827.802888	-11.908946
1828.917960	-11.893834
1830.034394	-11.878868
1831.152191	-11.864077
1832.271354	-11.849458
1833.391887	-11.835033
1834.513790	-11.820860
1835.637068	-11.806963
1836.761722	-11.793390
1837.887755	-11.780193
1839.015169	-11.767368
1840.143968	-11.754954
1841.274153	-11.742945
1842.405727	-11.731350
1843.538693	-11.720163
1844.673053	-11.709368
1845.808810	-11.698965
1846.945966	-11.688979
1848.084525	-11.679418
1849.224488	-11.670340
1850.365858	-11.661741
1851.508638	-11.653622
1852.652831	-11.645938
1853.798438	-11.638617
1854.945463	-11.631598
1856.093909	-11.624839
1857.243777	-11.618323
1858.395071	-11.612070
1859.547794	-11.606078
1860.701947	-11.600341
1861.857533	-11.594826
1863.014556	-11.589480
1864.173018	-11.584265
1865.332922	-11.579148
1866.494270	-11.574110
1867.657065	-11.569162
1868.821309	-11.564284
1869.987006	-11.559485
1871.154158	-11.554799
1872.322768	-11.550261
1873.492839	-11.545952
1874.664373	-11.541920
1875.837373	-11.538169
1877.011841	-11.534654
1878.187782	-11.531289
1879.365197	-11.527977
1880.544089	-11.524657
1881.724460	-11.521309
1882.906315	-11.517975
1884.089655	-11.514668
1885.274483	-11.511396
1886.460803	-11.508154
1887.648616	-11.504911
1888.837927	-11.501665
1890.028736	-11.498423
1891.221049	-11.495183
1892.414866	-11.491983
1893.610192	-11.488818
1894.807028	-11.485728
1896.005379	-11.482751
1897.205246	-11.479930
1898.406633	-11.477316
1899.609542	-11.474961
1900.813977	-11.472934
1902.019940	-11.471320
1903.227434	-11.470180
1904.436462	-11.469537
1905.647028	-11.469370
1906.859133	-11.469601
1908.072781	-11.470170
1909.287976	-11.471050
1910.504719	-11.472294
1911.723013	-11.473955
1912.942863	-11.476031
1914.164270	-11.478470
1915.387238	-11.481144
1916.611770	-11.483958
1917.837868	-11.486863
1919.065536	-11.489889
1920.294777	-11.493104
1921.525594	-11.496561
1922.757989	-11.500303
1923.991967	-11.504325
1925.227529	-11.508565
1926.464679	-11.512953
1927.703420	-11.517432
1928.943755	-11.522017
1930.185688	-11.526778
1931.429221	-11.531819
1932.674356	-11.537224
1933.921099	-11.543022
1935.169451	-11.549193
1936.419415	-11.555673
1937.670996	-11.562370
1938.924195	-11.569168
1940.179017	-11.575921
1941.435463	-11.582513
1942.693538	-11.588868
1943.953245	-11.595020
1945.214586	-11.601085
1946.477566	-11.607193
1947.742186	-11.613443
1949.008451	-11.619837
1950.276363	-11.626295
1951.545926	-11.632694
1952.817143	-11.638918
1954.090017	-11.644952
1955.364551	-11.650916
1956.640749	-11.657065
1957.918615	-11.663671
1959.198150	-11.670877
1960.479359	-11.678627
1961.762244	-11.686694
1963.046810	-11.694834
1964.333059	-11.702895
1965.620995	-11.710910
1966.910621	-11.719046
1968.201940	-11.727526
1969.494956	-11.736535
1970.789672	-11.746155
1972.086091	-11.756330
1973.384217	-11.766904
1974.684053	-11.777697
1975.985602	-11.788613
1977.288869	-11.799706
1978.593855	-11.811207
1979.900566	-11.823398
1981.209003	-11.836515
1982.519171	-11.850609
1983.831073	-11.865573
1985.144712	-11.881165
1986.460093	-11.897148
1987.777217	-11.913380
1989.096089	-11.929896
1990.416713	-11.946845
1991.739092	-11.964375
1993.063228	-11.982532
1994.389127	-12.001211
1995.716791	-12.020202
1997.046223	-12.039251
1998.377428	-12.058189
1999.710409	-12.076972
2001.045169	-12.095736
2002.381713	-12.114701
2003.720043	-12.134100
2005.060163	-12.154031
2006.402077	-12.174446
2007.745788	-12.195182
2009.091301	-12.216106
2010.438618	-12.237153
2011.787743	-12.258322
2013.138680	-12.279633
2014.491433	-12.301121
2015.846005	-12.322866
2017.202399	-12.344923
2018.560621	-12.367283
2019.920673	-12.389807
2021.282558	-12.412327
2022.646281	-12.434720
2024.011846	-12.457034
2025.379256	-12.479445
2026.748515	-12.502157
2028.119626	-12.525300
2029.492594	-12.548880
2030.867422	-12.572828
2032.244114	-12.597057
2033.622673	-12.621549
2035.003104	-12.646386
2036.385411	-12.671734
2037.769597	-12.697781
2039.155665	-12.724635
2040.543621	-12.752285
2041.933467	-12.780637
2043.325208	-12.809639
2044.718847	-12.839341
2046.114389	-12.869879
2047.511837	-12.901394
2048.911195	-12.933986
2050.312467	-12.967683
2051.715657	-13.002425
2053.120769	-13.038072
2054.527807	-13.074430
2055.936775	-13.111299
2057.347677	-13.148557
2058.760516	-13.186180
2060.175297	-13.224167
2061.592025	-13.262478
2063.010701	-13.301012
2064.431332	-13.339682
2065.853921	-13.378472
2067.278472	-13.417384
2068.704988	-13.456394
2070.133475	-13.495472
2071.563936	-13.534654
2072.996375	-13.574067
2074.430796	-13.613787
2075.867204	-13.653766
2077.305603	-13.693852
2078.745996	-13.733997
2080.188389	-13.774265
2081.632784	-13.814693
2083.079187	-13.855168
2084.527601	-13.895546
2085.978030	-13.935851
2087.430480	-13.976317
2088.884954	-14.017119
2090.341455	-14.058265
2091.799990	-14.099663
2093.260561	-14.141251
2094.723173	-14.182982
2096.187831	-14.224763
2097.654538	-14.266554
2099.123300	-14.308542
2100.594119	-14.351080
2102.067001	-14.394399
2103.541950	-14.438481
2105.018971	-14.483219
2106.498067	-14.528645
2107.979243	-14.574954
2109.462503	-14.622394
2110.947853	-14.671123
2112.435295	-14.721295
2113.924836	-14.773051
2115.416478	-14.826435
2116.910227	-14.881309
2118.406087	-14.937491
2119.904063	-14.994929
2121.404158	-15.053699
2122.906378	-15.113856
2124.410727	-15.175338
2125.917210	-15.237991
2127.425831	-15.301594
2128.936594	-15.365912
2130.449505	-15.430886
2131.964567	-15.496697
2133.481786	-15.563454
2135.001166	-15.630923
2136.522711	-15.698497
2138.046427	-15.765546
2139.572317	-15.831850
2141.100388	-15.897731
2142.630642	-15.963754
2144.163085	-16.030136
2145.697722	-16.096510
2147.234558	-16.162231
2148.773596	-16.227152
2150.314842	-16.291785
2151.858301	-16.356868
2153.403977	-16.422568
2154.951875	-16.488385
2156.502000	-16.553744
2158.054357	-16.618665
2159.608950	-16.683626
2161.165785	-16.749056
2162.724866	-16.815047
2164.286198	-16.881666
2165.849786	-16.949046
2167.415635	-17.017068
2168.983749	-17.085092
2170.554134	-17.152579
2172.126795	-17.219958
2173.701737	-17.288556
2175.278964	-17.359310
2176.858481	-17.431897
2178.440294	-17.505156
2180.024408	-17.578422
2181.610827	-17.652242
2183.199557	-17.727827
2184.790602	-17.805901
2186.383968	-17.886135
2187.979660	-17.967535
2189.577683	-18.049544
2191.178041	-18.132535
2192.780741	-18.217363
2194.385787	-18.304534
2195.993185	-18.393770
2197.602939	-18.484165
2199.215054	-18.575054
2200.829537	-18.666671
2202.446392	-18.759762
2204.065624	-18.854543
2205.687239	-18.950351
2207.311242	-19.046218
2208.937638	-19.141500
2210.566433	-19.235968
2212.197631	-19.329956
2213.831239	-19.424313
2215.467261	-19.519771
2217.105703	-19.615890
2218.746570	-19.711106
2220.389867	-19.804176
2222.035601	-19.895436
2223.683776	-19.986513
2225.334398	-20.078320
2226.987472	-20.170281
2228.643004	-20.261339
2230.300999	-20.351623
2231.961463	-20.442431
2233.624402	-20.534654
2235.289820	-20.627520
2236.957723	-20.719277
2238.628118	-20.808947
2240.301009	-20.897512
2241.976402	-20.986766
2243.654303	-21.077595
2245.334717	-21.169221
2247.017650	-21.260199
2248.703108	-21.350343
2250.391096	-21.441032
2252.081620	-21.533851
2253.774686	-21.629509
2255.470300	-21.727692
2257.168467	-21.827250
2258.869193	-21.927113
2260.572484	-22.027877
2262.278345	-22.131877
2263.986783	-22.240915
2265.697804	-22.354319
2267.411412	-22.469537
2269.127615	-22.585033
2270.846417	-22.701620
2272.567826	-22.820894
2274.291846	-22.942941
2276.018484	-23.066171
2277.747745	-23.189605
2279.479637	-23.314210
2281.214164	-23.441042
2282.951333	-23.568681
2284.691149	-23.694752
2286.433619	-23.818415
2288.178750	-23.940672
2289.926546	-24.062624
2291.677014	-24.184022
2293.430161	-24.303338
2295.185992	-24.419442
2296.944513	-24.532970
2298.705732	-24.645510
2300.469653	-24.757695
2302.236283	-24.868881
2304.005629	-24.978849
2305.777696	-25.088339
2307.552492	-25.197204
2309.330022	-25.304140
2311.110292	-25.409258
2312.893310	-25.513983
2314.679080	-25.617240
2316.467611	-25.715722
2318.258907	-25.809134
2320.052976	-25.901141
2321.849824	-25.994381
2323.649457	-26.088589
2325.451883	-26.183523
2327.257106	-26.280813
2329.065135	-26.382019
2330.875975	-26.487300
2332.689633	-26.596975
2334.506116	-26.712133
2336.325430	-26.833262
2338.147581	-26.959793
2339.972578	-27.091606
2341.800425	-27.230116
2343.631130	-27.375346
2345.464700	-27.524513
2347.301141	-27.676068
2349.140461	-27.831680
2350.982665	-27.991130
2352.827760	-28.149428
2354.675754	-28.304134
2356.526653	-28.459483
2358.380464	-28.618181
2360.237195	-28.775893
2362.096851	-28.926798
2363.959440	-29.070142
2365.824968	-29.210180
2367.693444	-29.351009
2369.564873	-29.490993
2371.439263	-29.626258
2373.316620	-29.757793
2375.196953	-29.888376
2377.080267	-30.018222
2378.966570	-30.147643
2380.855869	-30.276479
2382.748171	-30.402054
2384.643484	-30.524165
2386.541815	-30.647097
2388.443170	-30.770153
2390.347557	-30.885529
2392.254984	-30.990978
2394.165457	-31.093682
2396.078984	-31.195804
2397.995572	-31.290450
2399.915229	-31.375627
2401.837961	-31.459410
2403.763777	-31.548683
2405.692684	-31.641081
2407.624689	-31.733721
2409.559800	-31.830613
2411.498023	-31.935430
2413.439368	-32.047923
2415.383840	-32.166415
2417.331449	-32.289647
2419.282201	-32.421525
2421.236104	-32.569467
2423.193165	-32.732855
2425.153393	-32.904627
2427.116795	-33.084901
2429.083378	-33.277917
2431.053151	-33.483639
2433.026121	-33.699531
2435.002297	-33.923096
2436.981685	-34.153933
2438.964293	-34.390116
2440.950131	-34.622847
2442.939204	-34.843493
2444.931522	-35.056287
2446.927092	-35.263802
2448.925923	-35.449664
2450.928022	-35.604397
2452.933397	-35.739605
2454.942056	-35.857151
2456.954008	-35.954086
2458.969260	-36.043325
2460.987821	-36.128289
2463.009699	-36.196469
2465.034902	-36.247309
2467.063437	-36.295856
2469.095315	-36.353279
2471.130542	-36.413253
2473.169127	-36.466147
2475.211078	-36.519920
2477.256404	-36.580029
2479.305112	-36.638184
2481.357212	-36.694237
2483.412713	-36.756517
2485.471621	-36.821958
2487.533946	-36.887441
2489.599696	-36.965697
2491.668880	-37.071121
2493.741507	-37.202937
2495.817585	-37.347137
2497.897122	-37.492770
2499.980127	-37.654335
2502.066609	-37.854914
2504.156578	-38.082259
2506.250040	-38.301447
2508.347006	-38.510690
2510.447483	-38.754449
2512.551482	-39.048150
2514.659010	-39.334062
2516.770076	-39.611395
2518.884690	-39.940634
2521.002861	-40.284110
2523.124597	-40.596858
2525.249907	-40.906335
2527.378801	-41.221795
2529.511287	-41.512723
2531.647375	-41.776676
2533.787074	-42.013926
2535.930393	-42.189354
2538.077340	-42.302865
2540.227927	-42.400848
2542.382160	-42.496616
2544.540051	-42.536671
2546.701608	-42.517546
2548.866840	-42.499016
2551.035757	-42.552263
2553.208369	-42.633666
2555.384684	-42.663698
2557.564713	-42.612871
2559.748465	-42.662926
2561.935948	-42.731574
2564.127174	-42.696880
2566.322152	-42.669534
2568.520890	-42.644458
2570.723399	-42.616634
2572.929689	-42.588668
2575.139769	-42.557976
2577.353649	-42.549545
2579.571340	-42.643204
2581.792849	-42.678669
2584.018189	-42.764500
2586.247368	-42.847552
2588.480396	-43.029723
2590.717284	-43.270376
2592.958041	-43.473490
2595.202678	-43.663840
2597.451204	-43.959904
2599.703630	-44.307563
2601.959966	-44.704613
2604.220222	-45.031960
2606.484408	-45.426685
2608.752535	-45.893647
2611.024612	-46.244251
2613.300651	-46.672582
2615.580661	-47.150221
2617.864653	-47.494462
2620.152638	-47.850065
2622.444625	-48.218454
2624.740626	-48.607411
2627.040651	-48.896923
2629.344710	-48.998179
2631.652814	-49.196563
2633.964974	-49.376003
2636.281200	-49.558270
2638.601504	-49.759439
2640.925896	-49.788487
2643.254386	-49.873424
2645.586987	-50.097313
2647.923707	-50.256806
2650.264559	-50.137601
2652.609554	-49.982690
2654.958702	-49.967203
2657.312015	-49.807638
2659.669503	-49.554923
2662.031178	-49.347574
2664.397051	-48.999002
2666.767132	-48.821332
2669.141434	-48.821332
2671.519968	-48.571957
2673.902745	-48.307604
2676.289776	-48.324116
2678.681072	-48.413024
2681.076646	-48.466294
2683.476508	-48.486007
2685.880671	-48.765297
2688.289145	-49.070788
2690.701942	-49.305270
2693.119075	-49.674295
2695.540554	-50.036628
2697.966391	-50.238720
2700.396599	-50.668462
2702.831189	-51.133257
2705.270172	-51.297991
2707.713561	-51.510459
2710.161368	-52.025579
2712.613605	-52.423964
2715.070283	-52.680067
2717.531416	-53.003660
2719.997014	-53.558455
2722.467090	-53.839476
2724.941657	-53.968048
2727.420726	-54.319366
2729.904310	-54.536189
2732.392421	-54.866624
2734.885072	-55.715771
2737.382275	-56.203563
2739.884042	-56.761179
2742.390387	-57.869459
2744.901321	-58.645812
2747.416857	-58.570218
2749.937008	-59.053811
2752.461787	-58.939667
2754.991206	-57.986775
2757.525279	-57.554006
2760.064017	-56.765639
2762.607434	-56.266595
2765.155544	-55.546918
2767.708358	-55.383713
2770.265890	-55.326437
2772.828153	-54.791723
2775.395160	-54.710109
2777.966924	-54.918464
2780.543459	-54.905123
2783.124778	-54.894426
2785.710894	-55.191439
2788.301821	-55.234386
2790.897572	-55.470782
2793.498160	-56.049357
2796.103599	-56.010410
2798.713903	-55.985407
2801.329085	-56.775499
2803.949159	-56.896775
2806.574139	-56.554005
2809.204038	-57.033716
2811.838871	-57.458224
2814.478650	-57.055455
2817.123391	-56.934410
2819.773107	-57.185261
2822.427812	-57.035488
2825.087521	-57.045101
2827.752247	-57.375175
2830.422005	-57.656171
2833.096808	-57.792923
2835.776672	-58.528833
2838.461611	-59.509377
2841.151638	-60.109653
2843.846769	-60.970841
2846.547019	-62.757109
2849.252401	-64.694120
2851.962930	-64.478568
2854.678621	-66.211199
2857.399489	-66.777271
2860.125549	-64.885189
2862.856815	-64.513599
2865.593302	-63.880535
2868.335026	-63.565352
2871.082002	-63.385430
2873.834244	-62.496947
2876.591767	-62.572148
2879.354588	-62.609078
2882.122721	-62.014440
2884.896181	-62.214756
2887.674984	-62.228573
2890.459146	-61.970005
2893.248681	-62.816917
2896.043606	-62.684466
2898.843937	-62.424256
2901.649687	-63.720876
2904.460875	-63.922345
2907.277515	-63.628347
2910.099623	-64.446302
2912.927215	-64.422091
2915.760308	-64.059616
2918.598916	-64.239849
2921.443057	-63.222148
2924.292747	-62.678382
2927.148002	-62.567877
2930.008837	-62.048818
2932.875270	-61.147355
2935.747318	-61.457128
2938.624995	-61.977307
2941.508320	-61.569628
2944.397308	-62.454396
2947.291977	-63.560229
2950.192343	-64.132452
2953.098423	-65.063653
2956.010234	-66.189927
2958.927792	-67.869153
2961.851116	-68.095273
2964.780221	-66.715065
2967.715126	-68.116819
2970.655847	-71.552951
2973.602402	-69.254836
2976.554808	-67.771025
2979.513083	-69.468556
2982.477243	-73.690799
2985.447308	-71.707553
2988.423293	-69.293366
2991.405218	-67.024174
2994.393099	-68.942610
2997.386955	-71.704627
