# 2022-03-21_17.58.14
# shape = sech2
# FWHM_ps = 0.1
# carrier_nm = 1542
# frep_MHz = 12126
# pow_mW = 8000
# GDD = 0.0
# propa_len = 0.14444444444444446
# untap_len = 0.01
# taper_len = 0.08444444444444445
# waist_len = 0.02
# uptap_len = 0.02
# untap_scale = 1.0
# waist_scale = 0.26666666666666666
# workingDir = NL_20110305_12 (Spirou)
# axis = slow
# window_ps = 10.0
# steps = 200
# points = 21700
# 
# wavelength [nm]	 power spectral density [dB]
600.043425	-72.831935
600.163550	-72.777077
600.283723	-72.717524
600.403943	-72.652886
600.524212	-72.585115
600.644529	-72.516095
600.764895	-72.447390
600.885308	-72.380415
601.005770	-72.316149
601.126280	-72.255017
601.246839	-72.196697
601.367446	-72.139912
601.488101	-72.083046
601.608804	-72.024378
601.729557	-71.962332
601.850357	-71.895676
601.971206	-71.823796
602.092104	-71.746757
602.213050	-71.665398
602.334045	-71.581240
602.455089	-71.496287
602.576181	-71.413018
602.697322	-71.333436
602.818511	-71.259089
602.939749	-71.190873
603.061036	-71.129034
603.182372	-71.073272
603.303757	-71.022897
603.425191	-70.976783
603.546673	-70.933484
603.668204	-70.891461
603.789785	-70.849480
603.911414	-70.806521
604.033092	-70.761991
604.154820	-70.715987
604.276596	-70.669413
604.398422	-70.623581
604.520297	-70.579993
604.642220	-70.539722
604.764193	-70.503451
604.886216	-70.471528
605.008287	-70.443716
605.130408	-70.418939
605.252578	-70.395737
605.374798	-70.372554
605.497066	-70.347836
605.619385	-70.319679
605.741752	-70.286294
605.864169	-70.246417
605.986636	-70.199514
606.109152	-70.145682
606.231718	-70.085570
606.354333	-70.020619
606.476998	-69.952751
606.599712	-69.884062
606.722476	-69.816067
606.845290	-69.749889
606.968154	-69.686312
607.091067	-69.625774
607.214030	-69.568367
607.337043	-69.513656
607.460106	-69.461204
607.583219	-69.410362
607.706381	-69.360695
607.829594	-69.311817
607.952856	-69.263673
608.076169	-69.216476
608.199531	-69.171137
608.322944	-69.128732
608.446407	-69.090175
608.569920	-69.056547
608.693483	-69.028570
608.817096	-69.006726
608.940759	-68.991526
609.064473	-68.983213
609.188237	-68.982025
609.312051	-68.987659
609.435916	-68.999391
609.559831	-69.016239
609.683796	-69.037415
609.807812	-69.061751
609.931878	-69.087823
610.055995	-69.113995
610.180162	-69.138825
610.304380	-69.161219
610.428648	-69.180466
610.552967	-69.196294
610.677337	-69.208986
610.801757	-69.219269
610.926228	-69.227878
611.050750	-69.235331
611.175323	-69.242144
611.299946	-69.249190
611.424620	-69.257266
611.549345	-69.266858
611.674121	-69.278083
611.798948	-69.290816
611.923826	-69.304243
612.048755	-69.317502
612.173734	-69.329305
612.298765	-69.338892
612.423847	-69.345928
612.548980	-69.350609
612.674165	-69.353816
612.799400	-69.357107
612.924687	-69.362632
613.050025	-69.372848
613.175414	-69.390164
613.300854	-69.417160
613.426346	-69.456044
613.551889	-69.508574
613.677484	-69.575374
613.803130	-69.656413
613.928827	-69.750859
614.054576	-69.857413
614.180377	-69.974098
614.306229	-70.098480
614.432132	-70.227989
614.558087	-70.360155
614.684094	-70.492735
614.810153	-70.623821
614.936263	-70.752138
615.062425	-70.877056
615.188639	-70.999044
615.314904	-71.119142
615.441222	-71.238547
615.567591	-71.358236
615.694012	-71.479376
615.820486	-71.602557
615.947011	-71.727796
616.073588	-71.854787
616.200217	-71.982691
616.326898	-72.110044
616.453632	-72.235088
616.580417	-72.355490
616.707255	-72.469481
616.834144	-72.576215
616.961086	-72.675201
617.088081	-72.766874
617.215127	-72.852817
617.342226	-72.935954
617.469378	-73.019966
617.596581	-73.108348
617.723837	-73.204187
617.851146	-73.311234
617.978507	-73.433117
618.105920	-73.572697
618.233386	-73.731407
618.360905	-73.910363
618.488476	-74.110331
618.616100	-74.330863
618.743777	-74.568840
618.871506	-74.819262
618.999288	-75.078243
619.127123	-75.342567
619.255011	-75.607949
619.382951	-75.868663
619.510945	-76.118640
619.638991	-76.353661
619.767090	-76.570852
619.895243	-76.767839
620.023448	-76.942416
620.151706	-77.093208
620.280017	-77.219473
620.408382	-77.320837
620.536799	-77.396001
620.665270	-77.443725
620.793794	-77.463746
620.922371	-77.457036
621.051002	-77.424655
621.179686	-77.366588
621.308423	-77.284136
621.437213	-77.181204
621.566057	-77.063642
621.694954	-76.936572
621.823905	-76.803735
621.952909	-76.668673
622.081967	-76.534239
622.211079	-76.403771
622.340244	-76.280223
622.469462	-76.164997
622.598735	-76.058017
622.728061	-75.956885
622.857441	-75.859295
622.986874	-75.762623
623.116361	-75.664747
623.245903	-75.561941
623.375498	-75.450255
623.505147	-75.326440
623.634850	-75.187783
623.764606	-75.031949
623.894417	-74.857340
624.024282	-74.663579
624.154201	-74.452064
624.284174	-74.224988
624.414202	-73.984628
624.544283	-73.734257
624.674419	-73.478319
624.804609	-73.221552
624.934853	-72.968098
625.065151	-72.721569
625.195504	-72.484759
625.325911	-72.259764
625.456373	-72.047411
625.586889	-71.848246
625.717460	-71.662566
625.848085	-71.490578
625.978764	-71.331596
626.109498	-71.184163
626.240287	-71.045941
626.371131	-70.915149
626.502029	-70.790944
626.632982	-70.672588
626.763989	-70.558761
626.895052	-70.447473
627.026169	-70.337123
627.157341	-70.227609
627.288568	-70.119582
627.419850	-70.013373
627.551187	-69.909048
627.682579	-69.806871
627.814026	-69.707297
627.945528	-69.610350
628.077085	-69.515936
628.208697	-69.424228
628.340364	-69.335536
628.472087	-69.250006
628.603865	-69.166848
628.735698	-69.085394
628.867586	-69.005029
628.999530	-68.925106
629.131529	-68.845162
629.263584	-68.764541
629.395694	-68.683045
629.527859	-68.600685
629.660080	-68.517341
629.792357	-68.433431
629.924689	-68.349446
630.057077	-68.266211
630.189520	-68.185186
630.322019	-68.107456
630.454574	-68.034056
630.587184	-67.965913
630.719851	-67.903925
630.852573	-67.849027
630.985351	-67.801681
631.118185	-67.761536
631.251075	-67.727972
631.384021	-67.700459
631.517023	-67.678463
631.650081	-67.661218
631.783195	-67.647227
631.916365	-67.634914
632.049592	-67.623222
632.182874	-67.611391
632.316213	-67.598676
632.449608	-67.584375
632.583059	-67.567985
632.716567	-67.549631
632.850131	-67.529390
632.983751	-67.507071
633.117428	-67.482579
633.251161	-67.456089
633.384951	-67.428410
633.518797	-67.400494
633.652700	-67.373116
633.786660	-67.346791
633.920676	-67.322012
634.054749	-67.299468
634.188879	-67.279682
634.323065	-67.263103
634.457308	-67.250085
634.591608	-67.240978
634.725965	-67.235923
634.860379	-67.234745
634.994850	-67.237103
635.129377	-67.242366
635.263962	-67.250181
635.398604	-67.260304
635.533303	-67.272492
635.668058	-67.286762
635.802872	-67.302690
635.937742	-67.319884
636.072669	-67.338125
636.207654	-67.358080
636.342696	-67.380792
636.477796	-67.406734
636.612953	-67.435314
636.748167	-67.465550
636.883439	-67.497496
637.018768	-67.531649
637.154155	-67.567673
637.289599	-67.604252
637.425101	-67.640149
637.560660	-67.675260
637.696277	-67.709849
637.831952	-67.743169
637.967685	-67.773937
638.103475	-67.801980
638.239324	-67.828201
638.375230	-67.853650
638.511194	-67.878192
638.647215	-67.901643
638.783295	-67.925213
638.919433	-67.950415
639.055629	-67.978181
639.191883	-68.008438
639.328195	-68.041640
639.464565	-68.078843
639.600994	-68.120935
639.737481	-68.167683
639.874025	-68.218393
640.010629	-68.272925
640.147290	-68.331446
640.284010	-68.394304
640.420789	-68.461421
640.557625	-68.532479
640.694521	-68.607178
640.831474	-68.684546
640.968487	-68.763099
641.105558	-68.841200
641.242687	-68.917396
641.379876	-68.991221
641.517123	-69.062107
641.654429	-69.129158
641.791793	-69.191584
641.929216	-69.249361
642.066699	-69.303452
642.204240	-69.354233
642.341840	-69.401552
642.479499	-69.446193
642.617217	-69.489797
642.754994	-69.534013
642.892830	-69.579335
643.030726	-69.626240
643.168680	-69.675858
643.306694	-69.729310
643.444767	-69.787306
643.582899	-69.850299
643.721091	-69.918829
643.859342	-69.993603
643.997652	-70.074871
644.136022	-70.162721
644.274451	-70.257148
644.412940	-70.357606
644.551488	-70.463049
644.690096	-70.572686
644.828763	-70.686408
644.967490	-70.803033
645.106277	-70.920320
645.245124	-71.035318
645.384030	-71.146316
645.522997	-71.252628
645.662023	-71.353493
645.801109	-71.447538
645.940255	-71.533752
646.079460	-71.613320
646.218726	-71.688515
646.358052	-71.761625
646.497438	-71.834655
646.636884	-71.910626
646.776391	-71.992630
646.915957	-72.082833
647.055584	-72.183119
647.195271	-72.296351
647.335019	-72.425204
647.474826	-72.571342
647.614695	-72.734822
647.754623	-72.914824
647.894612	-73.111070
648.034662	-73.322418
648.174772	-73.548116
648.314943	-73.787113
648.455174	-74.036806
648.595466	-74.293423
648.735819	-74.552082
648.876233	-74.809082
649.016707	-75.061872
649.157242	-75.308361
649.297838	-75.546310
649.438495	-75.774611
649.579213	-75.993247
649.719992	-76.203626
649.860832	-76.409105
650.001733	-76.614723
650.142695	-76.826361
650.283718	-77.049032
650.424803	-77.286497
650.565949	-77.543774
650.707156	-77.828106
650.848424	-78.145196
650.989754	-78.495708
651.131145	-78.877766
651.272597	-79.287260
651.414111	-79.714519
651.555687	-80.145899
651.697324	-80.561590
651.839022	-80.933092
651.980782	-81.223705
652.122604	-81.396782
652.264488	-81.428372
652.406433	-81.314381
652.548441	-81.069220
652.690510	-80.720736
652.832640	-80.302004
652.974833	-79.844696
653.117088	-79.375538
653.259405	-78.912570
653.401784	-78.466014
653.544224	-78.041367
653.686727	-77.641198
653.829293	-77.266102
653.971920	-76.913107
654.114609	-76.577696
654.257361	-76.255558
654.400175	-75.941814
654.543052	-75.631942
654.685991	-75.321646
654.828992	-75.007405
654.972056	-74.687259
655.115183	-74.359734
655.258372	-74.023832
655.401623	-73.680040
655.544937	-73.330429
655.688314	-72.978661
655.831754	-72.628617
655.975256	-72.282619
656.118822	-71.943204
656.262450	-71.613505
656.406141	-71.295895
656.549894	-70.992397
656.693711	-70.704086
656.837591	-70.431794
656.981534	-70.175954
657.125540	-69.935864
657.269610	-69.711154
657.413742	-69.501513
657.557938	-69.305723
657.702196	-69.121769
657.846519	-68.947549
657.990904	-68.781813
658.135353	-68.623605
658.279866	-68.472124
658.424441	-68.326277
658.569081	-68.184806
658.713784	-68.046586
658.858550	-67.911340
659.003381	-67.779496
659.148274	-67.650773
659.293232	-67.524101
659.438253	-67.398934
659.583339	-67.275235
659.728488	-67.153048
659.873701	-67.032357
660.018978	-66.913146
660.164318	-66.795102
660.309723	-66.677954
660.455192	-66.561919
660.600725	-66.447368
660.746323	-66.334970
660.891984	-66.224857
661.037710	-66.117202
661.183500	-66.013096
661.329354	-65.913323
661.475272	-65.818858
661.621255	-65.730286
661.767303	-65.648064
661.913415	-65.572392
662.059591	-65.503540
662.205833	-65.441899
662.352138	-65.387223
662.498509	-65.339241
662.644944	-65.297553
662.791443	-65.261380
662.938008	-65.229670
663.084638	-65.201625
663.231332	-65.177018
663.378091	-65.155055
663.524915	-65.134342
663.671804	-65.113974
663.818759	-65.093735
663.965778	-65.073196
664.112863	-65.051602
664.260012	-65.028883
664.407227	-65.005836
664.554507	-64.983362
664.701853	-64.962412
664.849264	-64.943991
664.996740	-64.929143
665.144282	-64.918935
665.291889	-64.914669
665.439561	-64.917669
665.587300	-64.929147
665.735103	-64.949899
665.882973	-64.980216
666.030908	-65.020540
666.178909	-65.071638
666.326976	-65.133451
666.475109	-65.204974
666.623307	-65.285206
666.771571	-65.373646
666.919902	-65.469689
667.068298	-65.571991
667.216761	-65.678787
667.365289	-65.788872
667.513884	-65.901486
667.662545	-66.015504
667.811272	-66.130276
667.960065	-66.246376
668.108925	-66.365178
668.257851	-66.487393
668.406843	-66.613140
668.555902	-66.743097
668.705027	-66.879597
668.854219	-67.025342
669.003478	-67.181851
669.152803	-67.350393
669.302195	-67.532231
669.451653	-67.728781
669.601179	-67.942000
669.750771	-68.172205
669.900430	-68.419259
670.050156	-68.683576
670.199949	-68.965105
670.349808	-69.263465
670.499735	-69.578235
670.649729	-69.907522
670.799790	-70.250158
670.949918	-70.605681
671.100114	-70.973603
671.250377	-71.354160
671.400707	-71.748336
671.551104	-72.158448
671.701569	-72.585995
671.852101	-73.031987
672.002700	-73.499989
672.153368	-73.995637
672.304102	-74.524742
672.454905	-75.091853
672.605775	-75.703467
672.756713	-76.368635
672.907718	-77.095908
673.058791	-77.893208
673.209933	-78.769082
673.361142	-79.735956
673.512419	-80.808732
673.663764	-82.001701
673.815177	-83.331277
673.966658	-84.814043
674.118207	-86.457317
674.269825	-88.228138
674.421510	-89.965954
674.573264	-91.272796
674.725086	-91.610980
674.876977	-90.902207
675.028936	-89.639086
675.180963	-88.267792
675.333059	-86.968692
675.485224	-85.781791
675.637457	-84.715490
675.789758	-83.757866
675.942129	-82.884443
676.094568	-82.074746
676.247075	-81.316474
676.399652	-80.607504
676.552298	-79.945546
676.705012	-79.322388
676.857795	-78.732933
677.010648	-78.176581
677.163569	-77.653339
677.316560	-77.161683
677.469619	-76.700248
677.622748	-76.269316
677.775946	-75.868096
677.929214	-75.496460
678.082551	-75.153623
678.235957	-74.836026
678.389432	-74.538712
678.542977	-74.259508
678.696592	-73.998465
678.850276	-73.752405
679.004030	-73.517100
679.157853	-73.290011
679.311746	-73.070812
679.465709	-72.860166
679.619742	-72.656334
679.773844	-72.457244
679.928017	-72.263004
680.082259	-72.073458
680.236571	-71.889054
680.390954	-71.710165
680.545406	-71.536533
680.699929	-71.367328
680.854522	-71.200557
681.009185	-71.035167
681.163918	-70.872175
681.318722	-70.712009
681.473596	-70.554572
681.628540	-70.397926
681.783555	-70.242791
681.938641	-70.091588
682.093797	-69.944434
682.249023	-69.799732
682.404321	-69.656860
682.559689	-69.516870
682.715128	-69.380064
682.870637	-69.246057
683.026218	-69.114069
683.181869	-68.984294
683.337591	-68.856788
683.493385	-68.731058
683.649249	-68.606387
683.805185	-68.482269
683.961191	-68.359450
684.117269	-68.237932
684.273418	-68.115979
684.429639	-67.993204
684.585930	-67.870905
684.742294	-67.750128
684.898728	-67.632040
685.055234	-67.516999
685.211812	-67.405539
685.368461	-67.298837
685.525182	-67.198706
685.681975	-67.107201
685.838839	-67.024531
685.995775	-66.949522
686.152783	-66.881634
686.309863	-66.821554
686.467014	-66.768876
686.624238	-66.722013
686.781534	-66.679247
686.938902	-66.639478
687.096342	-66.602412
687.253854	-66.566464
687.411438	-66.530062
687.569095	-66.493126
687.726824	-66.456653
687.884626	-66.420977
688.042499	-66.386349
688.200446	-66.352932
688.358465	-66.322971
688.516556	-66.298881
688.674720	-66.281696
688.832957	-66.272730
688.991266	-66.274192
689.149649	-66.287656
689.308104	-66.313395
689.466632	-66.349926
689.625233	-66.396202
689.783906	-66.451420
689.942653	-66.514341
690.101473	-66.582949
690.260367	-66.654423
690.419333	-66.726476
690.578372	-66.797631
690.737485	-66.865849
690.896672	-66.930875
691.055931	-66.993158
691.215264	-67.053439
691.374671	-67.113275
691.534151	-67.175143
691.693704	-67.241280
691.853332	-67.313636
692.013033	-67.394406
692.172807	-67.486180
692.332656	-67.590647
692.492578	-67.707565
692.652575	-67.836387
692.812645	-67.976800
692.972789	-68.127961
693.133007	-68.288567
693.293300	-68.454525
693.453666	-68.620378
693.614107	-68.783783
693.774622	-68.944326
693.935211	-69.101181
694.095875	-69.252811
694.256613	-69.398769
694.417426	-69.541616
694.578313	-69.686120
694.739274	-69.835619
694.900311	-69.992440
695.061421	-70.161170
695.222607	-70.345802
695.383868	-70.548554
695.545203	-70.771573
695.706613	-71.013708
695.868098	-71.272948
696.029658	-71.546746
696.191293	-71.832622
696.353003	-72.127416
696.514789	-72.424558
696.676649	-72.718485
696.838585	-73.007012
697.000596	-73.289370
697.162682	-73.562706
697.324844	-73.826643
697.487081	-74.084770
697.649394	-74.342505
697.811782	-74.602224
697.974246	-74.869392
698.136786	-75.151578
698.299401	-75.451847
698.462092	-75.771370
698.624859	-76.110780
698.787702	-76.475272
698.950621	-76.864006
699.113616	-77.273137
699.276686	-77.695662
699.439833	-78.126237
699.603056	-78.565454
699.766355	-79.017762
699.929731	-79.484501
700.093183	-79.962258
700.256711	-80.458495
700.420315	-80.987208
700.583996	-81.562088
700.747754	-82.190502
700.911588	-82.875683
701.075499	-83.616829
701.239486	-84.408635
701.403550	-85.223662
701.567691	-86.001849
701.731909	-86.633651
701.896203	-86.995450
702.060575	-86.989674
702.225024	-86.603497
702.389549	-85.915747
702.554152	-85.055125
702.718832	-84.140316
702.883589	-83.242490
703.048424	-82.399253
703.213335	-81.620880
703.378324	-80.905009
703.543391	-80.241612
703.708535	-79.621159
703.873757	-79.037544
704.039056	-78.473574
704.204433	-77.917761
704.369887	-77.366693
704.535420	-76.821585
704.701030	-76.281728
704.866718	-75.747191
705.032484	-75.220360
705.198328	-74.705649
705.364250	-74.208170
705.530250	-73.733434
705.696328	-73.281513
705.862485	-72.850893
706.028720	-72.441194
706.195033	-72.054176
706.361424	-71.691383
706.527894	-71.349807
706.694442	-71.024454
706.861069	-70.715114
707.027775	-70.421819
707.194559	-70.142781
707.361422	-69.874704
707.528363	-69.614162
707.695384	-69.360058
707.862483	-69.113260
708.029661	-68.873363
708.196918	-68.639357
708.364254	-68.409803
708.531670	-68.186454
708.699164	-67.971841
708.866738	-67.767462
709.034391	-67.573068
709.202123	-67.389664
709.369935	-67.219259
709.537826	-67.062606
709.705796	-66.920078
709.873847	-66.790902
710.041976	-66.674540
710.210186	-66.569706
710.378475	-66.474845
710.546844	-66.387591
710.715292	-66.305930
710.883821	-66.227624
711.052429	-66.151604
711.221118	-66.077753
711.389887	-66.005116
711.558735	-65.933772
711.727664	-65.864049
711.896673	-65.797898
712.065763	-65.737936
712.234932	-65.685639
712.404183	-65.642190
712.573513	-65.609024
712.742924	-65.587290
712.912416	-65.578088
713.081988	-65.580487
713.251641	-65.593771
713.421375	-65.616175
713.591190	-65.645335
713.761085	-65.678900
713.931061	-65.714283
714.101119	-65.748216
714.271257	-65.778952
714.441476	-65.805935
714.611777	-65.829701
714.782159	-65.850584
714.952622	-65.870215
715.123166	-65.891013
715.293792	-65.916583
715.464499	-65.949676
715.635288	-65.991667
715.806158	-66.043027
715.977110	-66.105180
716.148143	-66.178662
716.319259	-66.262449
716.490456	-66.353180
716.661735	-66.447313
716.833096	-66.541446
717.004538	-66.632155
717.176063	-66.716361
717.347670	-66.790464
717.519359	-66.853197
717.691130	-66.904729
717.862984	-66.946267
718.034920	-66.980654
718.206938	-67.010566
718.379039	-67.040196
718.551222	-67.073403
718.723488	-67.112827
718.895836	-67.161823
719.068267	-67.220396
719.240781	-67.287893
719.413377	-67.363269
719.586057	-67.444170
719.758819	-67.529060
719.931664	-67.612988
720.104593	-67.691709
720.277604	-67.761923
720.450699	-67.820354
720.623876	-67.866868
720.797137	-67.901799
720.970482	-67.926287
721.143910	-67.942886
721.317421	-67.956465
721.491016	-67.971291
721.664694	-67.990205
721.838456	-68.016507
722.012302	-68.053840
722.186231	-68.101536
722.360244	-68.158746
722.534342	-68.224325
722.708523	-68.295918
722.882788	-68.369901
723.057137	-68.440560
723.231570	-68.503993
723.406088	-68.556398
723.580689	-68.595914
723.755375	-68.622432
723.930146	-68.634717
724.105000	-68.633527
724.279940	-68.622389
724.454963	-68.603817
724.630072	-68.581342
724.805265	-68.556571
724.980543	-68.531608
725.155905	-68.508931
725.331353	-68.488737
725.506885	-68.469746
725.682503	-68.449090
725.858205	-68.424139
726.033993	-68.393805
726.209865	-68.355832
726.385823	-68.307563
726.561866	-68.246567
726.737995	-68.173960
726.914209	-68.090261
727.090508	-67.998070
727.266893	-67.898121
727.443364	-67.794585
727.619920	-67.691377
727.796562	-67.592458
727.973290	-67.500935
728.150103	-67.417807
728.327003	-67.344118
728.503988	-67.279103
728.681060	-67.222406
728.858218	-67.171624
729.035461	-67.123949
729.212791	-67.076409
729.390208	-67.028837
729.567710	-66.978527
729.745299	-66.923929
729.922975	-66.866185
730.100737	-66.806884
730.278586	-66.749076
730.456521	-66.696104
730.634543	-66.650571
730.812652	-66.613457
730.990848	-66.587652
731.169130	-66.572028
731.347500	-66.565374
731.525957	-66.564516
731.704500	-66.566702
731.883131	-66.567114
732.061850	-66.561187
732.240655	-66.546563
732.419548	-66.520225
732.598528	-66.481026
732.777596	-66.428896
732.956751	-66.365635
733.135994	-66.293087
733.315325	-66.214272
733.494744	-66.132211
733.674250	-66.048414
733.853844	-65.964167
734.033526	-65.879900
734.213296	-65.796280
734.393154	-65.711119
734.573101	-65.621616
734.753135	-65.524584
734.933258	-65.417857
735.113469	-65.299145
735.293769	-65.166979
735.474157	-65.020605
735.654633	-64.861005
735.835198	-64.691262
736.015852	-64.514255
736.196594	-64.334120
736.377426	-64.155603
736.558346	-63.981791
736.739355	-63.815973
736.920453	-63.660676
737.101640	-63.516880
737.282916	-63.384941
737.464282	-63.263802
737.645736	-63.151695
737.827280	-63.046353
738.008914	-62.945751
738.190637	-62.848090
738.372449	-62.753101
738.554351	-62.659908
738.736342	-62.569697
738.918424	-62.484732
739.100595	-62.407486
739.282855	-62.340512
739.465206	-62.286061
739.647647	-62.246302
739.830178	-62.221750
740.012799	-62.212722
740.195510	-62.219414
740.378311	-62.239812
740.561203	-62.273280
740.744185	-62.316515
740.927258	-62.367712
741.110421	-62.425996
741.293674	-62.490800
741.477018	-62.562855
741.660453	-62.643195
741.843979	-62.733320
742.027596	-62.835703
742.211303	-62.952700
742.395102	-63.086054
742.578991	-63.237301
742.762972	-63.406348
742.947044	-63.592320
743.131207	-63.792520
743.315461	-64.004768
743.499807	-64.225882
743.684244	-64.451933
743.868773	-64.679665
744.053394	-64.907559
744.238106	-65.135611
744.422910	-65.363208
744.607805	-65.589498
744.792793	-65.814240
744.977872	-66.039562
745.163044	-66.264296
745.348307	-66.487859
745.533663	-66.707506
745.719111	-66.921253
745.904651	-67.126327
746.090283	-67.320216
746.276008	-67.498183
746.461826	-67.657245
746.647735	-67.795295
746.833738	-67.911121
747.019833	-68.002765
747.206021	-68.070353
747.392302	-68.114211
747.578676	-68.135383
747.765143	-68.136469
747.951703	-68.119164
748.138356	-68.085039
748.325102	-68.037146
748.511941	-67.978001
748.698874	-67.911075
748.885900	-67.839885
749.073019	-67.768040
749.260232	-67.699276
749.447539	-67.639757
749.634939	-67.592442
749.822433	-67.559094
750.010021	-67.539571
750.197703	-67.535166
750.385479	-67.545286
750.573348	-67.570135
750.761312	-67.606783
750.949370	-67.656398
751.137523	-67.719198
751.325769	-67.795680
751.514110	-67.886777
751.702545	-67.994294
751.891075	-68.121477
752.079700	-68.271305
752.268419	-68.446639
752.457233	-68.648700
752.646142	-68.875252
752.835145	-69.125668
753.024244	-69.393998
753.213437	-69.673877
753.402726	-69.957739
753.592110	-70.235280
753.781589	-70.496750
753.971163	-70.732263
754.160833	-70.931284
754.350598	-71.083105
754.540459	-71.179323
754.730415	-71.213114
754.920467	-71.179022
755.110615	-71.077698
755.300858	-70.909538
755.491198	-70.681454
755.681633	-70.402981
755.872164	-70.082740
756.062792	-69.729740
756.253515	-69.351770
756.444335	-68.957901
756.635252	-68.552601
756.826264	-68.140754
757.017373	-67.726625
757.208579	-67.312091
757.399881	-66.900572
757.591280	-66.496708
757.782776	-66.104880
757.974368	-65.729115
758.166058	-65.372571
758.357844	-65.037808
758.549728	-64.726417
758.741708	-64.437776
758.933786	-64.170698
759.125961	-63.923391
759.318233	-63.693701
759.510603	-63.478302
759.703071	-63.274807
759.895635	-63.080927
760.088298	-62.895550
760.281058	-62.718682
760.473916	-62.551129
760.666872	-62.394960
760.859926	-62.251520
761.053078	-62.123966
761.246328	-62.012544
761.439676	-61.917742
761.633122	-61.838112
761.826667	-61.772204
762.020310	-61.717788
762.214052	-61.671834
762.407892	-61.632574
762.601831	-61.598725
762.795868	-61.569601
762.990004	-61.544995
763.184239	-61.525849
763.378573	-61.513479
763.573006	-61.508742
763.767538	-61.513239
763.962169	-61.526513
764.156900	-61.547821
764.351729	-61.575859
764.546658	-61.607579
764.741687	-61.640677
764.936815	-61.672419
765.132042	-61.700465
765.327370	-61.724055
765.522797	-61.742533
765.718324	-61.756063
765.913950	-61.766509
766.109677	-61.775534
766.305504	-61.784956
766.501431	-61.796368
766.697458	-61.810132
766.893586	-61.825978
767.089814	-61.842690
767.286142	-61.858975
767.482571	-61.873639
767.679100	-61.885394
767.875730	-61.892994
768.072461	-61.897331
768.269293	-61.899969
768.466225	-61.902864
768.663259	-61.909936
768.860393	-61.924572
769.057629	-61.950269
769.254966	-61.989476
769.452404	-62.043701
769.649944	-62.113282
769.847585	-62.198510
770.045328	-62.298247
770.243172	-62.412355
770.441118	-62.540602
770.639166	-62.683675
770.837315	-62.842943
771.035567	-63.022356
771.233920	-63.226183
771.432376	-63.458761
771.630934	-63.725415
771.829594	-64.031127
772.028356	-64.379129
772.227220	-64.773912
772.426188	-65.216923
772.625257	-65.710334
772.824430	-66.258531
773.023705	-66.864996
773.223083	-67.538244
773.422563	-68.292958
773.622147	-69.148518
773.821834	-70.134496
774.021624	-71.292239
774.221517	-72.684115
774.421513	-74.407905
774.621613	-76.634308
774.821816	-79.683807
775.022122	-84.216119
775.222532	-89.625026
775.423046	-85.515016
775.623664	-80.481661
775.824385	-77.119009
776.025211	-74.679146
776.226140	-72.779974
776.427173	-71.229705
776.628311	-69.921133
776.829553	-68.791283
777.030899	-67.800673
777.232350	-66.924131
777.433905	-66.142958
777.635564	-65.445039
777.837328	-64.819567
778.039197	-64.256995
778.241171	-63.749369
778.443250	-63.289338
778.645433	-62.870858
778.847722	-62.488514
779.050116	-62.137481
779.252615	-61.814776
779.455219	-61.517766
779.657929	-61.246002
779.860744	-60.998505
780.063665	-60.774049
780.266691	-60.569487
780.469823	-60.383458
780.673061	-60.213526
780.876405	-60.057575
781.079855	-59.912256
781.283410	-59.775255
781.487072	-59.643787
781.690840	-59.517237
781.894715	-59.394816
782.098695	-59.277152
782.302783	-59.164449
782.506976	-59.058015
782.711277	-58.957232
782.915684	-58.862284
783.120198	-58.772391
783.324818	-58.686888
783.529546	-58.605088
783.734381	-58.526588
783.939322	-58.451135
784.144372	-58.379902
784.349528	-58.314081
784.554792	-58.255329
784.760163	-58.204716
784.965642	-58.163112
785.171228	-58.131252
785.376922	-58.109235
785.582724	-58.096787
785.788634	-58.093368
785.994651	-58.098455
786.200777	-58.112417
786.407011	-58.135790
786.613353	-58.168526
786.819804	-58.211534
787.026363	-58.265249
787.233030	-58.330156
787.439806	-58.405361
787.646691	-58.489725
787.853684	-58.580239
788.060786	-58.672368
788.267997	-58.760940
788.475317	-58.840523
788.682746	-58.906323
788.890285	-58.953954
789.097932	-58.979104
789.305689	-58.978190
789.513555	-58.948106
789.721531	-58.885387
789.929617	-58.787768
790.137812	-58.655155
790.346117	-58.489203
790.554531	-58.294136
790.763056	-58.074547
790.971691	-57.836051
791.180436	-57.583427
791.389291	-57.321487
791.598256	-57.054328
791.807332	-56.785968
792.016518	-56.519377
792.225815	-56.256928
792.435222	-56.000299
792.644740	-55.750855
792.854369	-55.510508
793.064109	-55.281285
793.273960	-55.065268
793.483922	-54.864674
793.693995	-54.682000
793.904180	-54.518536
794.114475	-54.375530
794.324882	-54.253782
794.535401	-54.154148
794.746031	-54.077368
794.956774	-54.024202
795.167627	-53.995062
795.378593	-53.990986
795.589671	-54.012858
795.800861	-54.061155
796.012162	-54.136218
796.223577	-54.238363
796.435103	-54.367566
796.646742	-54.522511
796.858493	-54.702336
797.070357	-54.906583
797.282334	-55.135568
797.494423	-55.390240
797.706626	-55.671566
797.918941	-55.981030
798.131369	-56.321317
798.343911	-56.694223
798.556566	-57.101024
798.769334	-57.541634
798.982215	-58.016466
799.195210	-58.525713
799.408319	-59.070575
799.621541	-59.651385
799.834877	-60.270047
800.048327	-60.927673
800.261890	-61.626200
800.475568	-62.361239
800.689360	-63.122034
800.903266	-63.882898
801.117287	-64.599821
801.331422	-65.205820
801.545671	-65.616137
801.760036	-65.754161
801.974514	-65.584232
802.189108	-65.131520
802.403816	-64.461606
802.618640	-63.651182
802.833578	-62.764849
803.048632	-61.845866
803.263800	-60.925260
803.479085	-60.021119
803.694484	-59.146785
803.909999	-58.311136
804.125630	-57.518435
804.341376	-56.770374
804.557239	-56.065170
804.773217	-55.400590
804.989311	-54.773706
805.205521	-54.182483
805.421847	-53.625799
805.638290	-53.102676
805.854849	-52.613139
806.071524	-52.157533
806.288316	-51.736011
806.505225	-51.348342
806.722250	-50.993984
806.939393	-50.672086
807.156652	-50.382044
807.374028	-50.122934
807.591521	-49.894159
807.809132	-49.696027
808.026859	-49.529418
808.244705	-49.395603
808.462667	-49.295183
808.680748	-49.228562
808.898946	-49.195612
809.117261	-49.196335
809.335695	-49.230620
809.554246	-49.298636
809.772916	-49.401106
809.991704	-49.539402
810.210610	-49.715153
810.429634	-49.930361
810.648777	-50.186729
810.868039	-50.485702
811.087419	-50.828665
811.306918	-51.216672
811.526535	-51.650811
811.746272	-52.130830
811.966127	-52.654858
812.186102	-53.218397
812.406196	-53.813666
812.626409	-54.426794
812.846742	-55.035397
813.067194	-55.605340
813.287766	-56.090114
813.508457	-56.435149
813.729269	-56.589834
813.950200	-56.527158
814.171251	-56.255436
814.392422	-55.815359
814.613714	-55.261631
814.835126	-54.646481
815.056658	-54.011463
815.278311	-53.386916
815.500084	-52.790705
815.721978	-52.233065
815.943993	-51.719241
816.166128	-51.251824
816.388385	-50.832613
816.610762	-50.462009
816.833261	-50.139787
817.055881	-49.865427
817.278623	-49.637928
817.501486	-49.456321
817.724471	-49.319126
817.947577	-49.225016
818.170805	-49.172948
818.394155	-49.162380
818.617627	-49.193036
818.841221	-49.265627
819.064937	-49.380732
819.288775	-49.539847
819.512736	-49.744020
819.736819	-49.994222
819.961025	-50.291583
820.185354	-50.637691
820.409805	-51.035357
820.634379	-51.487561
820.859076	-51.998783
821.083897	-52.574855
821.308840	-53.223138
821.533907	-53.953111
821.759097	-54.775037
821.984411	-55.699884
822.209848	-56.740059
822.435409	-57.910113
822.661093	-59.224125
822.886902	-60.684059
823.112834	-62.245363
823.338891	-63.736300
823.565072	-64.744573
823.791377	-64.763051
824.017807	-63.780448
824.244361	-62.302388
824.471039	-60.756968
824.697843	-59.321991
824.924771	-58.040683
825.151824	-56.908583
825.379002	-55.907944
825.606306	-55.019934
825.833734	-54.227355
826.061288	-53.517122
826.288967	-52.879701
826.516772	-52.308765
826.744703	-51.799428
826.972759	-51.347606
827.200941	-50.949291
827.429249	-50.600815
827.657683	-50.298296
827.886243	-50.038699
828.114930	-49.820334
828.343743	-49.642520
828.572682	-49.506011
828.801748	-49.412509
829.030941	-49.364130
829.260260	-49.362674
829.489706	-49.409442
829.719280	-49.504635
829.948980	-49.648182
830.178808	-49.840650
830.408763	-50.083247
830.638845	-50.378027
830.869055	-50.726578
831.099393	-51.127818
831.329858	-51.576073
831.560451	-52.058526
831.791173	-52.553619
832.022022	-53.030251
832.252999	-53.447789
832.484105	-53.757342
832.715339	-53.909317
832.946702	-53.866090
833.178193	-53.615583
833.409813	-53.176826
833.641561	-52.595892
833.873439	-51.929776
834.105445	-51.230992
834.337581	-50.538304
834.569846	-49.876684
834.802241	-49.259991
835.034764	-48.694994
835.267418	-48.184844
835.500201	-47.731175
835.733114	-47.334785
835.966157	-46.996133
836.199329	-46.715215
836.432632	-46.491325
836.666065	-46.322521
836.899629	-46.206026
837.133323	-46.139043
837.367147	-46.120005
837.601102	-46.148685
837.835188	-46.224727
838.069405	-46.346834
838.303752	-46.511946
838.538231	-46.715780
838.772841	-46.951288
839.007582	-47.209018
839.242455	-47.478062
839.477459	-47.747436
839.712595	-48.005064
839.947863	-48.236032
840.183263	-48.420866
840.418794	-48.539687
840.654458	-48.577033
840.890254	-48.526009
841.126182	-48.388696
841.362242	-48.175006
841.598435	-47.900504
841.834761	-47.582154
842.071220	-47.236149
842.307811	-46.877222
842.544536	-46.519290
842.781393	-46.174498
843.018384	-45.852515
843.255508	-45.560005
843.492765	-45.301160
843.730156	-45.077699
843.967681	-44.889650
844.205339	-44.736752
844.443132	-44.619202
844.681058	-44.537263
844.919118	-44.490383
845.157313	-44.477122
845.395642	-44.494814
845.634105	-44.540184
845.872703	-44.609405
846.111436	-44.698741
846.350303	-44.804540
846.589306	-44.922777
846.828443	-45.048462
847.067716	-45.175078
847.307124	-45.294713
847.546667	-45.398498
847.786345	-45.477215
848.026160	-45.523052
848.266110	-45.530716
848.506195	-45.496631
848.746417	-45.418638
848.986775	-45.296428
849.227269	-45.132355
849.467899	-44.931830
849.708666	-44.701998
849.949569	-44.451709
850.190609	-44.189990
850.431785	-43.925177
850.673099	-43.664008
850.914549	-43.411642
851.156137	-43.172844
851.397861	-42.951769
851.639723	-42.751469
851.881723	-42.574420
852.123860	-42.422599
852.366135	-42.297598
852.608547	-42.199533
852.851098	-42.126982
853.093786	-42.077872
853.336613	-42.050371
853.579578	-42.042508
853.822681	-42.051195
854.065923	-42.072368
854.309304	-42.101117
854.552823	-42.131599
854.796481	-42.157098
855.040278	-42.170880
855.284215	-42.167090
855.528290	-42.141070
855.772505	-42.088968
856.016859	-42.008143
856.261353	-41.898064
856.505987	-41.759956
856.750760	-41.596428
856.995673	-41.411746
857.240727	-41.211837
857.485920	-41.003567
857.731254	-40.793285
857.976729	-40.586578
858.222343	-40.388304
858.468099	-40.202883
858.713995	-40.034262
858.960032	-39.885980
859.206211	-39.761034
859.452530	-39.661331
859.698991	-39.587588
859.945593	-39.539538
860.192336	-39.516413
860.439222	-39.516659
860.686248	-39.537619
860.933417	-39.575525
861.180728	-39.625792
861.428181	-39.682536
861.675776	-39.738444
861.923514	-39.785765
862.171394	-39.817998
862.419417	-39.830308
862.667582	-39.818873
862.915890	-39.780677
863.164342	-39.714641
863.412936	-39.622113
863.661674	-39.506577
863.910555	-39.372908
864.159579	-39.226653
864.408747	-39.073894
864.658059	-38.920512
864.907515	-38.771926
865.157114	-38.633063
865.406858	-38.508803
865.656746	-38.403659
865.906778	-38.321127
866.156955	-38.262985
866.407277	-38.229593
866.657743	-38.220686
866.908354	-38.235573
867.159110	-38.272876
867.410011	-38.329998
867.661057	-38.402450
867.912249	-38.484024
868.163586	-38.567053
868.415069	-38.643989
868.666697	-38.707878
868.918472	-38.753224
869.170392	-38.775647
869.422458	-38.771705
869.674671	-38.739133
869.927030	-38.677883
870.179536	-38.590911
870.432188	-38.483984
870.684987	-38.363816
870.937933	-38.237063
871.191026	-38.109909
871.444266	-37.988376
871.697653	-37.877737
871.951188	-37.782582
872.204870	-37.706889
872.458700	-37.654280
872.712677	-37.626952
872.966803	-37.624978
873.221076	-37.646638
873.475498	-37.689446
873.730068	-37.750754
873.984787	-37.826962
874.239654	-37.912412
874.494669	-37.999722
874.749834	-38.080682
875.005147	-38.147179
875.260610	-38.191622
875.516222	-38.207921
875.771983	-38.192483
876.027894	-38.144297
876.283954	-38.064505
876.540164	-37.956994
876.796524	-37.828964
877.053033	-37.689857
877.309693	-37.549089
877.566503	-37.414801
877.823464	-37.293863
878.080575	-37.192036
878.337837	-37.113592
878.595249	-37.061287
878.852813	-37.036461
879.110528	-37.039076
879.368393	-37.067102
879.626410	-37.116547
879.884579	-37.182177
880.142899	-37.258274
880.401371	-37.338122
880.659994	-37.413278
880.918770	-37.473877
881.177698	-37.510834
881.436778	-37.517506
881.696010	-37.489996
881.955395	-37.427316
882.214933	-37.331734
882.474623	-37.209310
882.734467	-37.069135
882.994463	-36.922164
883.254613	-36.779540
883.514916	-36.650841
883.775372	-36.543196
884.035982	-36.461654
884.296746	-36.410006
884.557664	-36.390489
884.818735	-36.402801
885.079961	-36.443772
885.341341	-36.508260
885.602876	-36.589776
885.864565	-36.680643
886.126409	-36.771855
886.388407	-36.853176
886.650561	-36.913989
886.912870	-36.944856
887.175334	-36.939490
887.437953	-36.895810
887.700728	-36.816162
887.963658	-36.706647
888.226745	-36.576599
888.489987	-36.437632
888.753385	-36.302294
889.016940	-36.182200
889.280651	-36.086536
889.544518	-36.021586
889.808543	-35.990915
890.072723	-35.995644
890.337061	-36.034500
890.601556	-36.103196
890.866208	-36.194120
891.131017	-36.296784
891.395984	-36.399416
891.661109	-36.490007
891.926391	-36.556903
892.191831	-36.589701
892.457429	-36.581558
892.723186	-36.531274
892.989100	-36.443827
893.255173	-36.328686
893.521405	-36.197747
893.787796	-36.064199
894.054345	-35.941264
894.321053	-35.840623
894.587921	-35.770966
894.854948	-35.737780
895.122134	-35.743363
895.389480	-35.786611
895.656986	-35.862960
895.924651	-35.964230
896.192477	-36.078831
896.460463	-36.192127
896.728609	-36.287729
896.996915	-36.349999
897.265382	-36.367100
897.534010	-36.333111
897.802799	-36.249131
898.071749	-36.123669
898.340860	-35.971121
898.610132	-35.808886
898.879566	-35.653984
899.149162	-35.521041
899.418919	-35.422065
899.688838	-35.365784
899.958919	-35.356787
900.229162	-35.395228
900.499568	-35.477155
900.770136	-35.594989
901.040867	-35.737021
901.311761	-35.886874
901.582817	-36.024367
901.854037	-36.128092
902.125420	-36.179527
902.396966	-36.167406
902.668676	-36.090390
902.940550	-35.957013
903.212587	-35.783884
903.484788	-35.592664
903.757153	-35.406127
904.029683	-35.244467
904.302377	-35.122877
904.575236	-35.051318
904.848259	-35.034930
905.121447	-35.074468
905.394800	-35.165693
905.668319	-35.298590
905.942002	-35.457520
906.215852	-35.622078
906.489866	-35.768761
906.764047	-35.873358
907.038393	-35.915053
907.312906	-35.882152
907.587584	-35.775928
907.862429	-35.610111
908.137441	-35.406522
908.412619	-35.190337
908.687964	-34.986238
908.963476	-34.815327
909.239155	-34.693171
909.515002	-34.629094
909.791015	-34.626509
910.067197	-34.683035
910.343546	-34.790581
910.620063	-34.934950
910.896748	-35.095719
911.173601	-35.247611
911.450623	-35.363547
911.727813	-35.419516
912.005171	-35.400828
912.282699	-35.306717
912.560395	-35.149588
912.838261	-34.950697
913.116296	-34.735690
913.394500	-34.530695
913.672874	-34.357963
913.951418	-34.232788
914.230131	-34.162966
914.509015	-34.150603
914.788068	-34.192942
915.067292	-34.280892
915.346687	-34.397521
915.626252	-34.519592
915.905988	-34.621419
916.185895	-34.679059
916.465973	-34.674050
916.746223	-34.598348
917.026644	-34.458225
917.307236	-34.272620
917.588000	-34.066736
917.868937	-33.865731
918.150045	-33.691500
918.431325	-33.560862
918.712778	-33.484078
918.994404	-33.463608
919.276202	-33.494439
919.558173	-33.565448
919.840317	-33.659921
920.122634	-33.755372
920.405125	-33.825572
920.687789	-33.846339
920.970627	-33.802555
921.253639	-33.691964
921.536824	-33.524898
921.820184	-33.321847
922.103718	-33.108822
922.387427	-32.912117
922.671310	-32.753477
922.955368	-32.646983
923.239601	-32.599272
923.524009	-32.610516
923.808592	-32.673791
924.093351	-32.773686
924.378285	-32.886840
924.663396	-32.985543
924.948682	-33.042385
925.234144	-33.035214
925.519782	-32.953055
925.805597	-32.800639
926.091589	-32.597505
926.377757	-32.371236
926.664102	-32.150127
926.950624	-31.959131
927.237323	-31.817617
927.524200	-31.737533
927.811255	-31.722224
928.098487	-31.766618
928.385897	-31.858251
928.673485	-31.977589
928.961251	-32.098308
929.249196	-32.190557
929.537319	-32.228103
929.825621	-32.195717
930.114102	-32.092697
930.402762	-31.932700
930.691601	-31.739962
930.980620	-31.543209
931.269818	-31.368610
931.559196	-31.235605
931.848753	-31.155982
932.138491	-31.133899
932.428409	-31.165459
932.718508	-31.238062
933.008787	-31.331670
933.299246	-31.421736
933.589887	-31.483271
933.880709	-31.495510
934.171712	-31.447336
934.462896	-31.341904
934.754262	-31.195613
935.045810	-31.032306
935.337539	-30.876939
935.629451	-30.751026
935.921545	-30.669984
936.213822	-30.641586
936.506281	-30.664868
936.798922	-30.730577
937.091747	-30.822183
937.384755	-30.917597
937.677946	-30.992567
937.971321	-31.025532
938.264879	-31.003256
938.558621	-30.925157
938.852547	-30.803372
939.146657	-30.658494
939.440952	-30.513567
939.735431	-30.389430
940.030095	-30.301710
940.324943	-30.258732
940.619977	-30.260433
940.915196	-30.298432
941.210600	-30.357840
941.506189	-30.419712
941.801965	-30.464157
942.097926	-30.474180
942.394074	-30.441260
942.690407	-30.367827
942.986927	-30.265240
943.283634	-30.150013
943.580527	-30.039739
943.877608	-29.949949
944.174875	-29.890747
944.472330	-29.864498
944.769972	-29.866432
945.067802	-29.886327
945.365820	-29.909941
945.664026	-29.921527
945.962420	-29.907729
946.261002	-29.862242
946.559773	-29.788070
946.858733	-29.695746
947.157881	-29.600078
947.457219	-29.516608
947.756746	-29.458210
948.056462	-29.432173
948.356368	-29.438968
948.656464	-29.472304
948.956749	-29.520191
949.257225	-29.566902
949.557891	-29.595770
949.858748	-29.593849
950.159796	-29.555960
950.461034	-29.486443
950.762463	-29.397863
951.064084	-29.307169
951.365896	-29.231070
951.667900	-29.182120
951.970095	-29.166026
952.272483	-29.180721
952.575063	-29.216545
952.877835	-29.257681
953.180799	-29.285931
953.483956	-29.285582
953.787307	-29.247705
954.090850	-29.173090
954.394586	-29.072617
954.698516	-28.964435
955.002640	-28.868919
955.306957	-28.803219
955.611469	-28.777827
955.916174	-28.795098
956.221074	-28.848320
956.526169	-28.921929
956.831458	-28.994299
957.136942	-29.042829
957.442622	-29.050314
957.748496	-29.010179
958.054567	-28.928931
958.360833	-28.824430
958.667294	-28.720424
958.973952	-28.639747
959.280806	-28.598605
959.587857	-28.603460
959.895104	-28.649953
960.202548	-28.722839
960.510189	-28.797848
960.818027	-28.847262
961.126062	-28.847725
961.434295	-28.788222
961.742726	-28.674351
962.051355	-28.526614
962.360182	-28.373623
962.669207	-28.243497
962.978431	-28.157172
963.287854	-28.124926
963.597475	-28.144956
963.907296	-28.203101
964.217315	-28.275045
964.527535	-28.331446
964.837954	-28.346122
965.148573	-28.304703
965.459392	-28.209941
965.770411	-28.080797
966.081630	-27.945428
966.393051	-27.832601
966.704672	-27.764366
967.016494	-27.751298
967.328517	-27.791092
967.640742	-27.868262
967.953169	-27.956386
968.265797	-28.023812
968.578627	-28.042256
968.891660	-27.997085
969.204895	-27.893073
969.518332	-27.752451
969.831972	-27.606342
970.145816	-27.484291
970.459862	-27.407274
970.774112	-27.384035
971.088565	-27.409838
971.403223	-27.467251
971.718084	-27.529421
972.033149	-27.566864
972.348419	-27.556639
972.663893	-27.491170
972.979572	-27.380921
973.295456	-27.250138
973.611546	-27.128057
973.927840	-27.039777
974.244340	-27.000008
974.561046	-27.010597
974.877958	-27.060682
975.195076	-27.128801
975.512401	-27.188148
975.829932	-27.213970
976.147670	-27.192343
976.465615	-27.125480
976.783767	-27.030610
977.102126	-26.933522
977.420693	-26.858894
977.739468	-26.823169
978.058451	-26.830592
978.377642	-26.872265
978.697041	-26.928717
979.016649	-26.974636
979.336466	-26.986842
979.656492	-26.952858
979.976727	-26.875576
980.297171	-26.772170
980.617825	-26.666740
980.938689	-26.582037
981.259763	-26.532673
981.581048	-26.521562
981.902542	-26.539444
982.224248	-26.567583
982.546164	-26.583695
982.868291	-26.569756
983.190630	-26.518314
983.513180	-26.435707
983.835942	-26.339357
984.158916	-26.250685
984.482101	-26.187522
984.805500	-26.158506
985.129110	-26.161425
985.452934	-26.184017
985.776970	-26.207410
986.101220	-26.212685
986.425683	-26.187731
986.750359	-26.131850
987.075250	-26.055848
987.400354	-25.977435
987.725673	-25.914127
988.051206	-25.877105
988.376954	-25.867769
988.702916	-25.877298
989.029094	-25.889895
989.355487	-25.888582
989.682095	-25.861575
990.008919	-25.807126
990.335959	-25.734089
990.663216	-25.658006
990.990688	-25.594688
991.318377	-25.554458
991.646283	-25.538672
991.974406	-25.539450
992.302746	-25.542763
992.631304	-25.533759
992.960079	-25.503194
993.289072	-25.451436
993.618283	-25.388494
993.947713	-25.329762
994.277361	-25.289311
994.607227	-25.274377
994.937313	-25.282574
995.267618	-25.302275
995.598142	-25.317011
995.928886	-25.311659
996.259849	-25.279532
996.591033	-25.225637
996.922437	-25.164874
997.254061	-25.115777
997.585906	-25.092606
997.917972	-25.100157
998.250260	-25.131095
998.582768	-25.167737
998.915498	-25.188236
999.248450	-25.175809
999.581624	-25.126916
999.915020	-25.053007
1000.248639	-24.976166
1000.582480	-24.919427
1000.916545	-24.897810
1001.250832	-24.912881
1001.585343	-24.951675
1001.920077	-24.990839
1002.255035	-25.005033
1002.590218	-24.978628
1002.925624	-24.913146
1003.261255	-24.827018
1003.597111	-24.747138
1003.933192	-24.697307
1004.269497	-24.689071
1004.606029	-24.717343
1004.942785	-24.761977
1005.279768	-24.795167
1005.616977	-24.792813
1005.954412	-24.746084
1006.292074	-24.666070
1006.629962	-24.578115
1006.968077	-24.509756
1007.306420	-24.478894
1007.644990	-24.487288
1007.983787	-24.520137
1008.322813	-24.551419
1008.662067	-24.554714
1009.001549	-24.516412
1009.341259	-24.442605
1009.681199	-24.356126
1010.021367	-24.284784
1010.361765	-24.248800
1010.702392	-24.252513
1011.043250	-24.283120
1011.384337	-24.315934
1011.725654	-24.324944
1012.067202	-24.295339
1012.408980	-24.231723
1012.750989	-24.156049
1013.093230	-24.096216
1013.435702	-24.072966
1013.778405	-24.090478
1014.121341	-24.134664
1014.464508	-24.178139
1014.807908	-24.193355
1015.151540	-24.166449
1015.495405	-24.104813
1015.839503	-24.033151
1016.183835	-23.980918
1016.528400	-23.968412
1016.873198	-23.997493
1017.218231	-24.050430
1017.563498	-24.096542
1017.908999	-24.107553
1018.254735	-24.072387
1018.600707	-24.003668
1018.946913	-23.930722
1019.293354	-23.884581
1019.640032	-23.883368
1019.986945	-23.923864
1020.334094	-23.982522
1020.681480	-24.025673
1021.029102	-24.026855
1021.376961	-23.981563
1021.725058	-23.910105
1022.073391	-23.845971
1022.421962	-23.818824
1022.770772	-23.840283
1023.119819	-23.898116
1023.469104	-23.960935
1023.818628	-23.992867
1024.168391	-23.972986
1024.518393	-23.907891
1024.868634	-23.827724
1025.219115	-23.769259
1025.569836	-23.757164
1025.920796	-23.792166
1026.271997	-23.850959
1026.623438	-23.896676
1026.975121	-23.897358
1027.327044	-23.844582
1027.679208	-23.758449
1028.031614	-23.675974
1028.384262	-23.630540
1028.737152	-23.635000
1029.090284	-23.675912
1029.443659	-23.720638
1029.797276	-23.734329
1030.151137	-23.699587
1030.505240	-23.625867
1030.859587	-23.543512
1031.214178	-23.486714
1031.569013	-23.475321
1031.924093	-23.504663
1032.279417	-23.547833
1032.634985	-23.570503
1032.990799	-23.551332
1033.346858	-23.494349
1033.703162	-23.425188
1034.059712	-23.374493
1034.416509	-23.361874
1034.773551	-23.386201
1035.130841	-23.425610
1035.488377	-23.448611
1035.846160	-23.433591
1036.204190	-23.383442
1036.562468	-23.323182
1036.920994	-23.282458
1037.279768	-23.278017
1037.638790	-23.305835
1037.998061	-23.344027
1038.357581	-23.364715
1038.717350	-23.350131
1039.077368	-23.305059
1039.437636	-23.254672
1039.798154	-23.227994
1040.158922	-23.239198
1040.519940	-23.278994
1040.881209	-23.320409
1041.242729	-23.335378
1041.604501	-23.312147
1041.966524	-23.262699
1042.328798	-23.215609
1042.691325	-23.198638
1043.054103	-23.221303
1043.417135	-23.268049
1043.780419	-23.306008
1044.143956	-23.305331
1044.507746	-23.260273
1044.871791	-23.193105
1045.236088	-23.138878
1045.600641	-23.123517
1045.965447	-23.149720
1046.330508	-23.194486
1046.695824	-23.220872
1047.061395	-23.200754
1047.427222	-23.134700
1047.793304	-23.052265
1048.159642	-22.992187
1048.526237	-22.977398
1048.893088	-23.002686
1049.260196	-23.037963
1049.627561	-23.046008
1049.995183	-23.005706
1050.363063	-22.925712
1050.731201	-22.839231
1051.099597	-22.781621
1051.468251	-22.769518
1051.837164	-22.791692
1052.206336	-22.816319
1052.575767	-22.810944
1052.945458	-22.764380
1053.315409	-22.692239
1053.685619	-22.624774
1054.056090	-22.586643
1054.426821	-22.582939
1054.797814	-22.597382
1055.169067	-22.603507
1055.540582	-22.582325
1055.912359	-22.535768
1056.284398	-22.483408
1056.656698	-22.446938
1057.029262	-22.435416
1057.402088	-22.441133
1057.775177	-22.446367
1058.148530	-22.435748
1058.522146	-22.407203
1058.896027	-22.372384
1059.270171	-22.347361
1059.644580	-22.339473
1060.019254	-22.342162
1060.394193	-22.340981
1060.769397	-22.325373
1061.144867	-22.296925
1061.520602	-22.268109
1061.896604	-22.252207
1062.272872	-22.252470
1062.649407	-22.258494
1063.026210	-22.252839
1063.403279	-22.225417
1063.780616	-22.182729
1064.158221	-22.143563
1064.536094	-22.124639
1064.914235	-22.127800
1065.292645	-22.137159
1065.671325	-22.129025
1066.050273	-22.090032
1066.429491	-22.028196
1066.808979	-21.968709
1067.188738	-21.934332
1067.568766	-21.928517
1067.949066	-21.932245
1068.329636	-21.917101
1068.710478	-21.866827
1069.091592	-21.790598
1069.472977	-21.717347
1069.854635	-21.673983
1070.236565	-21.666072
1070.618768	-21.671950
1071.001243	-21.657838
1071.383993	-21.603185
1071.767016	-21.518357
1072.150313	-21.437807
1072.533884	-21.393948
1072.917730	-21.393660
1073.301850	-21.411753
1073.686246	-21.407723
1074.070917	-21.356075
1074.455864	-21.268862
1074.841087	-21.187006
1075.226586	-21.148973
1075.612362	-21.162381
1075.998415	-21.198172
1076.384745	-21.210582
1076.771353	-21.172236
1077.158238	-21.096290
1077.545401	-21.025642
1077.932843	-20.998814
1078.320564	-21.022062
1078.708564	-21.065279
1079.096842	-21.083165
1079.485401	-21.050379
1079.874240	-20.981829
1080.263358	-20.919308
1080.652757	-20.897715
1081.042438	-20.920482
1081.432399	-20.957900
1081.822641	-20.969338
1082.213166	-20.935277
1082.603972	-20.873333
1082.995061	-20.821833
1083.386433	-20.808155
1083.778087	-20.828655
1084.170025	-20.852903
1084.562246	-20.847537
1084.954751	-20.802768
1085.347541	-20.739148
1085.740615	-20.688614
1086.133973	-20.668092
1086.527617	-20.667529
1086.921546	-20.659995
1087.315761	-20.624403
1087.710262	-20.562490
1088.105050	-20.495919
1088.500124	-20.447805
1088.895485	-20.424380
1089.291134	-20.412026
1089.687070	-20.389031
1090.083294	-20.344403
1090.479806	-20.286741
1090.876607	-20.236005
1091.273696	-20.205426
1091.671075	-20.189922
1092.068744	-20.170218
1092.466702	-20.130563
1092.864950	-20.073409
1093.263489	-20.017323
1093.662319	-19.978932
1094.061440	-19.957084
1094.460852	-19.933719
1094.860555	-19.891522
1095.260551	-19.832715
1095.660840	-19.778971
1096.061421	-19.751244
1096.462295	-19.748813
1096.863462	-19.748736
1097.264923	-19.727202
1097.666678	-19.684439
1098.068727	-19.646931
1098.471071	-19.642348
1098.873710	-19.670803
1099.276644	-19.700555
1099.679874	-19.695049
1100.083400	-19.650037
1100.487222	-19.599644
1100.891340	-19.583505
1101.295756	-19.607092
1101.700468	-19.633136
1102.105478	-19.613580
1102.510787	-19.538138
1102.916393	-19.448739
1103.322298	-19.400429
1103.728502	-19.409337
1104.135005	-19.436159
1104.541807	-19.420646
1104.948909	-19.342026
1105.356312	-19.243867
1105.764015	-19.191860
1106.172019	-19.210982
1106.580324	-19.261254
1106.988931	-19.272078
1107.397840	-19.212030
1107.807051	-19.122087
1108.216564	-19.070885
1108.626380	-19.085946
1109.036500	-19.128176
1109.446923	-19.128379
1109.857649	-19.055962
1110.268680	-18.949487
1110.680016	-18.873050
1111.091657	-18.852072
1111.503602	-18.853241
1111.915854	-18.820367
1112.328411	-18.732211
1112.741275	-18.623431
1113.154445	-18.546505
1113.567922	-18.521270
1113.981706	-18.520322
1114.395798	-18.499482
1114.810198	-18.443499
1115.224906	-18.380071
1115.639923	-18.348488
1116.055249	-18.360792
1116.470884	-18.392850
1116.886829	-18.409537
1117.303084	-18.398158
1117.719650	-18.377028
1118.136526	-18.372982
1118.553713	-18.394926
1118.971212	-18.426782
1119.389022	-18.441891
1119.807145	-18.425075
1120.225580	-18.385913
1120.644328	-18.350529
1121.063389	-18.336982
1121.482763	-18.334916
1121.902452	-18.312269
1122.322454	-18.249850
1122.742771	-18.168177
1123.163404	-18.109136
1123.584351	-18.089174
1124.005614	-18.078638
1124.427193	-18.034907
1124.849089	-17.956121
1125.271301	-17.886855
1125.693830	-17.865381
1126.116677	-17.879303
1126.539842	-17.880523
1126.963324	-17.841879
1127.387126	-17.788367
1127.811246	-17.764066
1128.235685	-17.780969
1128.660444	-17.808019
1129.085522	-17.806090
1129.510922	-17.768396
1129.936641	-17.723975
1130.362682	-17.704490
1130.789044	-17.712274
1131.215728	-17.717020
1131.642734	-17.685269
1132.070063	-17.617289
1132.497714	-17.549677
1132.925689	-17.515135
1133.353987	-17.504319
1133.782610	-17.475611
1134.211556	-17.406591
1134.640827	-17.324664
1135.070424	-17.271895
1135.500345	-17.252910
1135.930593	-17.233395
1136.361166	-17.188275
1136.792067	-17.133454
1137.223294	-17.099293
1137.654848	-17.090017
1138.086730	-17.085368
1138.518940	-17.073472
1138.951479	-17.062394
1139.384346	-17.059308
1139.817543	-17.058787
1140.251069	-17.059088
1140.684925	-17.070182
1141.119111	-17.092460
1141.553628	-17.104348
1141.988475	-17.091416
1142.423655	-17.076044
1142.859166	-17.088784
1143.295009	-17.116539
1143.731185	-17.110838
1144.167694	-17.059786
1144.604536	-17.014585
1145.041711	-17.016038
1145.479221	-17.027992
1145.917065	-16.983651
1146.355245	-16.888710
1146.793759	-16.819648
1147.232609	-16.811588
1147.671795	-16.804593
1148.111317	-16.729599
1148.551177	-16.615457
1148.991373	-16.547442
1149.431907	-16.541695
1149.872779	-16.523670
1150.313989	-16.439566
1150.755538	-16.338238
1151.197426	-16.295181
1151.639653	-16.302510
1152.082220	-16.284012
1152.525128	-16.209609
1152.968376	-16.137959
1153.411966	-16.125383
1153.855897	-16.146341
1154.300169	-16.134667
1154.744784	-16.080111
1155.189742	-16.037832
1155.635042	-16.044603
1156.080687	-16.071137
1156.526674	-16.068004
1156.973007	-16.033320
1157.419683	-16.008461
1157.866705	-16.018543
1158.314072	-16.042886
1158.761786	-16.045544
1159.209845	-16.020698
1159.658251	-15.996785
1160.107004	-15.998692
1160.556104	-16.016304
1161.005553	-16.016014
1161.455349	-15.984564
1161.905494	-15.949416
1162.355989	-15.941492
1162.806832	-15.949245
1163.258026	-15.931939
1163.709570	-15.880183
1164.161464	-15.833743
1164.613710	-15.822083
1165.066307	-15.816638
1165.519256	-15.771775
1165.972558	-15.698904
1166.426212	-15.652201
1166.880219	-15.644179
1167.334580	-15.623740
1167.789295	-15.554690
1168.244364	-15.475945
1168.699788	-15.442465
1169.155567	-15.439809
1169.611702	-15.405519
1170.068193	-15.327024
1170.525041	-15.262127
1170.982245	-15.248758
1171.439807	-15.248492
1171.897726	-15.207147
1172.356004	-15.138643
1172.814640	-15.100055
1173.273635	-15.102794
1173.732989	-15.099592
1174.192703	-15.060497
1174.652778	-15.016846
1175.113213	-15.006688
1175.574009	-15.016630
1176.035167	-15.008277
1176.496687	-14.979904
1176.958569	-14.964057
1177.420814	-14.971535
1177.883422	-14.976673
1178.346394	-14.963018
1178.809730	-14.948709
1179.273430	-14.951530
1179.737496	-14.957883
1180.201927	-14.947727
1180.666723	-14.929758
1181.131886	-14.925179
1181.597416	-14.928866
1182.063312	-14.917112
1182.529576	-14.889670
1182.996209	-14.871100
1183.463209	-14.868293
1183.930579	-14.857506
1184.398317	-14.824145
1184.866426	-14.788788
1185.334904	-14.772872
1185.803754	-14.762008
1186.272974	-14.730365
1186.742566	-14.685142
1187.212529	-14.654852
1187.682865	-14.641489
1188.153574	-14.617364
1188.624656	-14.572136
1189.096112	-14.531088
1189.567942	-14.512511
1190.040147	-14.497332
1190.512726	-14.461593
1190.985681	-14.416678
1191.459012	-14.390032
1191.932720	-14.379812
1192.406804	-14.358675
1192.881265	-14.319824
1193.356104	-14.287544
1193.831322	-14.275964
1194.306918	-14.266718
1194.782893	-14.240280
1195.259248	-14.208090
1195.735982	-14.192200
1196.213097	-14.188860
1196.690593	-14.175964
1197.168471	-14.149701
1197.646730	-14.129736
1198.125371	-14.126253
1198.604395	-14.124566
1199.083803	-14.110140
1199.563594	-14.090959
1200.043769	-14.083231
1200.524329	-14.086273
1201.005273	-14.085169
1201.486604	-14.074410
1201.968320	-14.063994
1202.450422	-14.062972
1202.932912	-14.067381
1203.415789	-14.066910
1203.899054	-14.059255
1204.382707	-14.051957
1204.866748	-14.051340
1205.351179	-14.054401
1205.836000	-14.051957
1206.321211	-14.041363
1206.806812	-14.031474
1207.292805	-14.029591
1207.779189	-14.029636
1208.265965	-14.020018
1208.753134	-14.002518
1209.240696	-13.990995
1209.728651	-13.988606
1210.217000	-13.981642
1210.705744	-13.962176
1211.194883	-13.942015
1211.684417	-13.933202
1212.174347	-13.926856
1212.664673	-13.908377
1213.155396	-13.883963
1213.646516	-13.869630
1214.138034	-13.862497
1214.629951	-13.845192
1215.122266	-13.817432
1215.614980	-13.797991
1216.108095	-13.790530
1216.601609	-13.775697
1217.095524	-13.745589
1217.589841	-13.719413
1218.084559	-13.709941
1218.579679	-13.699415
1219.075202	-13.670300
1219.571128	-13.637800
1220.067458	-13.623701
1220.564191	-13.617457
1221.061330	-13.594054
1221.558874	-13.559017
1222.056823	-13.539458
1222.555178	-13.535577
1223.053940	-13.519910
1223.553109	-13.486394
1224.052686	-13.461640
1224.552671	-13.457396
1225.053065	-13.449298
1225.553867	-13.420487
1226.055079	-13.391817
1226.556702	-13.384060
1227.058735	-13.380892
1227.561179	-13.358676
1228.064035	-13.328854
1228.567303	-13.316211
1229.070983	-13.314116
1229.575077	-13.297416
1230.079585	-13.268612
1230.584506	-13.251917
1231.089842	-13.248371
1231.595594	-13.234866
1232.101761	-13.207299
1232.608345	-13.187612
1233.115345	-13.182378
1233.622762	-13.171291
1234.130597	-13.145468
1234.638851	-13.123225
1235.147523	-13.115259
1235.656615	-13.105292
1236.166126	-13.081445
1236.676058	-13.057899
1237.186411	-13.046649
1237.697185	-13.034998
1238.208381	-13.010940
1238.719999	-12.986260
1239.232040	-12.972994
1239.744505	-12.959680
1240.257394	-12.933804
1240.770708	-12.906655
1241.284446	-12.891737
1241.798610	-12.878451
1242.313201	-12.852250
1242.828218	-12.822749
1243.343662	-12.805617
1243.859534	-12.792845
1244.375834	-12.768484
1244.892563	-12.739054
1245.409721	-12.720899
1245.927309	-12.709004
1246.445327	-12.687504
1246.963777	-12.660610
1247.482657	-12.643651
1248.001970	-12.633398
1248.521716	-12.614850
1249.041894	-12.590860
1249.562506	-12.575869
1250.083553	-12.567380
1250.605034	-12.551233
1251.126950	-12.529359
1251.649302	-12.515733
1252.172091	-12.508495
1252.695316	-12.494102
1253.218979	-12.474073
1253.743079	-12.461445
1254.267619	-12.454834
1254.792597	-12.441553
1255.318015	-12.423211
1255.843874	-12.412088
1256.370173	-12.406547
1256.896913	-12.394433
1257.424095	-12.377561
1257.951720	-12.368152
1258.479787	-12.364464
1259.008298	-12.354459
1259.537254	-12.339694
1260.066654	-12.332061
1260.596499	-12.330255
1261.126790	-12.322739
1261.657527	-12.310461
1262.188711	-12.304255
1262.720342	-12.303422
1263.252422	-12.297969
1263.784950	-12.288324
1264.317928	-12.283379
1264.851355	-12.282617
1265.385232	-12.278415
1265.919560	-12.271496
1266.454340	-12.268144
1266.989572	-12.267119
1267.525256	-12.263313
1268.061394	-12.258541
1268.597985	-12.256452
1269.135031	-12.254600
1269.672531	-12.250420
1270.210487	-12.247039
1270.748899	-12.245565
1271.287768	-12.242090
1271.827094	-12.236850
1272.366877	-12.234229
1272.907119	-12.232720
1273.447820	-12.227050
1273.988981	-12.220172
1274.530601	-12.217876
1275.072683	-12.215977
1275.615226	-12.208447
1276.158230	-12.200695
1276.701697	-12.199118
1277.245627	-12.197158
1277.790021	-12.188740
1278.334879	-12.181445
1278.880202	-12.181008
1279.425991	-12.178758
1279.972245	-12.169598
1280.518966	-12.163093
1281.066155	-12.163246
1281.613811	-12.159738
1282.161936	-12.149738
1282.710529	-12.143829
1283.259593	-12.143323
1283.809126	-12.137530
1284.359131	-12.126770
1284.909607	-12.121377
1285.460555	-12.119111
1286.011976	-12.110536
1286.563870	-12.099839
1287.116237	-12.095268
1287.669080	-12.091002
1288.222397	-12.080507
1288.776191	-12.071039
1289.330460	-12.066988
1289.885207	-12.060116
1290.440431	-12.048401
1290.996133	-12.040275
1291.552314	-12.035171
1292.108975	-12.024863
1292.666115	-12.012502
1293.223737	-12.005280
1293.781839	-11.997754
1294.340424	-11.984513
1294.899491	-11.972972
1295.459041	-11.966097
1296.019075	-11.955528
1296.579593	-11.941146
1297.140597	-11.931593
1297.702086	-11.924096
1298.264061	-11.910863
1298.826524	-11.897330
1299.389474	-11.889344
1299.952912	-11.879460
1300.516839	-11.864248
1301.081255	-11.852269
1301.646162	-11.843742
1302.211559	-11.830300
1302.777448	-11.814953
1303.343829	-11.804821
1303.910702	-11.794185
1304.478069	-11.778927
1305.045930	-11.766647
1305.614285	-11.758116
1306.183136	-11.745148
1306.752483	-11.731241
1307.322326	-11.723432
1307.892666	-11.714521
1308.463504	-11.700019
1309.034841	-11.689691
1309.606677	-11.684233
1310.179012	-11.672811
1310.751849	-11.659068
1311.325186	-11.652809
1311.899025	-11.646407
1312.473366	-11.633254
1313.048211	-11.624146
1313.623559	-11.621199
1314.199412	-11.612837
1314.775770	-11.602299
1315.352634	-11.599936
1315.930004	-11.597518
1316.507881	-11.588440
1317.086266	-11.583919
1317.665159	-11.585051
1318.244562	-11.580006
1318.824474	-11.573344
1319.404897	-11.574396
1319.985831	-11.573726
1320.567276	-11.567077
1321.149234	-11.566392
1321.731706	-11.569306
1322.314691	-11.564797
1322.898190	-11.561721
1323.482205	-11.566833
1324.066736	-11.566662
1324.651783	-11.561316
1325.237347	-11.564987
1325.823430	-11.569982
1326.410031	-11.565296
1326.997151	-11.564675
1327.584791	-11.572450
1328.172952	-11.572446
1328.761634	-11.568858
1329.350839	-11.576272
1329.940566	-11.583134
1330.530817	-11.581261
1331.121592	-11.586167
1331.712891	-11.597530
1332.304716	-11.600432
1332.897068	-11.603432
1333.489946	-11.615535
1334.083352	-11.623451
1334.677287	-11.626512
1335.271750	-11.637411
1335.866744	-11.648437
1336.462268	-11.652683
1337.058323	-11.662578
1337.654910	-11.676086
1338.252029	-11.681924
1338.849682	-11.690293
1339.447869	-11.705504
1340.046591	-11.713136
1340.645848	-11.718145
1341.245641	-11.732315
1341.845972	-11.742454
1342.446840	-11.744986
1343.048246	-11.755784
1343.650191	-11.768070
1344.252677	-11.770460
1344.855702	-11.777679
1345.459269	-11.791296
1346.063379	-11.795725
1346.668030	-11.800357
1347.273226	-11.814132
1347.878965	-11.821081
1348.485250	-11.823710
1349.092080	-11.836423
1349.699456	-11.846261
1350.307380	-11.848251
1350.915851	-11.859510
1351.524871	-11.872810
1352.134441	-11.876165
1352.744560	-11.885863
1353.355231	-11.901912
1353.966453	-11.907650
1354.578227	-11.914834
1355.190555	-11.931146
1355.803436	-11.938967
1356.416872	-11.943406
1357.030863	-11.957639
1357.645411	-11.966808
1358.260515	-11.969533
1358.876177	-11.981203
1359.492397	-11.991301
1360.109176	-11.993560
1360.726516	-12.003157
1361.344416	-12.013518
1361.962877	-12.015312
1362.581901	-12.022784
1363.201487	-12.032823
1363.821637	-12.033750
1364.442352	-12.039310
1365.063632	-12.049864
1365.685478	-12.050804
1366.307891	-12.054395
1366.930871	-12.065389
1367.554420	-12.067025
1368.178538	-12.068198
1368.803226	-12.078310
1369.428485	-12.080445
1370.054315	-12.079274
1370.680717	-12.087529
1371.307693	-12.090052
1371.935242	-12.087272
1372.563366	-12.093904
1373.192065	-12.097232
1373.821341	-12.094219
1374.451193	-12.099730
1375.081623	-12.103729
1375.712632	-12.101036
1376.344221	-12.105848
1376.976389	-12.110097
1377.609139	-12.107840
1378.242470	-12.112883
1378.876384	-12.118034
1379.510881	-12.116571
1380.145963	-12.122446
1380.781629	-12.128894
1381.417881	-12.128290
1382.054720	-12.134809
1382.692147	-12.142489
1383.330161	-12.142716
1383.968765	-12.150082
1384.607959	-12.159107
1385.247743	-12.160079
1385.888119	-12.167877
1386.529087	-12.177649
1387.170648	-12.178829
1387.812804	-12.186312
1388.455554	-12.195959
1389.098899	-12.196935
1389.742842	-12.204162
1390.387381	-12.213587
1391.032519	-12.214253
1391.678256	-12.221029
1392.324592	-12.229650
1392.971529	-12.229368
1393.619068	-12.235368
1394.267208	-12.243279
1394.915952	-12.243113
1395.565300	-12.249792
1396.215253	-12.258091
1396.865812	-12.258636
1397.516977	-12.266064
1398.168749	-12.273824
1398.821130	-12.273960
1399.474120	-12.281129
1400.127719	-12.287491
1400.781930	-12.287039
1401.436752	-12.294175
1402.092186	-12.299168
1402.748234	-12.298120
1403.404897	-12.305038
1404.062174	-12.308437
1404.720067	-12.306883
1405.378577	-12.313978
1406.037705	-12.317129
1406.697451	-12.317420
1407.357817	-12.326717
1408.018803	-12.331090
1408.680410	-12.334016
1409.342639	-12.344608
1410.005492	-12.348583
1410.668968	-12.352775
1411.333068	-12.363621
1411.997795	-12.367442
1412.663147	-12.374090
1413.329127	-12.385889
1413.995736	-12.390195
1414.662973	-12.398965
1415.330840	-12.409945
1415.999339	-12.413215
1416.668469	-12.422624
1417.338232	-12.431872
1418.008628	-12.435298
1418.679659	-12.447226
1419.351325	-12.456854
1420.023628	-12.462675
1420.696568	-12.477367
1421.370145	-12.486616
1422.044362	-12.493820
1422.719219	-12.508583
1423.394717	-12.515511
1424.070856	-12.523113
1424.747638	-12.536245
1425.425064	-12.540792
1426.103134	-12.549506
1426.781850	-12.561474
1427.461212	-12.565813
1428.141221	-12.576844
1428.821878	-12.587150
1429.503185	-12.590611
1430.185141	-12.600636
1430.867749	-12.605438
1431.551008	-12.606418
1432.234920	-12.614694
1432.919486	-12.617361
1433.604707	-12.622414
1434.290583	-12.634174
1434.977116	-12.639354
1435.664307	-12.648749
1436.352156	-12.658464
1437.040664	-12.659283
1437.729833	-12.664526
1438.419663	-12.665801
1439.110156	-12.662332
1439.801312	-12.666502
1440.493132	-12.667041
1441.185617	-12.670167
1441.878768	-12.681424
1442.572586	-12.688669
1443.267072	-12.701626
1443.962228	-12.716223
1444.658053	-12.723023
1445.354549	-12.732693
1446.051717	-12.735407
1446.749558	-12.731369
1447.448073	-12.731571
1448.147263	-12.726494
1448.847128	-12.725620
1449.547671	-12.733022
1450.248891	-12.739264
1450.950789	-12.755014
1451.653368	-12.773188
1452.356627	-12.787908
1453.060568	-12.807322
1453.765192	-12.818309
1454.470500	-12.823556
1455.176492	-12.827209
1455.883170	-12.819482
1456.590534	-12.813124
1457.298586	-12.808231
1458.007327	-12.803163
1458.716758	-12.810878
1459.426880	-12.822614
1460.137693	-12.840235
1460.849199	-12.866652
1461.561398	-12.888902
1462.274293	-12.912922
1462.987883	-12.932981
1463.702170	-12.942656
1464.417155	-12.950239
1465.132838	-12.946960
1465.849222	-12.938914
1466.566306	-12.932370
1467.284093	-12.921889
1468.002582	-12.920208
1468.721775	-12.924066
1469.441674	-12.931914
1470.162278	-12.952471
1470.883590	-12.975508
1471.605609	-13.005636
1472.328338	-13.042331
1473.051777	-13.075376
1473.775928	-13.110645
1474.500790	-13.138700
1475.226367	-13.158592
1475.952657	-13.175135
1476.679663	-13.179952
1477.407386	-13.182044
1478.135826	-13.180025
1478.864985	-13.173477
1479.594863	-13.174189
1480.325463	-13.178791
1481.056784	-13.197301
1481.788828	-13.233944
1482.521597	-13.285278
1483.255090	-13.359558
1483.989309	-13.448270
1484.724256	-13.549486
1485.459931	-13.658392
1486.196336	-13.756060
1486.933471	-13.835206
1487.671337	-13.874377
1488.409937	-13.860726
1489.149270	-13.790002
1489.889337	-13.654078
1490.630141	-13.466703
1491.371682	-13.236235
1492.113961	-12.980725
1492.856979	-12.723760
1493.600738	-12.478603
1494.345238	-12.267492
1495.090481	-12.099642
1495.836467	-11.983661
1496.583198	-11.929455
1497.330675	-11.935584
1498.078899	-12.008092
1498.827872	-12.142173
1499.577593	-12.329252
1500.328065	-12.562871
1501.079289	-12.822362
1501.831265	-13.093244
1502.583995	-13.351768
1503.337480	-13.571356
1504.091721	-13.735556
1504.846719	-13.826447
1505.602475	-13.850177
1506.358991	-13.819087
1507.116268	-13.756264
1507.874306	-13.693796
1508.633108	-13.654315
1509.392673	-13.669733
1510.153004	-13.760784
1510.914101	-13.946257
1511.675965	-14.245364
1512.438599	-14.665298
1513.202002	-15.221546
1513.966176	-15.915019
1514.731122	-16.732359
1515.496842	-17.622964
1516.263336	-18.446821
1517.030607	-18.971546
1517.798654	-18.919950
1518.567479	-18.224188
1519.337083	-17.079952
1520.107468	-15.759894
1520.878634	-14.447908
1521.650584	-13.224738
1522.423317	-12.125280
1523.196836	-11.149858
1523.971141	-10.293819
1524.746233	-9.547015
1525.522115	-8.897517
1526.298786	-8.339148
1527.076249	-7.861546
1527.854504	-7.458024
1528.633553	-7.121771
1529.413397	-6.846428
1530.194037	-6.629537
1530.975474	-6.464978
1531.757709	-6.349022
1532.540745	-6.277514
1533.324581	-6.246697
1534.109220	-6.255515
1534.894662	-6.299427
1535.680909	-6.377048
1536.467961	-6.487125
1537.255821	-6.628878
1538.044489	-6.804058
1538.833967	-7.010869
1539.624256	-7.252118
1540.415357	-7.531300
1541.207271	-7.851785
1542.000000	-8.219645
1542.793545	-8.638239
1543.587907	-9.116945
1544.383087	-9.664626
1545.179088	-10.290197
1545.975909	-11.007473
1546.773552	-11.829909
1547.572019	-12.782287
1548.371311	-13.891675
1549.171428	-15.197508
1549.972373	-16.765067
1550.774147	-18.695585
1551.576751	-21.187379
1552.380185	-24.648755
1553.184453	-30.341212
1553.989554	-49.310330
1554.795490	-32.445077
1555.602263	-26.129045
1556.409873	-22.667650
1557.218322	-20.326080
1558.027612	-18.598263
1558.837743	-17.263621
1559.648717	-16.204003
1560.460536	-15.352568
1561.273200	-14.660288
1562.086710	-14.102916
1562.901069	-13.657847
1563.716278	-13.309491
1564.532337	-13.043940
1565.349249	-12.851525
1566.167014	-12.728830
1566.985634	-12.666480
1567.805111	-12.660118
1568.625444	-12.702716
1569.446637	-12.792881
1570.268690	-12.925707
1571.091605	-13.094347
1571.915382	-13.294594
1572.740024	-13.520240
1573.565532	-13.767593
1574.391907	-14.025180
1575.219150	-14.286552
1576.047262	-14.541273
1576.876246	-14.780952
1577.706103	-14.991962
1578.536833	-15.164043
1579.368439	-15.293235
1580.200922	-15.375381
1581.034282	-15.409789
1581.868522	-15.392940
1582.703643	-15.334125
1583.539646	-15.239987
1584.376532	-15.121835
1585.214304	-14.984281
1586.052962	-14.837813
1586.892508	-14.690225
1587.732943	-14.546679
1588.574269	-14.410611
1589.416487	-14.284919
1590.259599	-14.174673
1591.103605	-14.076679
1591.948508	-13.991561
1592.794309	-13.918660
1593.641009	-13.861350
1594.488609	-13.812818
1595.337112	-13.769056
1596.186518	-13.728286
1597.036829	-13.692280
1597.888047	-13.657354
1598.740172	-13.618163
1599.593207	-13.575358
1600.447153	-13.526869
1601.302010	-13.473229
1602.157782	-13.412316
1603.014469	-13.350186
1603.872072	-13.285170
1604.730593	-13.218446
1605.590034	-13.152256
1606.450397	-13.094000
1607.311681	-13.044154
1608.173890	-13.003558
1609.037024	-12.976828
1609.901085	-12.968672
1610.766075	-12.979214
1611.631995	-13.007279
1612.498846	-13.058764
1613.366630	-13.133619
1614.235349	-13.231705
1615.105004	-13.349506
1615.975596	-13.490701
1616.847128	-13.648952
1617.719600	-13.821733
1618.593014	-14.004828
1619.467372	-14.196607
1620.342675	-14.385690
1621.218924	-14.568245
1622.096122	-14.740511
1622.974270	-14.897724
1623.853369	-15.030595
1624.733420	-15.142567
1625.614427	-15.235221
1626.496389	-15.305869
1627.379308	-15.357360
1628.263187	-15.399433
1629.148026	-15.438292
1630.033828	-15.473894
1630.920593	-15.515172
1631.808324	-15.565599
1632.697022	-15.626077
1633.586688	-15.697726
1634.477324	-15.786066
1635.368932	-15.883123
1636.261514	-15.986336
1637.155070	-16.096267
1638.049602	-16.212416
1638.945113	-16.322178
1639.841603	-16.428345
1640.739075	-16.530051
1641.637529	-16.623101
1642.536968	-16.703189
1643.437393	-16.778142
1644.338806	-16.842655
1645.241209	-16.896320
1646.144602	-16.943081
1647.048988	-16.983847
1647.954368	-17.011370
1648.860744	-17.033696
1649.768118	-17.051863
1650.676491	-17.060217
1651.585865	-17.059384
1652.496241	-17.057085
1653.407621	-17.046326
1654.320008	-17.030103
1655.233401	-17.014155
1656.147804	-16.993326
1657.063218	-16.962972
1657.979645	-16.933858
1658.897085	-16.901674
1659.815542	-16.859937
1660.735016	-16.812827
1661.655509	-16.761470
1662.577023	-16.700127
1663.499560	-16.638202
1664.423121	-16.574350
1665.347709	-16.503899
1666.273324	-16.434301
1667.199969	-16.371172
1668.127645	-16.303908
1669.056353	-16.239092
1669.986097	-16.176100
1670.916877	-16.107739
1671.848695	-16.036201
1672.781553	-15.967048
1673.715452	-15.888747
1674.650395	-15.808760
1675.586383	-15.729913
1676.523418	-15.648706
1677.461501	-15.568576
1678.400635	-15.494757
1679.340821	-15.416785
1680.282061	-15.343780
1681.224357	-15.274714
1682.167710	-15.202419
1683.112122	-15.131219
1684.057595	-15.063997
1685.004132	-14.991446
1685.951732	-14.922382
1686.900400	-14.855139
1687.850135	-14.784654
1688.800940	-14.719151
1689.752818	-14.655669
1690.705768	-14.590193
1691.659795	-14.530329
1692.614898	-14.471051
1693.571081	-14.409578
1694.528345	-14.353921
1695.486691	-14.295664
1696.446122	-14.238119
1697.406640	-14.184621
1698.368245	-14.129486
1699.330941	-14.077079
1700.294729	-14.028465
1701.259611	-13.974851
1702.225588	-13.926425
1703.192664	-13.879459
1704.160838	-13.830308
1705.130114	-13.785226
1706.100493	-13.739358
1707.071977	-13.694164
1708.044568	-13.652306
1709.018268	-13.606781
1709.993079	-13.564614
1710.969003	-13.525126
1711.946041	-13.482690
1712.924196	-13.445573
1713.903469	-13.407306
1714.883862	-13.369937
1715.865378	-13.336496
1716.848017	-13.300430
1717.831783	-13.267904
1718.816677	-13.237129
1719.802701	-13.204096
1720.789857	-13.175822
1721.778147	-13.145004
1722.767573	-13.116870
1723.758136	-13.091885
1724.749840	-13.063578
1725.742685	-13.040107
1726.736673	-13.015506
1727.731808	-12.991356
1728.728090	-12.969647
1729.725521	-12.945042
1730.724105	-12.924685
1731.723842	-12.904202
1732.724735	-12.882838
1733.726785	-12.865469
1734.729995	-12.844747
1735.734366	-12.828702
1736.739902	-12.811230
1737.746603	-12.792836
1738.754472	-12.779694
1739.763510	-12.762173
1740.773721	-12.749381
1741.785105	-12.735177
1742.797665	-12.721103
1743.811403	-12.708874
1744.826321	-12.693318
1745.842422	-12.682941
1746.859706	-12.670356
1747.878177	-12.659383
1748.897835	-12.649449
1749.918685	-12.638883
1750.940726	-12.631713
1751.963963	-12.620685
1752.988395	-12.613230
1754.014027	-12.604231
1755.040860	-12.595325
1756.068895	-12.589537
1757.098135	-12.582000
1758.128583	-12.578750
1759.160240	-12.572546
1760.193109	-12.568651
1761.227191	-12.563360
1762.262488	-12.558233
1763.299004	-12.555396
1764.336740	-12.549609
1765.375697	-12.547443
1766.415880	-12.542856
1767.457288	-12.542527
1768.499926	-12.540416
1769.543794	-12.539666
1770.588895	-12.538027
1771.635231	-12.535078
1772.682805	-12.535192
1773.731619	-12.532353
1774.781674	-12.535361
1775.832973	-12.533704
1776.885519	-12.537252
1777.939312	-12.539101
1778.994357	-12.541886
1780.050654	-12.544649
1781.108207	-12.547000
1782.167017	-12.552666
1783.227087	-12.555433
1784.288418	-12.562359
1785.351013	-12.564569
1786.414875	-12.572456
1787.480006	-12.576637
1788.546407	-12.584971
1789.614082	-12.588622
1790.683032	-12.595310
1791.753259	-12.600396
1792.824767	-12.606566
1793.897557	-12.613137
1794.971632	-12.618447
1796.046994	-12.626353
1797.123645	-12.630617
1798.201588	-12.639820
1799.280824	-12.644181
1800.361357	-12.654402
1801.443188	-12.659114
1802.526320	-12.669462
1803.610756	-12.674708
1804.696497	-12.684951
1805.783546	-12.690818
1806.871906	-12.702077
1807.961578	-12.709353
1809.052565	-12.721210
1810.144870	-12.728827
1811.238494	-12.740068
1812.333441	-12.748172
1813.429713	-12.760327
1814.527311	-12.768713
1815.626239	-12.782159
1816.726499	-12.791283
1817.828094	-12.805267
1818.931025	-12.815412
1820.035295	-12.829714
1821.140906	-12.839745
1822.247862	-12.854182
1823.356165	-12.865315
1824.465816	-12.880878
1825.576819	-12.893133
1826.689175	-12.909435
1827.802888	-12.921616
1828.917960	-12.939696
1830.034394	-12.952100
1831.152191	-12.969784
1832.271354	-12.982748
1833.391887	-13.001138
1834.513790	-13.013730
1835.637068	-13.032954
1836.761722	-13.045713
1837.887755	-13.066684
1839.015169	-13.080004
1840.143968	-13.099327
1841.274153	-13.112870
1842.405727	-13.132282
1843.538693	-13.147919
1844.673053	-13.167613
1845.808810	-13.185225
1846.945966	-13.203909
1848.084525	-13.224449
1849.224488	-13.243260
1850.365858	-13.265506
1851.508638	-13.281868
1852.652831	-13.304238
1853.798438	-13.321339
1854.945463	-13.345130
1856.093909	-13.363606
1857.243777	-13.387005
1858.395071	-13.406597
1859.547794	-13.427917
1860.701947	-13.448365
1861.857533	-13.467023
1863.014556	-13.491260
1864.173018	-13.508942
1865.332922	-13.535209
1866.494270	-13.553991
1867.657065	-13.578762
1868.821309	-13.599793
1869.987006	-13.622371
1871.154158	-13.645804
1872.322768	-13.665938
1873.492839	-13.693860
1874.664373	-13.715499
1875.837373	-13.743912
1877.011841	-13.766801
1878.187782	-13.792114
1879.365197	-13.819201
1880.544089	-13.842542
1881.724460	-13.872759
1882.906315	-13.894766
1884.089655	-13.924256
1885.274483	-13.950061
1886.460803	-13.976177
1887.648616	-14.006573
1888.837927	-14.029336
1890.028736	-14.061867
1891.221049	-14.085409
1892.414866	-14.115037
1893.610192	-14.142902
1894.807028	-14.167673
1896.005379	-14.200235
1897.205246	-14.224297
1898.406633	-14.251946
1899.609542	-14.279484
1900.813977	-14.301512
1902.019940	-14.331657
1903.227434	-14.353565
1904.436462	-14.378574
1905.647028	-14.405352
1906.859133	-14.425749
1908.072781	-14.452610
1909.287976	-14.473855
1910.504719	-14.494915
1911.723013	-14.520627
1912.942863	-14.539770
1914.164270	-14.563739
1915.387238	-14.588471
1916.611770	-14.605512
1917.837868	-14.632825
1919.065536	-14.651725
1920.294777	-14.671073
1921.525594	-14.697691
1922.757989	-14.713228
1923.991967	-14.737114
1925.227529	-14.761505
1926.464679	-14.776684
1927.703420	-14.801338
1928.943755	-14.820185
1930.185688	-14.836063
1931.429221	-14.861568
1932.674356	-14.878009
1933.921099	-14.895426
1935.169451	-14.916382
1936.419415	-14.929535
1937.670996	-14.943307
1938.924195	-14.963819
1940.179017	-14.974777
1941.435463	-14.988754
1942.693538	-15.005739
1943.953245	-15.011860
1945.214586	-15.019824
1946.477566	-15.034244
1947.742186	-15.035574
1949.008451	-15.041939
1950.276363	-15.052996
1951.545926	-15.050332
1952.817143	-15.050866
1954.090017	-15.057106
1955.364551	-15.050598
1956.640749	-15.047562
1957.918615	-15.053414
1959.198150	-15.044708
1960.479359	-15.039020
1961.762244	-15.039512
1963.046810	-15.030477
1964.333059	-15.018148
1965.620995	-15.014679
1966.910621	-15.006566
1968.201940	-14.991816
1969.494956	-14.984032
1970.789672	-14.977102
1972.086091	-14.960481
1973.384217	-14.946149
1974.684053	-14.940533
1975.985602	-14.927162
1977.288869	-14.910174
1978.593855	-14.902295
1979.900566	-14.893244
1981.209003	-14.870050
1982.519171	-14.854142
1983.831073	-14.846955
1985.144712	-14.828662
1986.460093	-14.805029
1987.777217	-14.791087
1989.096089	-14.776586
1990.416713	-14.747540
1991.739092	-14.723794
1993.063228	-14.707915
1994.389127	-14.686993
1995.716791	-14.657889
1997.046223	-14.630676
1998.377428	-14.609609
1999.710409	-14.578913
2001.045169	-14.546667
2002.381713	-14.518301
2003.720043	-14.497150
2005.060163	-14.466347
2006.402077	-14.425702
2007.745788	-14.393905
2009.091301	-14.367932
2010.438618	-14.337550
2011.787743	-14.298059
2013.138680	-14.265293
2014.491433	-14.238560
2015.846005	-14.205012
2017.202399	-14.164050
2018.560621	-14.128380
2019.920673	-14.103705
2021.282558	-14.077356
2022.646281	-14.042103
2024.011846	-14.004402
2025.379256	-13.977092
2026.748515	-13.953024
2028.119626	-13.925948
2029.492594	-13.893011
2030.867422	-13.861802
2032.244114	-13.837730
2033.622673	-13.813941
2035.003104	-13.785147
2036.385411	-13.751642
2037.769597	-13.721181
2039.155665	-13.697253
2040.543621	-13.674031
2041.933467	-13.642100
2043.325208	-13.604296
2044.718847	-13.570495
2046.114389	-13.544872
2047.511837	-13.522108
2048.911195	-13.490884
2050.312467	-13.451484
2051.715657	-13.414795
2053.120769	-13.384690
2054.527807	-13.360779
2055.936775	-13.332935
2057.347677	-13.298030
2058.760516	-13.262379
2060.175297	-13.228717
2061.592025	-13.201298
2063.010701	-13.176965
2064.431332	-13.152271
2065.853921	-13.122853
2067.278472	-13.089682
2068.704988	-13.057268
2070.133475	-13.031761
2071.563936	-13.013069
2072.996375	-12.994766
2074.430796	-12.974482
2075.867204	-12.949951
2077.305603	-12.923572
2078.745996	-12.901515
2080.188389	-12.883182
2081.632784	-12.869855
2083.079187	-12.857713
2084.527601	-12.841858
2085.978030	-12.823339
2087.430480	-12.801835
2088.884954	-12.780151
2090.341455	-12.759893
2091.799990	-12.742852
2093.260561	-12.727744
2094.723173	-12.712569
2096.187831	-12.696789
2097.654538	-12.679061
2099.123300	-12.657821
2100.594119	-12.632712
2102.067001	-12.607875
2103.541950	-12.586160
2105.018971	-12.567808
2106.498067	-12.552631
2107.979243	-12.539647
2109.462503	-12.528454
2110.947853	-12.517083
2112.435295	-12.503368
2113.924836	-12.489273
2115.416478	-12.475048
2116.910227	-12.457539
2118.406087	-12.439938
2119.904063	-12.426978
2121.404158	-12.418031
2122.906378	-12.411546
2124.410727	-12.407404
2125.917210	-12.407513
2127.425831	-12.409104
2128.936594	-12.410268
2130.449505	-12.413157
2131.964567	-12.416405
2133.481786	-12.416800
2135.001166	-12.415260
2136.522711	-12.415198
2138.046427	-12.415408
2139.572317	-12.411031
2141.100388	-12.404696
2142.630642	-12.397508
2144.163085	-12.387038
2145.697722	-12.372987
2147.234558	-12.359512
2148.773596	-12.348120
2150.314842	-12.335789
2151.858301	-12.322863
2153.403977	-12.313143
2154.951875	-12.307306
2156.502000	-12.301034
2158.054357	-12.294247
2159.608950	-12.290341
2161.165785	-12.290723
2162.724866	-12.293182
2164.286198	-12.294984
2165.849786	-12.299568
2167.415635	-12.310252
2168.983749	-12.323728
2170.554134	-12.337015
2172.126795	-12.354659
2173.701737	-12.378884
2175.278964	-12.404773
2176.858481	-12.429303
2178.440294	-12.453449
2180.024408	-12.481868
2181.610827	-12.513301
2183.199557	-12.543272
2184.790602	-12.569645
2186.383968	-12.594132
2187.979660	-12.619408
2189.577683	-12.646338
2191.178041	-12.670176
2192.780741	-12.686996
2194.385787	-12.699898
2195.993185	-12.713480
2197.602939	-12.729046
2199.215054	-12.746002
2200.829537	-12.760154
2202.446392	-12.769253
2204.065624	-12.778386
2205.687239	-12.794973
2207.311242	-12.821164
2208.937638	-12.851653
2210.566433	-12.877723
2212.197631	-12.897337
2213.831239	-12.917670
2215.467261	-12.946685
2217.105703	-12.984682
2218.746570	-13.024204
2220.389867	-13.055377
2222.035601	-13.073572
2223.683776	-13.088307
2225.334398	-13.113994
2226.987472	-13.157182
2228.643004	-13.213245
2230.300999	-13.271773
2231.961463	-13.318194
2233.624402	-13.345387
2235.289820	-13.363340
2236.957723	-13.386511
2238.628118	-13.422855
2240.301009	-13.476271
2241.976402	-13.541043
2243.654303	-13.602899
2245.334717	-13.649729
2247.017650	-13.677522
2248.703108	-13.690308
2250.391096	-13.698474
2252.081620	-13.714810
2253.774686	-13.747058
2255.470300	-13.798511
2257.168467	-13.866662
2258.869193	-13.944826
2260.572484	-14.020306
2262.278345	-14.083670
2263.986783	-14.138526
2265.697804	-14.190014
2267.411412	-14.241718
2269.127615	-14.297772
2270.846417	-14.359139
2272.567826	-14.418957
2274.291846	-14.474463
2276.018484	-14.529465
2277.747745	-14.589484
2279.479637	-14.655800
2281.214164	-14.723043
2282.951333	-14.783254
2284.691149	-14.838083
2286.433619	-14.898681
2288.178750	-14.970253
2289.926546	-15.047921
2291.677014	-15.125173
2293.430161	-15.198127
2295.185992	-15.271044
2296.944513	-15.352448
2298.705732	-15.440889
2300.469653	-15.526476
2302.236283	-15.605417
2304.005629	-15.684978
2305.777696	-15.774118
2307.552492	-15.870620
2309.330022	-15.962937
2311.110292	-16.051415
2312.893310	-16.148775
2314.679080	-16.256657
2316.467611	-16.361423
2318.258907	-16.458398
2320.052976	-16.557638
2321.849824	-16.664179
2323.649457	-16.768042
2325.451883	-16.859555
2327.257106	-16.947102
2329.065135	-17.042620
2330.875975	-17.136633
2332.689633	-17.218165
2334.506116	-17.302482
2336.325430	-17.400568
2338.147581	-17.498246
2339.972578	-17.589895
2341.800425	-17.696250
2343.631130	-17.818844
2345.464700	-17.937984
2347.301141	-18.054256
2349.140461	-18.182408
2350.982665	-18.307055
2352.827760	-18.406260
2354.675754	-18.499300
2356.526653	-18.598653
2358.380464	-18.680357
2360.237195	-18.757774
2362.096851	-18.860499
2363.959440	-18.974625
2365.824968	-19.095281
2367.693444	-19.243661
2369.564873	-19.397514
2371.439263	-19.537966
2373.316620	-19.682963
2375.196953	-19.813933
2377.080267	-19.921349
2378.966570	-20.046798
2380.855869	-20.188355
2382.748171	-20.336042
2384.643484	-20.523210
2386.541815	-20.728034
2388.443170	-20.907499
2390.347557	-21.072890
2392.254984	-21.210201
2394.165457	-21.314689
2396.078984	-21.435255
2397.995572	-21.576322
2399.915229	-21.746566
2401.837961	-21.942898
2403.763777	-22.102568
2405.692684	-22.227136
2407.624689	-22.316803
2409.559800	-22.387229
2411.498023	-22.512219
2413.439368	-22.672028
2415.383840	-22.849919
2417.331449	-23.022676
2419.282201	-23.145756
2421.236104	-23.269790
2423.193165	-23.398213
2425.153393	-23.573296
2427.116795	-23.795891
2429.083378	-23.968988
2431.053151	-24.138724
2433.026121	-24.286604
2435.002297	-24.457148
2436.981685	-24.673789
2438.964293	-24.867617
2440.950131	-25.077496
2442.939204	-25.236750
2444.931522	-25.425990
2446.927092	-25.637144
2448.925923	-25.826304
2450.928022	-26.004498
2452.933397	-26.153731
2454.942056	-26.318506
2456.954008	-26.465233
2458.969260	-26.619651
2460.987821	-26.731823
2463.009699	-26.877790
2465.034902	-27.003505
2467.063437	-27.156491
2469.095315	-27.277624
2471.130542	-27.429477
2473.169127	-27.598241
2475.211078	-27.753931
2477.256404	-27.927174
2479.305112	-28.137593
2481.357212	-28.323839
2483.412713	-28.513844
2485.471621	-28.735918
2487.533946	-28.935995
2489.599696	-29.162701
2491.668880	-29.369594
2493.741507	-29.591881
2495.817585	-29.819951
2497.897122	-30.046014
2499.980127	-30.296848
2502.066609	-30.510318
2504.156578	-30.732621
2506.250040	-30.932126
2508.347006	-31.110555
2510.447483	-31.270574
2512.551482	-31.418180
2514.659010	-31.507377
2516.770076	-31.644084
2518.884690	-31.717114
2521.002861	-31.815840
2523.124597	-31.936772
2525.249907	-32.040303
2527.378801	-32.199207
2529.511287	-32.315910
2531.647375	-32.521778
2533.787074	-32.696991
2535.930393	-32.919884
2538.077340	-33.135032
2540.227927	-33.344504
2542.382160	-33.625109
2544.540051	-33.845748
2546.701608	-34.084780
2548.866840	-34.337871
2551.035757	-34.612827
2553.208369	-34.889017
2555.384684	-35.165376
2557.564713	-35.494418
2559.748465	-35.760003
2561.935948	-36.000819
2564.127174	-36.244764
2566.322152	-36.401051
2568.520890	-36.511554
2570.723399	-36.622400
2572.929689	-36.621553
2575.139769	-36.669144
2577.353649	-36.709519
2579.571340	-36.695526
2581.792849	-36.770140
2584.018189	-36.824931
2586.247368	-36.905539
2588.480396	-37.052981
2590.717284	-37.202348
2592.958041	-37.384695
2595.202678	-37.639997
2597.451204	-37.879285
2599.703630	-38.116521
2601.959966	-38.441231
2604.220222	-38.692586
2606.484408	-38.948945
2608.752535	-39.328425
2611.024612	-39.744761
2613.300651	-40.057464
2615.580661	-40.526919
2617.864653	-41.066345
2620.152638	-41.342117
2622.444625	-41.715452
2624.740626	-42.123507
2627.040651	-42.187831
2629.344710	-42.135812
2631.652814	-42.230440
2633.964974	-42.097034
2636.281200	-41.901637
2638.601504	-41.846091
2640.925896	-41.697990
2643.254386	-41.613802
2645.586987	-41.563486
2647.923707	-41.555897
2650.264559	-41.538628
2652.609554	-41.704030
2654.958702	-41.827610
2657.312015	-41.966820
2659.669503	-42.256223
2662.031178	-42.449245
2664.397051	-42.641945
2666.767132	-42.900288
2669.141434	-43.314561
2671.519968	-43.685088
2673.902745	-44.262524
2676.289776	-44.838894
2678.681072	-45.583632
2681.076646	-46.313830
2683.476508	-47.134536
2685.880671	-47.798378
2688.289145	-48.304002
2690.701942	-48.632249
2693.119075	-48.700694
2695.540554	-48.632495
2697.966391	-48.424976
2700.396599	-48.064212
2702.831189	-47.675890
2705.270172	-47.339892
2707.713561	-47.043042
2710.161368	-46.782355
2712.613605	-46.567841
2715.070283	-46.464275
2717.531416	-46.361338
2719.997014	-46.306873
2722.467090	-46.244920
2724.941657	-46.335089
2727.420726	-46.267977
2729.904310	-46.296594
2732.392421	-46.423162
2734.885072	-46.663516
2737.382275	-47.068418
2739.884042	-47.647473
2742.390387	-48.288386
2744.901321	-49.104300
2747.416857	-50.025716
2749.937008	-51.060015
2752.461787	-51.935941
2754.991206	-52.923764
2757.525279	-53.817376
2760.064017	-54.538410
2762.607434	-54.999275
2765.155544	-55.439597
2767.708358	-55.339809
2770.265890	-55.094747
2772.828153	-54.678802
2775.395160	-54.185944
2777.966924	-53.873530
2780.543459	-53.596188
2783.124778	-53.117622
2785.710894	-52.750951
2788.301821	-52.085665
2790.897572	-51.582741
2793.498160	-50.943208
2796.103599	-50.619618
2798.713903	-50.376076
2801.329085	-50.400830
2803.949159	-50.555321
2806.574139	-50.763050
2809.204038	-51.175569
2811.838871	-51.746494
2814.478650	-52.238148
2817.123391	-52.876036
2819.773107	-53.597277
2822.427812	-54.095945
2825.087521	-54.912467
2827.752247	-55.521447
2830.422005	-56.232148
2833.096808	-57.062740
2835.776672	-57.840947
2838.461611	-58.377462
2841.151638	-59.221582
2843.846769	-60.339128
2846.547019	-61.292773
2849.252401	-62.969345
2851.962930	-64.263427
2854.678621	-63.896910
2857.399489	-62.067833
2860.125549	-59.870355
2862.856815	-58.632720
2865.593302	-57.456887
2868.335026	-56.882948
2871.082002	-56.380475
2873.834244	-56.308578
2876.591767	-56.184258
2879.354588	-56.458918
2882.122721	-56.691133
2884.896181	-57.222863
2887.674984	-57.421087
2890.459146	-57.698984
2893.248681	-58.052842
2896.043606	-58.216472
2898.843937	-58.112754
2901.649687	-58.370307
2904.460875	-58.244780
2907.277515	-58.170606
2910.099623	-58.147709
2912.927215	-58.289930
2915.760308	-58.746967
2918.598916	-59.533511
2921.443057	-60.629079
2924.292747	-62.646000
2927.148002	-65.314998
2930.008837	-67.068289
2932.875270	-69.315002
2935.747318	-69.482694
2938.624995	-67.582270
2941.508320	-65.909815
2944.397308	-64.456923
2947.291977	-63.928456
2950.192343	-63.067225
2953.098423	-63.421360
2956.010234	-63.206034
2958.927792	-63.565730
2961.851116	-63.642361
2964.780221	-64.966664
2967.715126	-65.350561
2970.655847	-66.002408
2973.602402	-66.518548
2976.554808	-65.446922
2979.513083	-64.685615
2982.477243	-62.786209
2985.447308	-61.838300
2988.423293	-61.102851
2991.405218	-60.898624
2994.393099	-61.450999
2997.386955	-61.735319
