# 2022-03-22_12.20.45
# shape = sech2
# FWHM_ps = 0.11
# carrier_nm = 1542
# frep_MHz = 12126
# pow_mW = 8000
# GDD = 0.0
# propa_len = 0.14622222222222223
# untap_len = 0.01
# taper_len = 0.08622222222222223
# waist_len = 0.02
# uptap_len = 0.02
# untap_scale = 1.0
# waist_scale = 0.3210526315789474
# workingDir = NL_20110305_12 (Spirou)
# axis = slow
# window_ps = 10.0
# steps = 200
# points = 21700
# 
# wavelength [nm]	 power spectral density [dB]
600.043425	-117.165243
600.163550	-117.296030
600.283723	-117.684922
600.403943	-118.326327
600.524212	-119.187439
600.644529	-120.149812
600.764895	-120.914357
600.885308	-121.015770
601.005770	-120.228161
601.126280	-118.865091
601.246839	-117.374872
601.367446	-116.011154
601.488101	-114.864514
601.608804	-113.953256
601.729557	-113.271418
601.850357	-112.807646
601.971206	-112.551854
602.092104	-112.497595
602.213050	-112.643012
602.334045	-112.991737
602.455089	-113.554127
602.576181	-114.349448
602.697322	-115.409911
602.818511	-116.787993
602.939749	-118.571017
603.061036	-120.911990
603.182372	-124.099297
603.303757	-128.671371
603.425191	-133.900271
603.546673	-131.202235
603.668204	-127.011591
603.789785	-124.431923
603.911414	-122.925079
604.033092	-122.181880
604.154820	-122.081931
604.276596	-122.616830
604.398422	-123.863051
604.520297	-125.907556
604.642220	-128.127119
604.764193	-127.294779
604.886216	-123.556993
605.008287	-120.026217
605.130408	-117.213224
605.252578	-114.978371
605.374798	-113.179461
605.497066	-111.719312
605.619385	-110.532789
605.741752	-109.574800
605.864169	-108.812756
605.986636	-108.222102
606.109152	-107.783493
606.231718	-107.480957
606.354333	-107.300502
606.476998	-107.228937
606.599712	-107.252569
606.722476	-107.355561
606.845290	-107.517779
606.968154	-107.712270
607.091067	-107.903149
607.214030	-108.045670
607.337043	-108.091486
607.460106	-108.000477
607.583219	-107.755546
607.706381	-107.370917
607.829594	-106.887204
607.952856	-106.357184
608.076169	-105.831752
608.199531	-105.352247
608.322944	-104.948807
608.446407	-104.641972
608.569920	-104.445269
608.693483	-104.367662
608.817096	-104.415427
608.940759	-104.593595
609.064473	-104.907050
609.188237	-105.361373
609.312051	-105.963578
609.435916	-106.722691
609.559831	-107.649988
609.683796	-108.758506
609.807812	-110.060154
609.931878	-111.556635
610.055995	-113.214480
610.180162	-114.906949
610.304380	-116.329458
610.428648	-117.053758
610.552967	-116.932713
610.677337	-116.304413
610.801757	-115.591662
610.926228	-115.035652
611.050750	-114.736505
611.175323	-114.735525
611.299946	-115.060184
611.424620	-115.743569
611.549345	-116.828798
611.674121	-118.342349
611.798948	-120.134450
611.923826	-121.338785
612.048755	-120.475956
612.173734	-118.058865
612.298765	-115.521414
612.423847	-113.342182
612.548980	-111.550970
612.674165	-110.094317
612.799400	-108.919152
612.924687	-107.985050
613.050025	-107.263015
613.175414	-106.732774
613.300854	-106.380543
613.426346	-106.197603
613.551889	-106.179344
613.677484	-106.324734
613.803130	-106.636012
613.928827	-107.118508
614.054576	-107.780086
614.180377	-108.629480
614.306229	-109.671604
614.432132	-110.894691
614.558087	-112.238507
614.684094	-113.530610
614.810153	-114.429201
614.936263	-114.570321
615.062425	-113.951451
615.188639	-112.934377
615.314904	-111.861343
615.441222	-110.905193
615.567591	-110.125951
615.694012	-109.535024
615.820486	-109.127494
615.947011	-108.895517
616.073588	-108.833691
616.200217	-108.941486
616.326898	-109.224714
616.453632	-109.697303
616.580417	-110.384047
616.707255	-111.325662
616.834144	-112.588882
616.961086	-114.288271
617.088081	-116.639295
617.215127	-120.110516
617.342226	-125.889051
617.469378	-130.303410
617.596581	-122.857891
617.723837	-118.163081
617.851146	-115.120145
617.978507	-112.931951
618.105920	-111.266300
618.233386	-109.958498
618.360905	-108.916287
618.488476	-108.083857
618.616100	-107.425786
618.743777	-106.918944
618.871506	-106.547949
618.999288	-106.302383
619.127123	-106.174944
619.255011	-106.160356
619.382951	-106.254716
619.510945	-106.455168
619.638991	-106.759967
619.767090	-107.168785
619.895243	-107.683182
620.023448	-108.306859
620.151706	-109.045405
620.280017	-109.904765
620.408382	-110.887073
620.536799	-111.981433
620.665270	-113.145821
620.793794	-114.278786
620.922371	-115.199198
621.051002	-115.696056
621.179686	-115.679876
621.308423	-115.272452
621.437213	-114.694466
621.566057	-114.122290
621.694954	-113.651503
621.823905	-113.320181
621.952909	-113.135923
622.081967	-113.091842
622.211079	-113.173565
622.340244	-113.359270
622.469462	-113.613585
622.598735	-113.876002
622.728061	-114.049614
622.857441	-114.008646
622.986874	-113.646737
623.116361	-112.946113
623.245903	-111.992688
623.375498	-110.916817
623.505147	-109.829344
623.634850	-108.799072
623.764606	-107.858897
623.894417	-107.018907
624.024282	-106.276807
624.154201	-105.624807
624.284174	-105.053631
624.414202	-104.554922
624.544283	-104.122215
624.674419	-103.751155
624.804609	-103.439105
624.934853	-103.184502
625.065151	-102.986404
625.195504	-102.844196
625.325911	-102.757516
625.456373	-102.726530
625.586889	-102.752200
625.717460	-102.836341
625.848085	-102.981567
625.978764	-103.191010
626.109498	-103.467822
626.240287	-103.814690
626.371131	-104.233493
626.502029	-104.725257
626.632982	-105.290606
626.763989	-105.930687
626.895052	-106.648415
627.026169	-107.450012
627.157341	-108.346321
627.288568	-109.353238
627.419850	-110.491035
627.551187	-111.781473
627.682579	-113.239850
627.814026	-114.854092
627.945528	-116.532528
628.077085	-118.006388
628.208697	-118.803140
628.340364	-118.614932
628.472087	-117.703690
628.603865	-116.545510
628.735698	-115.428739
628.867586	-114.461811
628.999530	-113.672048
629.131529	-113.059236
629.263584	-112.615000
629.395694	-112.327805
629.527859	-112.182724
629.660080	-112.160046
629.792357	-112.233912
629.924689	-112.372309
630.057077	-112.539644
630.189520	-112.702044
630.322019	-112.834272
630.454574	-112.924409
630.587184	-112.973925
630.719851	-112.992746
630.852573	-112.992443
630.985351	-112.981055
631.118185	-112.961225
631.251075	-112.930471
631.384021	-112.882269
631.517023	-112.807103
631.650081	-112.694409
631.783195	-112.535218
631.916365	-112.326243
632.049592	-112.074610
632.182874	-111.799826
632.316213	-111.532141
632.449608	-111.307441
632.583059	-111.161456
632.716567	-111.125410
632.850131	-111.224192
632.983751	-111.475978
633.117428	-111.892227
633.251161	-112.477567
633.384951	-113.227703
633.518797	-114.122443
633.652700	-115.109130
633.786660	-116.072100
633.920676	-116.802622
634.054749	-117.043862
634.188879	-116.675089
634.323065	-115.837619
634.457308	-114.795367
634.591608	-113.753397
634.725965	-112.817892
634.860379	-112.026899
634.994850	-111.381217
635.129377	-110.862411
635.263962	-110.442907
635.398604	-110.093166
635.533303	-109.788495
635.668058	-109.514598
635.802872	-109.269898
635.937742	-109.063537
636.072669	-108.909816
636.207654	-108.821649
636.342696	-108.805421
636.477796	-108.858082
636.612953	-108.966226
636.748167	-109.107984
636.883439	-109.257054
637.018768	-109.387882
637.154155	-109.480353
637.289599	-109.521756
637.425101	-109.505229
637.560660	-109.426662
637.696277	-109.283545
637.831952	-109.077159
637.967685	-108.816075
638.103475	-108.518351
638.239324	-108.209547
638.375230	-107.917460
638.511194	-107.666379
638.647215	-107.472807
638.783295	-107.343585
638.919433	-107.275755
639.055629	-107.257967
639.191883	-107.273385
639.328195	-107.302972
639.464565	-107.329399
639.600994	-107.340480
639.737481	-107.330960
639.874025	-107.302535
640.010629	-107.262490
640.147290	-107.221852
640.284010	-107.193863
640.420789	-107.193075
640.557625	-107.234383
640.694521	-107.331943
640.831474	-107.497667
640.968487	-107.739407
641.105558	-108.059004
641.242687	-108.450799
641.379876	-108.900792
641.517123	-109.387589
641.654429	-109.885505
641.791793	-110.370123
641.929216	-110.824289
642.066699	-111.240403
642.204240	-111.616687
642.341840	-111.948770
642.479499	-112.220378
642.617217	-112.400126
642.754994	-112.448957
642.892830	-112.338249
643.030726	-112.068167
643.168680	-111.671589
643.306694	-111.200284
643.444767	-110.706279
643.582899	-110.230560
643.721091	-109.800519
643.859342	-109.432773
643.997652	-109.137445
644.136022	-108.921751
644.274451	-108.792090
644.412940	-108.754801
644.551488	-108.815652
644.690096	-108.978912
644.828763	-109.245794
644.967490	-109.613059
645.106277	-110.071499
645.245124	-110.604064
645.384030	-111.184814
645.522997	-111.778865
645.662023	-112.344351
645.801109	-112.837853
645.940255	-113.222808
646.079460	-113.478796
646.218726	-113.606712
646.358052	-113.627188
646.497438	-113.572927
646.636884	-113.479297
646.776391	-113.377052
646.915957	-113.288477
647.055584	-113.226765
647.195271	-113.197586
647.335019	-113.201846
647.474826	-113.237512
647.614695	-113.299094
647.754623	-113.373326
647.894612	-113.431148
648.034662	-113.420630
648.174772	-113.269015
648.314943	-112.906053
648.455174	-112.301391
648.595466	-111.488264
648.735819	-110.546183
648.876233	-109.562145
649.016707	-108.604256
649.157242	-107.715080
649.297838	-106.916906
649.438495	-106.219446
649.579213	-105.626077
649.719992	-105.137558
649.860832	-104.753858
650.001733	-104.474223
650.142695	-104.296258
650.283718	-104.214590
650.424803	-104.219189
650.565949	-104.294066
650.707156	-104.417086
650.848424	-104.561359
650.989754	-104.698961
651.131145	-104.806363
651.272597	-104.869454
651.414111	-104.885605
651.555687	-104.861661
651.697324	-104.809314
651.839022	-104.740550
651.980782	-104.665304
652.122604	-104.591478
652.264488	-104.526490
652.406433	-104.478310
652.548441	-104.455941
652.690510	-104.468554
652.832640	-104.523688
652.974833	-104.625967
653.117088	-104.776796
653.259405	-104.975059
653.401784	-105.218911
653.544224	-105.508473
653.686727	-105.848266
653.829293	-106.249078
653.971920	-106.728520
654.114609	-107.310530
654.257361	-108.024412
654.400175	-108.904502
654.543052	-109.990841
654.685991	-111.330551
654.828992	-112.975822
654.972056	-114.960456
655.115183	-117.173815
655.258372	-118.933339
655.401623	-118.881619
655.544937	-117.123392
655.688314	-115.014355
655.831754	-113.160024
655.975256	-111.647701
656.118822	-110.441349
656.262450	-109.491181
656.406141	-108.753763
656.549894	-108.193072
656.693711	-107.779366
656.837591	-107.488539
656.981534	-107.302402
657.125540	-107.209034
657.269610	-107.201877
657.413742	-107.277170
657.557938	-107.429233
657.702196	-107.644660
657.846519	-107.896469
657.990904	-108.141136
658.135353	-108.323329
658.279866	-108.392170
658.424441	-108.322620
658.569081	-108.127133
658.713784	-107.846500
658.858550	-107.527930
659.003381	-107.206807
659.148274	-106.900362
659.293232	-106.611106
659.438253	-106.334164
659.583339	-106.064362
659.728488	-105.799373
659.873701	-105.538956
660.018978	-105.281444
660.164318	-105.020563
660.309723	-104.744883
660.455192	-104.441079
660.600725	-104.099646
660.746323	-103.719867
660.891984	-103.310911
661.037710	-102.888221
661.183500	-102.468185
661.329354	-102.063781
661.475272	-101.683126
661.621255	-101.330559
661.767303	-101.008991
661.913415	-100.721969
662.059591	-100.474522
662.205833	-100.272110
662.352138	-100.118405
662.498509	-100.012820
662.644944	-99.948609
662.791443	-99.912730
662.938008	-99.887987
663.084638	-99.857257
663.231332	-99.808438
663.378091	-99.737956
663.524915	-99.650613
663.671804	-99.556182
663.818759	-99.464315
663.965778	-99.380480
664.112863	-99.304498
664.260012	-99.232165
664.407227	-99.158751
664.554507	-99.082728
664.701853	-99.007796
664.849264	-98.942158
664.996740	-98.895740
665.144282	-98.876960
665.291889	-98.890237
665.439561	-98.935156
665.587300	-99.007452
665.735103	-99.101252
665.882973	-99.211750
666.030908	-99.337349
666.178909	-99.480213
666.326976	-99.645181
666.475109	-99.837645
666.623307	-100.061738
666.771571	-100.319415
666.919902	-100.610563
667.068298	-100.934276
667.216761	-101.290150
667.365289	-101.679000
667.513884	-102.102297
667.662545	-102.560155
667.811272	-103.048312
667.960065	-103.554812
668.108925	-104.057816
668.257851	-104.526701
668.406843	-104.928017
668.555902	-105.234869
668.705027	-105.436289
668.854219	-105.539617
669.003478	-105.563734
669.152803	-105.528006
669.302195	-105.443818
669.451653	-105.312195
669.601179	-105.128185
669.750771	-104.888895
669.900430	-104.600776
670.050156	-104.282398
670.199949	-103.962154
670.349808	-103.672704
670.499735	-103.446147
670.649729	-103.310919
670.799790	-103.291095
670.949918	-103.407536
671.100114	-103.680207
671.250377	-104.131499
671.400707	-104.790989
671.551104	-105.702157
671.701569	-106.933458
671.852101	-108.595423
672.002700	-110.861497
672.153368	-113.894439
672.304102	-116.711664
672.454905	-115.252920
672.605775	-111.478380
672.756713	-108.303507
672.907718	-105.861900
673.058791	-103.957999
673.209933	-102.447894
673.361142	-101.238364
673.512419	-100.267099
673.663764	-99.489846
673.815177	-98.873152
673.966658	-98.389851
674.118207	-98.016117
674.269825	-97.729627
674.421510	-97.508799
674.573264	-97.332652
674.725086	-97.181691
674.876977	-97.038953
675.028936	-96.891013
675.180963	-96.728438
675.333059	-96.545362
675.485224	-96.338820
675.637457	-96.108383
675.789758	-95.856565
675.942129	-95.589412
676.094568	-95.316700
676.247075	-95.050919
676.399652	-94.805264
676.552298	-94.591207
676.705012	-94.416368
676.857795	-94.283224
677.010648	-94.188825
677.163569	-94.125586
677.316560	-94.083007
677.469619	-94.049915
677.622748	-94.016676
677.775946	-93.976878
677.929214	-93.928195
678.082551	-93.872194
678.235957	-93.813591
678.389432	-93.759407
678.542977	-93.717977
678.696592	-93.697723
678.850276	-93.705521
679.004030	-93.744936
679.157853	-93.814344
679.311746	-93.905840
679.465709	-94.005667
679.619742	-94.096765
679.773844	-94.163315
679.928017	-94.195869
680.082259	-94.194449
680.236571	-94.167800
680.390954	-94.129306
680.545406	-94.092032
680.699929	-94.065440
680.854522	-94.054792
681.009185	-94.062808
681.163918	-94.091928
681.318722	-94.145396
681.473596	-94.226108
681.628540	-94.333229
681.783555	-94.457626
681.938641	-94.578101
682.093797	-94.661187
682.249023	-94.667175
682.404321	-94.562382
682.559689	-94.332450
682.715128	-93.988189
682.870637	-93.559590
683.026218	-93.083505
683.181869	-92.593160
683.337591	-92.113607
683.493385	-91.661992
683.649249	-91.249874
683.805185	-90.885498
683.961191	-90.575256
684.117269	-90.324225
684.273418	-90.135980
684.429639	-90.012268
684.585930	-89.952653
684.742294	-89.954337
684.898728	-90.012446
685.055234	-90.120648
685.211812	-90.272131
685.368461	-90.460896
685.525182	-90.683016
685.681975	-90.937437
685.838839	-91.225840
685.995775	-91.551458
686.152783	-91.917097
686.309863	-92.322855
686.467014	-92.764295
686.624238	-93.231644
686.781534	-93.710364
686.938902	-94.182777
687.096342	-94.629969
687.253854	-95.032757
687.411438	-95.371796
687.569095	-95.628002
687.726824	-95.785819
687.884626	-95.839850
688.042499	-95.801244
688.200446	-95.698813
688.358465	-95.572712
688.516556	-95.464925
688.674720	-95.411490
688.832957	-95.438871
688.991266	-95.563821
689.149649	-95.794648
689.308104	-96.132501
689.466632	-96.571296
689.625233	-97.096111
689.783906	-97.680303
689.942653	-98.284726
690.101473	-98.863837
690.260367	-99.381565
690.419333	-99.831465
690.578372	-100.246849
690.737485	-100.691205
690.896672	-101.237425
691.055931	-101.950953
691.215264	-102.885076
691.374671	-104.088772
691.534151	-105.628914
691.693704	-107.638745
691.853332	-110.434722
692.013033	-114.908708
692.172807	-124.703695
692.332656	-119.364147
692.492578	-111.883858
692.652575	-107.752089
692.812645	-104.952388
692.972789	-102.886335
693.133007	-101.285144
693.293300	-99.994361
693.453666	-98.913999
693.614107	-97.979917
693.774622	-97.156584
693.935211	-96.430431
694.095875	-95.800330
694.256613	-95.267816
694.417426	-94.829593
694.578313	-94.473808
694.739274	-94.180289
694.900311	-93.923967
695.061421	-93.680691
695.222607	-93.432661
695.383868	-93.170835
695.545203	-92.893497
695.706613	-92.601653
695.868098	-92.294534
696.029658	-91.968015
696.191293	-91.616389
696.353003	-91.236095
696.514789	-90.828892
696.676649	-90.402378
696.838585	-89.967830
697.000596	-89.536775
697.162682	-89.118249
697.324844	-88.717850
697.487081	-88.338163
697.649394	-87.979912
697.811782	-87.642887
697.974246	-87.326038
698.136786	-87.026937
698.299401	-86.741179
698.462092	-86.462622
698.624859	-86.184806
698.787702	-85.902995
698.950621	-85.615868
699.113616	-85.325708
699.276686	-85.036697
699.439833	-84.752202
699.603056	-84.472522
699.766355	-84.194316
699.929731	-83.912211
700.093183	-83.621922
700.256711	-83.323151
700.420315	-83.020678
700.583996	-82.722956
700.747754	-82.439035
700.911588	-82.175464
701.075499	-81.934610
701.239486	-81.714828
701.403550	-81.512299
701.567691	-81.323483
701.731909	-81.147263
701.896203	-80.985937
702.060575	-80.844836
702.225024	-80.731061
702.389549	-80.651889
702.554152	-80.613255
702.718832	-80.618641
702.883589	-80.668287
703.048424	-80.758650
703.213335	-80.882433
703.378324	-81.029344
703.543391	-81.187600
703.708535	-81.345868
703.873757	-81.494909
704.039056	-81.628071
704.204433	-81.740581
704.369887	-81.828451
704.535420	-81.888475
704.701030	-81.920033
704.866718	-81.927790
705.032484	-81.923253
705.198328	-81.923193
705.364250	-81.944958
705.530250	-82.000460
705.696328	-82.091234
705.862485	-82.206253
706.028720	-82.323427
706.195033	-82.414984
706.361424	-82.455543
706.527894	-82.429556
706.694442	-82.334374
706.861069	-82.177871
707.027775	-81.973193
707.194559	-81.734360
707.361422	-81.474206
707.528363	-81.204094
707.695384	-80.934006
707.862483	-80.672400
708.029661	-80.426010
708.196918	-80.199928
708.364254	-79.997983
708.531670	-79.823158
708.699164	-79.677450
708.866738	-79.560858
709.034391	-79.469945
709.202123	-79.396625
709.369935	-79.328088
709.537826	-79.248646
709.705796	-79.143415
709.873847	-79.002469
710.041976	-78.823388
710.210186	-78.610596
710.378475	-78.371898
710.546844	-78.114222
710.715292	-77.840793
710.883821	-77.550984
711.052429	-77.242508
711.221118	-76.914608
711.389887	-76.570327
711.558735	-76.216677
711.727664	-75.862676
711.896673	-75.516409
712.065763	-75.182696
712.234932	-74.862259
712.404183	-74.552616
712.573513	-74.250090
712.742924	-73.951955
712.912416	-73.657737
713.081988	-73.369262
713.251641	-73.089685
713.421375	-72.822215
713.591190	-72.569184
713.761085	-72.331765
713.931061	-72.110166
714.101119	-71.903960
714.271257	-71.712315
714.441476	-71.534080
714.611777	-71.367918
714.782159	-71.212667
714.952622	-71.067893
715.123166	-70.934364
715.293792	-70.814109
715.464499	-70.709853
715.635288	-70.624007
715.806158	-70.557667
715.977110	-70.510242
716.148143	-70.479971
716.319259	-70.465131
716.490456	-70.465393
716.661735	-70.482546
716.833096	-70.520148
717.004538	-70.582179
717.176063	-70.671272
717.347670	-70.787325
717.519359	-70.927077
717.691130	-71.084856
717.862984	-71.254219
718.034920	-71.429865
718.206938	-71.608992
718.379039	-71.791481
718.551222	-71.978990
718.723488	-72.173451
718.895836	-72.375650
719.068267	-72.584499
719.240781	-72.797164
719.413377	-73.009909
719.586057	-73.219278
719.758819	-73.423135
719.931664	-73.621155
720.104593	-73.814468
720.277604	-74.004604
720.450699	-74.192007
720.623876	-74.374592
720.797137	-74.546986
720.970482	-74.700710
721.143910	-74.825482
721.317421	-74.911283
721.491016	-74.950502
721.664694	-74.939417
721.838456	-74.878442
722.012302	-74.771237
722.186231	-74.623242
722.360244	-74.440294
722.534342	-74.227716
722.708523	-73.989873
722.882788	-73.730084
723.057137	-73.450743
723.231570	-73.153714
723.406088	-72.841074
723.580689	-72.516003
723.755375	-72.183366
723.930146	-71.849534
724.105000	-71.521154
724.279940	-71.203302
724.454963	-70.897871
724.630072	-70.603097
724.805265	-70.314676
724.980543	-70.028254
725.155905	-69.742139
725.331353	-69.458797
725.506885	-69.184281
725.682503	-68.925921
725.858205	-68.689574
726.033993	-68.477882
726.209865	-68.290168
726.385823	-68.123786
726.561866	-67.976078
726.737995	-67.845786
726.914209	-67.733286
727.090508	-67.639612
727.266893	-67.565049
727.443364	-67.508265
727.619920	-67.466399
727.796562	-67.436044
727.973290	-67.414448
728.150103	-67.400235
728.327003	-67.393381
728.503988	-67.394674
728.681060	-67.405254
728.858218	-67.426631
729.035461	-67.461077
729.212791	-67.511845
729.390208	-67.582754
729.567710	-67.676962
729.745299	-67.795382
729.922975	-67.935486
730.100737	-68.091136
730.278586	-68.253738
730.456521	-68.414362
730.634543	-68.565949
730.812652	-68.704504
730.990848	-68.828732
731.169130	-68.938392
731.347500	-69.032403
731.525957	-69.107821
731.704500	-69.160211
731.883131	-69.185159
732.061850	-69.180093
732.240655	-69.145438
732.419548	-69.084603
732.598528	-69.002879
732.777596	-68.905947
732.956751	-68.798771
733.135994	-68.685235
733.315325	-68.568393
733.494744	-68.450822
733.674250	-68.334683
733.853844	-68.221416
734.033526	-68.111392
734.213296	-68.003990
734.393154	-67.898401
734.573101	-67.794868
734.753135	-67.695667
734.933258	-67.605131
735.113469	-67.528506
735.293769	-67.470110
735.474157	-67.431740
735.654633	-67.412191
735.835198	-67.408089
736.015852	-67.415711
736.196594	-67.432806
736.377426	-67.459471
736.558346	-67.497578
736.739355	-67.549173
736.920453	-67.614807
737.101640	-67.692739
737.282916	-67.779442
737.464282	-67.871065
737.645736	-67.965063
737.827280	-68.061263
738.008914	-68.162086
738.190637	-68.272018
738.372449	-68.396818
738.554351	-68.542678
738.736342	-68.715384
738.918424	-68.919317
739.100595	-69.156261
739.282855	-69.424315
739.465206	-69.717418
739.647647	-70.025998
739.830178	-70.338797
740.012799	-70.645352
740.195510	-70.938080
740.378311	-71.212928
740.561203	-71.468251
740.744185	-71.702627
740.927258	-71.912894
741.110421	-72.093371
741.293674	-72.236565
741.477018	-72.334941
741.660453	-72.382895
741.843979	-72.378155
742.027596	-72.322264
742.211303	-72.220275
742.395102	-72.080002
742.578991	-71.910969
742.762972	-71.722972
742.947044	-71.524366
743.131207	-71.320411
743.315461	-71.112353
743.499807	-70.897793
743.684244	-70.672603
743.868773	-70.433813
744.053394	-70.182112
744.238106	-69.922695
744.422910	-69.663902
744.607805	-69.414536
744.792793	-69.181386
744.977872	-68.968054
745.163044	-68.775252
745.348307	-68.602038
745.533663	-68.447053
745.719111	-68.309239
745.904651	-68.187950
746.090283	-68.082912
746.276008	-67.994417
746.461826	-67.923773
746.647735	-67.873526
746.833738	-67.846984
747.019833	-67.846981
747.206021	-67.874342
747.392302	-67.926969
747.578676	-68.000197
747.765143	-68.088545
747.951703	-68.188032
748.138356	-68.297800
748.325102	-68.420029
748.511941	-68.558050
748.698874	-68.713551
748.885900	-68.884289
749.073019	-69.063402
749.260232	-69.240596
749.447539	-69.404628
749.634939	-69.545916
749.822433	-69.658134
750.010021	-69.738300
750.197703	-69.785762
750.385479	-69.801138
750.573348	-69.785970
750.761312	-69.743054
750.949370	-69.676632
751.137523	-69.591836
751.325769	-69.493347
751.514110	-69.383975
751.702545	-69.264238
751.891075	-69.133570
752.079700	-68.992611
752.268419	-68.845226
752.457233	-68.698768
752.646142	-68.562123
752.835145	-68.442503
753.024244	-68.342816
753.213437	-68.261061
753.402726	-68.192228
753.592110	-68.131822
753.781589	-68.079083
753.971163	-68.038107
754.160833	-68.016214
754.350598	-68.020729
754.540459	-68.056149
754.730415	-68.123076
754.920467	-68.219141
755.110615	-68.340905
755.300858	-68.485355
755.491198	-68.649991
755.681633	-68.831553
755.872164	-69.024536
756.062792	-69.221083
756.253515	-69.412786
756.444335	-69.593720
756.635252	-69.762687
756.826264	-69.922929
757.017373	-70.079167
757.208579	-70.233675
757.399881	-70.383807
757.591280	-70.522341
757.782776	-70.640583
757.974368	-70.732247
758.166058	-70.796009
758.357844	-70.835297
758.549728	-70.855838
758.741708	-70.862816
758.933786	-70.859459
759.125961	-70.847331
759.318233	-70.827620
759.510603	-70.802086
759.703071	-70.772737
759.895635	-70.740543
760.088298	-70.704115
760.281058	-70.659629
760.473916	-70.602562
760.666872	-70.530362
760.859926	-70.444344
761.053078	-70.349397
761.246328	-70.251628
761.439676	-70.155663
761.633122	-70.063619
761.826667	-69.976313
762.020310	-69.895817
762.214052	-69.827144
762.407892	-69.777363
762.601831	-69.752293
762.795868	-69.752722
762.990004	-69.772525
763.184239	-69.800232
763.378573	-69.823904
763.573006	-69.836734
763.767538	-69.839786
763.962169	-69.840138
764.156900	-69.845647
764.351729	-69.859946
764.546658	-69.880939
764.741687	-69.903333
764.936815	-69.923469
765.132042	-69.943199
765.327370	-69.970056
765.522797	-70.013671
765.718324	-70.080581
765.913950	-70.170370
766.109677	-70.274966
766.305504	-70.381168
766.501431	-70.475209
766.697458	-70.547227
766.893586	-70.593322
767.089814	-70.614557
767.286142	-70.614248
767.482571	-70.595616
767.679100	-70.561378
767.875730	-70.514970
768.072461	-70.461795
768.269293	-70.408845
768.466225	-70.362590
768.663259	-70.326384
768.860393	-70.299267
769.057629	-70.277397
769.254966	-70.257687
769.452404	-70.241149
769.649944	-70.233404
769.847585	-70.241472
770.045328	-70.268543
770.243172	-70.310095
770.441118	-70.354353
770.639166	-70.387566
770.837315	-70.401515
771.035567	-70.398283
771.233920	-70.388528
771.432376	-70.384430
771.630934	-70.392544
771.829594	-70.411129
772.028356	-70.433504
772.227220	-70.454917
772.426188	-70.478044
772.625257	-70.513128
772.824430	-70.572247
773.023705	-70.661614
773.223083	-70.776447
773.422563	-70.901587
773.622147	-71.018036
773.821834	-71.112661
774.021624	-71.185512
774.221517	-71.249854
774.421513	-71.325101
774.621613	-71.427502
774.821816	-71.563351
775.022122	-71.726972
775.222532	-71.903257
775.423046	-72.073235
775.623664	-72.220552
775.824385	-72.336520
776.025211	-72.421845
776.226140	-72.485017
776.427173	-72.539133
776.628311	-72.598857
776.829553	-72.677814
777.030899	-72.785962
777.232350	-72.926461
777.433905	-73.092897
777.635564	-73.269065
777.837328	-73.433840
778.039197	-73.571244
778.241171	-73.680874
778.443250	-73.780684
778.645433	-73.898303
778.847722	-74.055596
779.050116	-74.255011
779.252615	-74.474777
779.455219	-74.677346
779.657929	-74.830508
779.860744	-74.930110
780.063665	-75.005936
780.266691	-75.105025
780.469823	-75.266134
780.673061	-75.500923
780.876405	-75.787938
781.079855	-76.080661
781.283410	-76.328457
781.487072	-76.503044
781.690840	-76.612851
781.894715	-76.693670
782.098695	-76.785345
782.302783	-76.912155
782.506976	-77.075464
782.711277	-77.256045
782.915684	-77.421876
783.120198	-77.538469
783.324818	-77.579665
783.529546	-77.536514
783.734381	-77.420708
783.939322	-77.260964
784.144372	-77.093387
784.349528	-76.949427
784.554792	-76.844922
784.760163	-76.773641
784.965642	-76.706946
785.171228	-76.603242
785.376922	-76.428031
785.582724	-76.175753
785.788634	-75.876961
785.994651	-75.583836
786.200777	-75.345440
786.407011	-75.188327
786.613353	-75.108338
786.819804	-75.073004
787.026363	-75.035169
787.233030	-74.956015
787.439806	-74.827190
787.646691	-74.675723
787.853684	-74.547810
788.060786	-74.485563
788.267997	-74.511424
788.475317	-74.623572
788.682746	-74.799710
788.890285	-75.006620
789.097932	-75.213073
789.305689	-75.401158
789.513555	-75.569912
789.721531	-75.730080
789.929617	-75.894488
790.137812	-76.069930
790.346117	-76.252995
790.554531	-76.430007
790.763056	-76.579336
790.971691	-76.676290
791.180436	-76.700979
791.389291	-76.647736
791.598256	-76.531168
791.807332	-76.383615
792.016518	-76.243850
792.225815	-76.143178
792.435222	-76.094211
792.644740	-76.084859
792.854369	-76.079898
793.064109	-76.033533
793.273960	-75.911884
793.483922	-75.714634
793.693995	-75.478915
793.904180	-75.261924
794.114475	-75.116164
794.324882	-75.071291
794.535401	-75.125416
794.746031	-75.243220
794.956774	-75.362623
795.167627	-75.415187
795.378593	-75.358059
795.589671	-75.197706
795.800861	-74.984197
796.012162	-74.782419
796.223577	-74.644323
796.435103	-74.595642
796.646742	-74.634145
796.858493	-74.733352
797.070357	-74.850437
797.282334	-74.939763
797.494423	-74.970970
797.706626	-74.943355
797.918941	-74.886048
798.131369	-74.843849
798.343911	-74.858006
798.556566	-74.950779
798.769334	-75.116379
798.982215	-75.317728
799.195210	-75.492167
799.408319	-75.571902
799.621541	-75.517976
799.834877	-75.345316
800.048327	-75.115399
800.261890	-74.904571
800.475568	-74.774595
800.689360	-74.758255
800.903266	-74.855677
801.117287	-75.034348
801.331422	-75.232803
801.545671	-75.374904
801.760036	-75.399441
801.974514	-75.293042
802.189108	-75.098863
802.403816	-74.893629
802.618640	-74.754591
802.833578	-74.738176
803.048632	-74.872493
803.263800	-75.154716
803.479085	-75.547474
803.694484	-75.976153
803.909999	-76.338943
804.125630	-76.545469
804.341376	-76.570790
804.557239	-76.474916
804.773217	-76.364272
804.989311	-76.337186
805.205521	-76.454694
805.421847	-76.733897
805.638290	-77.147970
805.854849	-77.627338
806.071524	-78.070483
806.288316	-78.379518
806.505225	-78.513921
806.722250	-78.516885
806.939393	-78.485478
807.156652	-78.517556
807.374028	-78.679249
807.591521	-78.996635
807.809132	-79.452610
808.026859	-79.979053
808.244705	-80.449642
808.462667	-80.702366
808.680748	-80.620095
808.898946	-80.220182
809.117261	-79.640900
809.335695	-79.045037
809.554246	-78.553611
809.772916	-78.236140
809.991704	-78.122697
810.210610	-78.212308
810.429634	-78.471408
810.648777	-78.824253
810.868039	-79.148478
811.087419	-79.303780
811.306918	-79.209361
811.526535	-78.908233
811.746272	-78.536615
811.966127	-78.238792
812.186102	-78.114147
812.406196	-78.206625
812.626409	-78.504601
812.846742	-78.931340
813.067194	-79.333865
813.287766	-79.514040
813.508457	-79.346021
813.729269	-78.884584
813.950200	-78.312105
814.171251	-77.804560
814.392422	-77.468940
814.613714	-77.348667
814.835126	-77.443119
815.056658	-77.718688
815.278311	-78.112380
815.500084	-78.537452
815.721978	-78.904349
815.943993	-79.159489
816.166128	-79.316996
816.388385	-79.451478
816.610762	-79.657849
816.833261	-80.012023
817.055881	-80.545827
817.278623	-81.224827
817.501486	-81.921152
817.724471	-82.414459
817.947577	-82.507083
818.170805	-82.211060
818.394155	-81.748638
818.617627	-81.369210
818.841221	-81.242043
819.064937	-81.463668
819.288775	-82.092814
819.512736	-83.173840
819.736819	-84.738783
819.961025	-86.770810
820.185354	-89.071242
820.409805	-91.028254
820.634379	-91.941258
820.859076	-92.138847
821.083897	-92.509536
821.308840	-93.482172
821.533907	-94.752398
821.759097	-94.910169
821.984411	-93.257491
822.209848	-91.283676
822.435409	-89.957132
822.661093	-89.489239
822.886902	-89.909622
823.112834	-91.140315
823.338891	-92.445787
823.565072	-91.686572
823.791377	-88.845441
824.017807	-85.971941
824.244361	-83.697961
824.471039	-82.006008
824.697843	-80.799056
824.924771	-79.997682
825.151824	-79.543070
825.379002	-79.383111
825.606306	-79.452731
825.833734	-79.651848
826.061288	-79.837516
826.288967	-79.865322
826.516772	-79.683939
826.744703	-79.386476
826.972759	-79.146091
827.200941	-79.118109
827.429249	-79.389259
827.657683	-79.950028
827.886243	-80.636708
828.114930	-81.070125
828.343743	-80.841673
828.572682	-79.980504
828.801748	-78.908245
829.030941	-77.976342
829.260260	-77.334609
829.489706	-77.014277
829.719280	-76.997903
829.948980	-77.251364
830.178808	-77.737099
830.408763	-78.417309
830.638845	-79.247776
830.869055	-80.162500
831.099393	-81.055794
831.329858	-81.797251
831.560451	-82.310464
831.791173	-82.662467
832.022022	-83.046684
832.252999	-83.683375
832.484105	-84.751383
832.715339	-86.359083
832.946702	-88.440776
833.178193	-90.399599
833.409813	-91.049238
833.641561	-90.462573
833.873439	-89.917737
834.105445	-90.074759
834.337581	-90.959501
834.569846	-91.824886
834.802241	-90.989749
835.034764	-88.547473
835.267418	-86.068458
835.500201	-84.136290
835.733114	-82.780495
835.966157	-81.932606
836.199329	-81.528275
836.432632	-81.510135
836.666065	-81.798033
836.899629	-82.231053
837.133323	-82.510748
837.367147	-82.300048
837.601102	-81.545189
837.835188	-80.547288
838.069405	-79.641877
838.303752	-79.012514
838.538231	-78.708773
838.772841	-78.686591
839.007582	-78.816577
839.242455	-78.890855
839.477459	-78.699526
839.712595	-78.178741
839.947863	-77.456893
840.183263	-76.730597
840.418794	-76.150020
840.654458	-75.800326
840.890254	-75.726525
841.126182	-75.957368
841.362242	-76.518843
841.598435	-77.436644
841.834761	-78.723195
842.071220	-80.329124
842.307811	-82.015696
842.544536	-83.211210
842.781393	-83.386499
843.018384	-82.820722
843.255508	-82.169350
843.492765	-81.791463
843.730156	-81.778588
843.967681	-82.113823
844.205339	-82.753750
844.443132	-83.669435
844.681058	-84.879770
844.919118	-86.485072
845.157313	-88.721354
845.395642	-92.121118
845.634105	-98.044508
845.872703	-100.984062
846.111436	-93.104943
846.350303	-88.306175
846.589306	-85.107540
846.828443	-82.803368
847.067716	-81.126741
847.307124	-79.963888
847.546667	-79.262623
847.786345	-78.994263
848.026160	-79.134398
848.266110	-79.646627
848.506195	-80.456699
848.746417	-81.412437
848.986775	-82.251813
849.227269	-82.669666
849.467899	-82.524703
849.708666	-81.933003
849.949569	-81.099104
850.190609	-80.169339
850.431785	-79.227503
850.673099	-78.330017
850.914549	-77.521155
851.156137	-76.834843
851.397861	-76.296030
851.639723	-75.925608
851.881723	-75.746654
852.123860	-75.789036
852.366135	-76.090623
852.608547	-76.696174
852.851098	-77.650486
853.093786	-78.977099
853.336613	-80.607307
853.579578	-82.185098
853.822681	-82.911127
854.065923	-82.335363
854.309304	-81.116398
854.552823	-79.977171
854.796481	-79.193233
855.040278	-78.818058
855.284215	-78.844562
855.528290	-79.258729
855.772505	-80.055186
856.016859	-81.245400
856.261353	-82.877163
856.505987	-85.084902
856.750760	-88.239726
856.995673	-93.523604
857.240727	-103.605645
857.485920	-93.365743
857.731254	-87.281204
857.976729	-83.619158
858.222343	-81.114849
858.468099	-79.354744
858.713995	-78.161113
858.960032	-77.447507
859.206211	-77.173090
859.452530	-77.326861
859.698991	-77.920828
859.945593	-78.978612
860.192336	-80.480239
860.439222	-82.132710
860.686248	-82.878081
860.933417	-81.702334
861.180728	-79.524732
861.428181	-77.433010
861.675776	-75.729177
861.923514	-74.414999
862.171394	-73.438078
862.419417	-72.751867
862.667582	-72.327082
862.915890	-72.152642
863.164342	-72.233820
863.412936	-72.589961
863.661674	-73.252825
863.910555	-74.268261
864.159579	-75.703732
864.408747	-77.667903
864.658059	-80.363187
864.907515	-84.240222
865.157114	-90.435666
865.406858	-94.386075
865.656746	-87.447930
865.906778	-83.088087
866.156955	-80.255569
866.407277	-78.246735
866.657743	-76.793876
866.908354	-75.787476
867.159110	-75.182709
867.410011	-74.966804
867.661057	-75.149948
867.912249	-75.767285
868.163586	-76.892157
868.415069	-78.672617
868.666697	-81.433708
868.918472	-86.058929
869.170392	-96.283914
869.422458	-91.465802
869.674671	-84.427639
869.927030	-80.887226
870.179536	-78.755679
870.432188	-77.431223
870.684987	-76.655418
870.937933	-76.285792
871.191026	-76.228006
871.444266	-76.413303
871.697653	-76.797204
871.951188	-77.368176
872.204870	-78.158108
872.458700	-79.243665
872.712677	-80.723341
872.966803	-82.604083
873.221076	-84.333603
873.475498	-84.277721
873.730068	-82.245038
873.984787	-79.955964
874.239654	-78.168065
874.494669	-76.966834
874.749834	-76.304713
875.005147	-76.127919
875.260610	-76.391583
875.516222	-77.047822
875.771983	-78.014391
876.027894	-79.119445
876.283954	-80.051428
876.540164	-80.468574
876.796524	-80.323467
877.053033	-79.919356
877.309693	-79.591334
877.566503	-79.537883
877.823464	-79.855915
878.080575	-80.609923
878.337837	-81.886968
878.595249	-83.862062
878.852813	-86.957490
879.110528	-92.488043
879.368393	-103.862249
879.626410	-92.107321
879.884579	-86.385961
880.142899	-83.101838
880.401371	-80.968625
880.659994	-79.563754
880.918770	-78.697123
881.177698	-78.260858
881.436778	-78.181320
881.696010	-78.402665
881.955395	-78.887302
882.214933	-79.626625
882.474623	-80.656444
882.734467	-82.070455
882.994463	-84.030459
883.254613	-86.734569
883.514916	-89.908100
883.775372	-90.566391
884.035982	-87.656117
884.296746	-84.794191
884.557664	-82.783126
884.818735	-81.482495
885.079961	-80.725029
885.341341	-80.391210
885.602876	-80.404744
885.864565	-80.736073
886.126409	-81.405697
886.388407	-82.455024
886.650561	-83.759696
886.912870	-84.419859
887.175334	-82.945581
887.437953	-80.056114
887.700728	-77.234247
887.963658	-74.925290
888.226745	-73.145917
888.489987	-71.838416
888.753385	-70.943919
889.016940	-70.410929
889.280651	-70.191405
889.544518	-70.234666
889.808543	-70.483174
890.072723	-70.871250
890.337061	-71.326176
890.601556	-71.769199
890.866208	-72.109646
891.131017	-72.239540
891.395984	-72.056432
891.661109	-71.526592
891.926391	-70.729898
892.191831	-69.819902
892.457429	-68.945335
892.723186	-68.208497
892.989100	-67.662998
893.255173	-67.326127
893.521405	-67.190025
893.787796	-67.231150
894.054345	-67.422894
894.321053	-67.751703
894.587921	-68.234903
894.854948	-68.933015
895.122134	-69.955373
895.389480	-71.466461
895.656986	-73.694993
895.924651	-76.798394
896.192477	-79.227097
896.460463	-77.017684
896.728609	-73.490783
896.996915	-70.853840
897.265382	-69.059005
897.534010	-67.896192
897.802799	-67.209192
898.071749	-66.879781
898.340860	-66.809459
898.610132	-66.911078
898.879566	-67.103684
899.149162	-67.301447
899.418919	-67.397948
899.688838	-67.266628
899.958919	-66.807851
900.229162	-66.021129
900.499568	-65.016312
900.770136	-63.944320
901.040867	-62.929629
901.311761	-62.049600
901.582817	-61.341837
901.854037	-60.816569
902.125420	-60.465758
902.396966	-60.269537
902.668676	-60.202116
902.940550	-60.237922
903.212587	-60.356972
903.484788	-60.547436
903.757153	-60.804410
904.029683	-61.124934
904.302377	-61.501081
904.575236	-61.912764
904.848259	-62.322116
905.121447	-62.673720
905.394800	-62.908396
905.668319	-62.991096
905.942002	-62.935969
906.215852	-62.802942
906.489866	-62.666775
906.764047	-62.585652
907.038393	-62.585835
907.312906	-62.662789
907.587584	-62.792501
907.862429	-62.948842
908.137441	-63.121247
908.412619	-63.324371
908.687964	-63.595151
908.963476	-63.980126
909.239155	-64.522194
909.515002	-65.248637
909.791015	-66.158185
910.067197	-67.201490
910.343546	-68.257040
910.620063	-69.137086
910.896748	-69.685987
911.173601	-69.924272
911.450623	-70.045771
911.727813	-70.270266
912.005171	-70.745754
912.282699	-71.539377
912.560395	-72.651604
912.838261	-74.021894
913.116296	-75.535507
913.394500	-77.065877
913.672874	-78.532431
913.951418	-79.779262
914.230131	-80.074552
914.509015	-78.444916
914.788068	-75.575140
915.067292	-72.659640
915.346687	-70.127661
915.626252	-68.030688
915.905988	-66.333277
916.185895	-64.991313
916.465973	-63.966127
916.746223	-63.224405
917.026644	-62.734589
917.307236	-62.463147
917.588000	-62.371256
917.868937	-62.412243
918.150045	-62.532395
918.431325	-62.675673
918.712778	-62.792222
918.994404	-62.847848
919.276202	-62.827291
919.558173	-62.728946
919.840317	-62.555694
920.122634	-62.309748
920.405125	-61.994760
920.687789	-61.622133
920.970627	-61.214857
921.253639	-60.805148
921.536824	-60.426628
921.820184	-60.106588
922.103718	-59.860905
922.387427	-59.691521
922.671310	-59.586274
922.955368	-59.520515
923.239601	-59.461589
923.524009	-59.376304
923.808592	-59.239550
924.093351	-59.039231
924.378285	-58.774589
924.663396	-58.448956
924.948682	-58.063037
925.234144	-57.613949
925.519782	-57.100033
925.805597	-56.528270
926.091589	-55.917735
926.377757	-55.296694
926.664102	-54.695318
926.950624	-54.138705
927.237323	-53.642468
927.524200	-53.211494
927.811255	-52.841058
928.098487	-52.519577
928.385897	-52.232363
928.673485	-51.966073
928.961251	-51.712509
929.249196	-51.470747
929.537319	-51.246898
929.825621	-51.051615
930.114102	-50.896547
930.402762	-50.791107
930.691601	-50.740327
930.980620	-50.743912
931.269818	-50.796258
931.559196	-50.887370
931.848753	-51.004243
932.138491	-51.132468
932.428409	-51.257789
932.718508	-51.367187
933.008787	-51.449665
933.299246	-51.496917
933.589887	-51.504399
933.880709	-51.472601
934.171712	-51.407993
934.462896	-51.323026
934.754262	-51.234529
935.045810	-51.160897
935.337539	-51.118927
935.629451	-51.120850
935.921545	-51.171881
936.213822	-51.268284
936.506281	-51.396469
936.798922	-51.533269
937.091747	-51.648766
937.384755	-51.711987
937.677946	-51.698870
937.971321	-51.599002
938.264879	-51.417624
938.558621	-51.171493
938.852547	-50.881516
939.146657	-50.566206
939.440952	-50.238419
939.735431	-49.905303
940.030095	-49.570427
940.324943	-49.236214
940.619977	-48.905813
940.915196	-48.583532
941.210600	-48.274232
941.506189	-47.982159
941.801965	-47.710096
942.097926	-47.459041
942.394074	-47.228481
942.690407	-47.017078
942.986927	-46.823344
943.283634	-46.645974
943.580527	-46.483907
943.877608	-46.335932
944.174875	-46.200259
944.472330	-46.074238
944.769972	-45.954506
945.067802	-45.837412
945.365820	-45.719905
945.664026	-45.600439
945.962420	-45.479636
946.261002	-45.360493
946.559773	-45.248007
946.858733	-45.148445
947.157881	-45.068362
947.457219	-45.013701
947.756746	-44.989091
948.056462	-44.997406
948.356368	-45.039652
948.656464	-45.115158
948.956749	-45.221965
949.257225	-45.357451
949.557891	-45.518959
949.858748	-45.704300
950.159796	-45.912083
950.461034	-46.141649
950.762463	-46.392648
951.064084	-46.664569
951.365896	-46.956083
951.667900	-47.264555
951.970095	-47.585842
952.272483	-47.914334
952.575063	-48.243128
952.877835	-48.564172
953.180799	-48.868154
953.483956	-49.144014
953.787307	-49.378381
954.090850	-49.555413
954.394586	-49.658141
954.698516	-49.671790
955.002640	-49.588483
955.306957	-49.411303
955.611469	-49.155179
955.916174	-48.843859
956.221074	-48.504448
956.526169	-48.162142
956.831458	-47.836710
957.136942	-47.541113
957.442622	-47.281810
957.748496	-47.060013
958.054567	-46.873219
958.360833	-46.716777
958.667294	-46.585130
958.973952	-46.472550
959.280806	-46.373435
959.587857	-46.282405
959.895104	-46.194370
960.202548	-46.104791
960.510189	-46.010100
960.818027	-45.908189
961.126062	-45.798709
961.434295	-45.683074
961.742726	-45.564213
962.051355	-45.446227
962.360182	-45.334047
962.669207	-45.233268
962.978431	-45.150021
963.287854	-45.090707
963.597475	-45.061448
963.907296	-45.067295
964.217315	-45.111286
964.527535	-45.193709
964.837954	-45.311748
965.148573	-45.459686
965.459392	-45.629443
965.770411	-45.811430
966.081630	-45.995409
966.393051	-46.171275
966.704672	-46.329799
967.016494	-46.463307
967.328517	-46.566367
967.640742	-46.636281
967.953169	-46.673273
968.265797	-46.680225
968.578627	-46.661854
968.891660	-46.623433
969.204895	-46.569491
969.518332	-46.502791
969.831972	-46.423783
970.145816	-46.330719
970.459862	-46.220260
970.774112	-46.088306
971.088565	-45.930980
971.403223	-45.745436
971.718084	-45.530372
972.033149	-45.286511
972.348419	-45.016690
972.663893	-44.725760
972.979572	-44.420286
973.295456	-44.107977
973.611546	-43.796961
973.927840	-43.495032
974.244340	-43.208974
974.561046	-42.944066
974.877958	-42.703714
975.195076	-42.489388
975.512401	-42.300860
975.829932	-42.136548
976.147670	-41.994005
976.465615	-41.870314
976.783767	-41.762364
977.102126	-41.667030
977.420693	-41.581248
977.739468	-41.502134
978.058451	-41.427156
978.377642	-41.354327
978.697041	-41.282506
979.016649	-41.211563
979.336466	-41.142453
979.656492	-41.077127
979.976727	-41.018299
980.297171	-40.969133
980.617825	-40.932865
980.938689	-40.912536
981.259763	-40.910830
981.581048	-40.929979
981.902542	-40.971717
982.224248	-41.037223
982.546164	-41.127059
982.868291	-41.241162
983.190630	-41.378773
983.513180	-41.538476
983.835942	-41.718275
984.158916	-41.915752
984.482101	-42.128333
984.805500	-42.353440
985.129110	-42.588617
985.452934	-42.831676
985.776970	-43.080670
986.101220	-43.333954
986.425683	-43.590126
986.750359	-43.848102
987.075250	-44.107110
987.400354	-44.366688
987.725673	-44.626508
988.051206	-44.886078
988.376954	-45.144451
988.702916	-45.399711
989.029094	-45.648627
989.355487	-45.886294
989.682095	-46.106010
990.008919	-46.299468
990.335959	-46.457280
990.663216	-46.569951
990.990688	-46.629159
991.318377	-46.629047
991.646283	-46.567318
991.974406	-46.445721
992.302746	-46.269891
992.631304	-46.048401
992.960079	-45.791517
993.289072	-45.509888
993.618283	-45.213546
993.947713	-44.911215
994.277361	-44.609910
994.607227	-44.314896
994.937313	-44.029728
995.267618	-43.756460
995.598142	-43.495998
995.928886	-43.248484
996.259849	-43.013638
996.591033	-42.790962
996.922437	-42.579847
997.254061	-42.379661
997.585906	-42.189719
997.917972	-42.009275
998.250260	-41.837520
998.582768	-41.673643
998.915498	-41.516910
999.248450	-41.366645
999.581624	-41.222202
999.915020	-41.083011
1000.248639	-40.948643
1000.582480	-40.818866
1000.916545	-40.693827
1001.250832	-40.574074
1001.585343	-40.460637
1001.920077	-40.354989
1002.255035	-40.259039
1002.590218	-40.174943
1002.925624	-40.104828
1003.261255	-40.050615
1003.597111	-40.013998
1003.933192	-39.996417
1004.269497	-39.999016
1004.606029	-40.022579
1004.942785	-40.067626
1005.279768	-40.134358
1005.616977	-40.222615
1005.954412	-40.331978
1006.292074	-40.461955
1006.629962	-40.612103
1006.968077	-40.782030
1007.306420	-40.971367
1007.644990	-41.179956
1007.983787	-41.407938
1008.322813	-41.655820
1008.662067	-41.924516
1009.001549	-42.215672
1009.341259	-42.531914
1009.681199	-42.876797
1010.021367	-43.254641
1010.361765	-43.670557
1010.702392	-44.130642
1011.043250	-44.642042
1011.384337	-45.212744
1011.725654	-45.851767
1012.067202	-46.569681
1012.408980	-47.378683
1012.750989	-48.292034
1013.093230	-49.322834
1013.435702	-50.481323
1013.778405	-51.766978
1014.121341	-53.147183
1014.464508	-54.510007
1014.807908	-55.596705
1015.151540	-56.029222
1015.495405	-55.611991
1015.839503	-54.567199
1016.183835	-53.266231
1016.528400	-51.949320
1016.873198	-50.715717
1017.218231	-49.591851
1017.563498	-48.574884
1017.908999	-47.651897
1018.254735	-46.808132
1018.600707	-46.030602
1018.946913	-45.308891
1019.293354	-44.634637
1019.640032	-44.001210
1019.986945	-43.403853
1020.334094	-42.839701
1020.681480	-42.307167
1021.029102	-41.805074
1021.376961	-41.332452
1021.725058	-40.888886
1022.073391	-40.474547
1022.421962	-40.089571
1022.770772	-39.733526
1023.119819	-39.405427
1023.469104	-39.104026
1023.818628	-38.827922
1024.168391	-38.575386
1024.518393	-38.344434
1024.868634	-38.133225
1025.219115	-37.940334
1025.569836	-37.764650
1025.920796	-37.605123
1026.271997	-37.460888
1026.623438	-37.331536
1026.975121	-37.217224
1027.327044	-37.118411
1027.679208	-37.035611
1028.031614	-36.969421
1028.384262	-36.920721
1028.737152	-36.890734
1029.090284	-36.880847
1029.443659	-36.892462
1029.797276	-36.927020
1030.151137	-36.986108
1030.505240	-37.071455
1030.859587	-37.184719
1031.214178	-37.327301
1031.569013	-37.500418
1031.924093	-37.705244
1032.279417	-37.942769
1032.634985	-38.213472
1032.990799	-38.517162
1033.346858	-38.853079
1033.703162	-39.220197
1034.059712	-39.617526
1034.416509	-40.044236
1034.773551	-40.499647
1035.130841	-40.983317
1035.488377	-41.495218
1035.846160	-42.035515
1036.204190	-42.603577
1036.562468	-43.196292
1036.920994	-43.805811
1037.279768	-44.416483
1037.638790	-45.000667
1037.998061	-45.514722
1038.357581	-45.899399
1038.717350	-46.090143
1039.077368	-46.039153
1039.437636	-45.738092
1039.798154	-45.222852
1040.158922	-44.556272
1040.519940	-43.803890
1040.881209	-43.017989
1041.242729	-42.233114
1041.604501	-41.468959
1041.966524	-40.735073
1042.328798	-40.034793
1042.691325	-39.368041
1043.054103	-38.733061
1043.417135	-38.127394
1043.780419	-37.548406
1044.143956	-36.993660
1044.507746	-36.461080
1044.871791	-35.949019
1045.236088	-35.456188
1045.600641	-34.981514
1045.965447	-34.524034
1046.330508	-34.082889
1046.695824	-33.657318
1047.061395	-33.246567
1047.427222	-32.849924
1047.793304	-32.466829
1048.159642	-32.096966
1048.526237	-31.740304
1048.893088	-31.397045
1049.260196	-31.067423
1049.627561	-30.751513
1049.995183	-30.449154
1050.363063	-30.159995
1050.731201	-29.883606
1051.099597	-29.619604
1051.468251	-29.367740
1051.837164	-29.127916
1052.206336	-28.900064
1052.575767	-28.684007
1052.945458	-28.479370
1053.315409	-28.285575
1053.685619	-28.101995
1054.056090	-27.928146
1054.426821	-27.763861
1054.797814	-27.609373
1055.169067	-27.465236
1055.540582	-27.332091
1055.912359	-27.210378
1056.284398	-27.100107
1056.656698	-27.000803
1057.029262	-26.911651
1057.402088	-26.831737
1057.775177	-26.760298
1058.148530	-26.696901
1058.522146	-26.641458
1058.896027	-26.594112
1059.270171	-26.555041
1059.644580	-26.524264
1060.019254	-26.501491
1060.394193	-26.486110
1060.769397	-26.477297
1061.144867	-26.474159
1061.520602	-26.475876
1061.896604	-26.481866
1062.272872	-26.491854
1062.649407	-26.505827
1063.026210	-26.523983
1063.403279	-26.546616
1063.780616	-26.574005
1064.158221	-26.606326
1064.536094	-26.643537
1064.914235	-26.685371
1065.292645	-26.731374
1065.671325	-26.780976
1066.050273	-26.833610
1066.429491	-26.888833
1066.808979	-26.946392
1067.188738	-27.006273
1067.568766	-27.068723
1067.949066	-27.134199
1068.329636	-27.203271
1068.710478	-27.276464
1069.091592	-27.354146
1069.472977	-27.436474
1069.854635	-27.523349
1070.236565	-27.614371
1070.618768	-27.708856
1071.001243	-27.805910
1071.383993	-27.904504
1071.767016	-28.003504
1072.150313	-28.101768
1072.533884	-28.198261
1072.917730	-28.292099
1073.301850	-28.382549
1073.686246	-28.469041
1074.070917	-28.551135
1074.455864	-28.628491
1074.841087	-28.700764
1075.226586	-28.767449
1075.612362	-28.827821
1075.998415	-28.880935
1076.384745	-28.925656
1076.771353	-28.960652
1077.158238	-28.984350
1077.545401	-28.995046
1077.932843	-28.991054
1078.320564	-28.970829
1078.708564	-28.933083
1079.096842	-28.876883
1079.485401	-28.801764
1079.874240	-28.707812
1080.263358	-28.595604
1080.652757	-28.466184
1081.042438	-28.320986
1081.432399	-28.161717
1081.822641	-27.990197
1082.213166	-27.808192
1082.603972	-27.617270
1082.995061	-27.418730
1083.386433	-27.213537
1083.778087	-27.002315
1084.170025	-26.785358
1084.562246	-26.562728
1084.954751	-26.334391
1085.347541	-26.100357
1085.740615	-25.860854
1086.133973	-25.616473
1086.527617	-25.368238
1086.921546	-25.117555
1087.315761	-24.866124
1087.710262	-24.615829
1088.105050	-24.368543
1088.500124	-24.125891
1088.895485	-23.889039
1089.291134	-23.658554
1089.687070	-23.434388
1090.083294	-23.215882
1090.479806	-23.001815
1090.876607	-22.790636
1091.273696	-22.580743
1091.671075	-22.370763
1092.068744	-22.159796
1092.466702	-21.947605
1092.864950	-21.734761
1093.263489	-21.522610
1093.662319	-21.313119
1094.061440	-21.108619
1094.460852	-20.911487
1094.860555	-20.723829
1095.260551	-20.547200
1095.660840	-20.382383
1096.061421	-20.229237
1096.462295	-20.086654
1096.863462	-19.952653
1097.264923	-19.824566
1097.666678	-19.699317
1098.068727	-19.573740
1098.471071	-19.444974
1098.873710	-19.310854
1099.276644	-19.170200
1099.679874	-19.022955
1100.083400	-18.870157
1100.487222	-18.713797
1100.891340	-18.556541
1101.295756	-18.401337
1101.700468	-18.251007
1102.105478	-18.107927
1102.510787	-17.973804
1102.916393	-17.849507
1103.322298	-17.734991
1103.728502	-17.629328
1104.135005	-17.530806
1104.541807	-17.437097
1104.948909	-17.345473
1105.356312	-17.253073
1105.764015	-17.157194
1106.172019	-17.055575
1106.580324	-16.946641
1106.988931	-16.829700
1107.397840	-16.705030
1107.807051	-16.573871
1108.216564	-16.438276
1108.626380	-16.300882
1109.036500	-16.164625
1109.446923	-16.032454
1109.857649	-15.907092
1110.268680	-15.790789
1110.680016	-15.685126
1111.091657	-15.590913
1111.503602	-15.508142
1111.915854	-15.435996
1112.328411	-15.372911
1112.741275	-15.316680
1113.154445	-15.264617
1113.567922	-15.213760
1113.981706	-15.161127
1114.395798	-15.104003
1114.810198	-15.040201
1115.224906	-14.968272
1115.639923	-14.887640
1116.055249	-14.798661
1116.470884	-14.702559
1116.886829	-14.601271
1117.303084	-14.497217
1117.719650	-14.393063
1118.136526	-14.291462
1118.553713	-14.194826
1118.971212	-14.105136
1119.389022	-14.023821
1119.807145	-13.951692
1120.225580	-13.888900
1120.644328	-13.834920
1121.063389	-13.788584
1121.482763	-13.748177
1121.902452	-13.711542
1122.322454	-13.676233
1122.742771	-13.639707
1123.163404	-13.599546
1123.584351	-13.553674
1124.005614	-13.500580
1124.427193	-13.439465
1124.849089	-13.370339
1125.271301	-13.294013
1125.693830	-13.212004
1126.116677	-13.126370
1126.539842	-13.039489
1126.963324	-12.953813
1127.387126	-12.871671
1127.811246	-12.795103
1128.235685	-12.725732
1128.660444	-12.664689
1129.085522	-12.612578
1129.510922	-12.569496
1129.936641	-12.535081
1130.362682	-12.508550
1130.789044	-12.488779
1131.215728	-12.474401
1131.642734	-12.463867
1132.070063	-12.455509
1132.497714	-12.447631
1132.925689	-12.438606
1133.353987	-12.426930
1133.782610	-12.411275
1134.211556	-12.390579
1134.640827	-12.364117
1135.070424	-12.331553
1135.500345	-12.292984
1135.930593	-12.248928
1136.361166	-12.200280
1136.792067	-12.148261
1137.223294	-12.094328
1137.654848	-12.040058
1138.086730	-11.986997
1138.518940	-11.936531
1138.951479	-11.889804
1139.384346	-11.847692
1139.817543	-11.810747
1140.251069	-11.779168
1140.684925	-11.752849
1141.119111	-11.731469
1141.553628	-11.714556
1141.988475	-11.701566
1142.423655	-11.691931
1142.859166	-11.685074
1143.295009	-11.680427
1143.731185	-11.677505
1144.167694	-11.675897
1144.604536	-11.675187
1145.041711	-11.674913
1145.479221	-11.674576
1145.917065	-11.673706
1146.355245	-11.671926
1146.793759	-11.668949
1147.232609	-11.664565
1147.671795	-11.658663
1148.111317	-11.651295
1148.551177	-11.642725
1148.991373	-11.633388
1149.431907	-11.623780
1149.872779	-11.614356
1150.313989	-11.605492
1150.755538	-11.597512
1151.197426	-11.590702
1151.639653	-11.585314
1152.082220	-11.581518
1152.525128	-11.579356
1152.968376	-11.578799
1153.411966	-11.579854
1153.855897	-11.582611
1154.300169	-11.587204
1154.744784	-11.593691
1155.189742	-11.601991
1155.635042	-11.611923
1156.080687	-11.623320
1156.526674	-11.636093
1156.973007	-11.650190
1157.419683	-11.665515
1157.866705	-11.681918
1158.314072	-11.699236
1158.761786	-11.717386
1159.209845	-11.736420
1159.658251	-11.756452
1160.107004	-11.777536
1160.556104	-11.799595
1161.005553	-11.822448
1161.455349	-11.845895
1161.905494	-11.869805
1162.355989	-11.894114
1162.806832	-11.918767
1163.258026	-11.943698
1163.709570	-11.968844
1164.161464	-11.994176
1164.613710	-12.019761
1165.066307	-12.045784
1165.519256	-12.072490
1165.972558	-12.100068
1166.426212	-12.128577
1166.880219	-12.157988
1167.334580	-12.188232
1167.789295	-12.219253
1168.244364	-12.251055
1168.699788	-12.283674
1169.155567	-12.317120
1169.611702	-12.351416
1170.068193	-12.386618
1170.525041	-12.422835
1170.982245	-12.460273
1171.439807	-12.499224
1171.897726	-12.539964
1172.356004	-12.582683
1172.814640	-12.627485
1173.273635	-12.674365
1173.732989	-12.723264
1174.192703	-12.774130
1174.652778	-12.826932
1175.113213	-12.881651
1175.574009	-12.938275
1176.035167	-12.996761
1176.496687	-13.057009
1176.958569	-13.118921
1177.420814	-13.182377
1177.883422	-13.247194
1178.346394	-13.313162
1178.809730	-13.380035
1179.273430	-13.447465
1179.737496	-13.515037
1180.201927	-13.582338
1180.666723	-13.648944
1181.131886	-13.714512
1181.597416	-13.778813
1182.063312	-13.841662
1182.529576	-13.902968
1182.996209	-13.962762
1183.463209	-14.021104
1183.930579	-14.078110
1184.398317	-14.133975
1184.866426	-14.188914
1185.334904	-14.243195
1185.803754	-14.297174
1186.272974	-14.351167
1186.742566	-14.405521
1187.212529	-14.460609
1187.682865	-14.516787
1188.153574	-14.574435
1188.624656	-14.633966
1189.096112	-14.695775
1189.567942	-14.760276
1190.040147	-14.827845
1190.512726	-14.898742
1190.985681	-14.973143
1191.459012	-15.051091
1191.932720	-15.132452
1192.406804	-15.216990
1192.881265	-15.304399
1193.356104	-15.394322
1193.831322	-15.486408
1194.306918	-15.580355
1194.782893	-15.675914
1195.259248	-15.772872
1195.735982	-15.871051
1196.213097	-15.970242
1196.690593	-16.070189
1197.168471	-16.170534
1197.646730	-16.270843
1198.125371	-16.370668
1198.604395	-16.469560
1199.083803	-16.567103
1199.563594	-16.663000
1200.043769	-16.757050
1200.524329	-16.849194
1201.005273	-16.939515
1201.486604	-17.028173
1201.968320	-17.115368
1202.450422	-17.201288
1202.932912	-17.286090
1203.415789	-17.369884
1203.899054	-17.452697
1204.382707	-17.534558
1204.866748	-17.615549
1205.351179	-17.695753
1205.836000	-17.775311
1206.321211	-17.854514
1206.806812	-17.933718
1207.292805	-18.013278
1207.779189	-18.093573
1208.265965	-18.174972
1208.753134	-18.257764
1209.240696	-18.342190
1209.728651	-18.428446
1210.217000	-18.516738
1210.705744	-18.607247
1211.194883	-18.700091
1211.684417	-18.795443
1212.174347	-18.893457
1212.664673	-18.994252
1213.155396	-19.097917
1213.646516	-19.204387
1214.138034	-19.313539
1214.629951	-19.425138
1215.122266	-19.538827
1215.614980	-19.654268
1216.108095	-19.771107
1216.601609	-19.889020
1217.095524	-20.007736
1217.589841	-20.127016
1218.084559	-20.246681
1218.579679	-20.366521
1219.075202	-20.486250
1219.571128	-20.605550
1220.067458	-20.724018
1220.564191	-20.841166
1221.061330	-20.956605
1221.558874	-21.069939
1222.056823	-21.180925
1222.555178	-21.289490
1223.053940	-21.395681
1223.553109	-21.499773
1224.052686	-21.602039
1224.552671	-21.702813
1225.053065	-21.802338
1225.553867	-21.900889
1226.055079	-21.998759
1226.556702	-22.096175
1227.058735	-22.193451
1227.561179	-22.290964
1228.064035	-22.389071
1228.567303	-22.488145
1229.070983	-22.588548
1229.575077	-22.690510
1230.079585	-22.794057
1230.584506	-22.899126
1231.089842	-23.005486
1231.595594	-23.112760
1232.101761	-23.220672
1232.608345	-23.329095
1233.115345	-23.437937
1233.622762	-23.547277
1234.130597	-23.657259
1234.638851	-23.768083
1235.147523	-23.879827
1235.656615	-23.992506
1236.166126	-24.105978
1236.676058	-24.219944
1237.186411	-24.334088
1237.697185	-24.448169
1238.208381	-24.562069
1238.719999	-24.675696
1239.232040	-24.789000
1239.744505	-24.901932
1240.257394	-25.014351
1240.770708	-25.125897
1241.284446	-25.236078
1241.798610	-25.344454
1242.313201	-25.450611
1242.828218	-25.554374
1243.343662	-25.655778
1243.859534	-25.755163
1244.375834	-25.853030
1244.892563	-25.949768
1245.409721	-26.045649
1245.927309	-26.140521
1246.445327	-26.234169
1246.963777	-26.326252
1247.482657	-26.416646
1248.001970	-26.505237
1248.521716	-26.592052
1249.041894	-26.677375
1249.562506	-26.761283
1250.083553	-26.843704
1250.605034	-26.924077
1251.126950	-27.001774
1251.649302	-27.075975
1252.172091	-27.146309
1252.695316	-27.213028
1253.218979	-27.276789
1253.743079	-27.338851
1254.267619	-27.400487
1254.792597	-27.462870
1255.318015	-27.526644
1255.843874	-27.592277
1256.370173	-27.660114
1256.896913	-27.730445
1257.424095	-27.804122
1257.951720	-27.882331
1258.479787	-27.966343
1259.008298	-28.056832
1259.537254	-28.153785
1260.066654	-28.256133
1260.596499	-28.362092
1261.126790	-28.469674
1261.657527	-28.577127
1262.188711	-28.683339
1262.720342	-28.787955
1263.252422	-28.890675
1263.784950	-28.990871
1264.317928	-29.087364
1264.851355	-29.178127
1265.385232	-29.261221
1265.919560	-29.335246
1266.454340	-29.399919
1266.989572	-29.456318
1267.525256	-29.506479
1268.061394	-29.551961
1268.597985	-29.593800
1269.135031	-29.631792
1269.672531	-29.664850
1270.210487	-29.692014
1270.748899	-29.713219
1271.287768	-29.729173
1271.827094	-29.741386
1272.366877	-29.751075
1272.907119	-29.758173
1273.447820	-29.761280
1273.988981	-29.757854
1274.530601	-29.745153
1275.072683	-29.721237
1275.615226	-29.685986
1276.158230	-29.640432
1276.701697	-29.585766
1277.245627	-29.522524
1277.790021	-29.450113
1278.334879	-29.366656
1278.880202	-29.270459
1279.425991	-29.161143
1279.972245	-29.040279
1280.518966	-28.910747
1281.066155	-28.775426
1281.613811	-28.636019
1282.161936	-28.492655
1282.710529	-28.344535
1283.259593	-28.190651
1283.809126	-28.031352
1284.359131	-27.868476
1284.909607	-27.704575
1285.460555	-27.541915
1286.011976	-27.381297
1286.563870	-27.221817
1287.116237	-27.061715
1287.669080	-26.899771
1288.222397	-26.736159
1288.776191	-26.572536
1289.330460	-26.410960
1289.885207	-26.252790
1290.440431	-26.097934
1290.996133	-25.945183
1291.552314	-25.792936
1292.108975	-25.640290
1292.666115	-25.488033
1293.223737	-25.337971
1293.781839	-25.191805
1294.340424	-25.050167
1294.899491	-24.912123
1295.459041	-24.776121
1296.019075	-24.640909
1296.579593	-24.506282
1297.140597	-24.373401
1297.702086	-24.243872
1298.264061	-24.118575
1298.826524	-23.997197
1299.389474	-23.878304
1299.952912	-23.760461
1300.516839	-23.643009
1301.081255	-23.526666
1301.646162	-23.412867
1302.211559	-23.302855
1302.777448	-23.196685
1303.343829	-23.093154
1303.910702	-22.990733
1304.478069	-22.888398
1305.045930	-22.786272
1305.614285	-22.685606
1306.183136	-22.587512
1306.752483	-22.492252
1307.322326	-22.398725
1307.892666	-22.305201
1308.463504	-22.210240
1309.034841	-22.113596
1309.606677	-22.016030
1310.179012	-21.918575
1310.751849	-21.821565
1311.325186	-21.724114
1311.899025	-21.624549
1312.473366	-21.521542
1313.048211	-21.414723
1313.623559	-21.305011
1314.199412	-21.193574
1314.775770	-21.080963
1315.352634	-20.966731
1315.930004	-20.849553
1316.507881	-20.728521
1317.086266	-20.603760
1317.665159	-20.476392
1318.244562	-20.347856
1318.824474	-20.218849
1319.404897	-20.089010
1319.985831	-19.957311
1320.567276	-19.823106
1321.149234	-19.686719
1321.731706	-19.549381
1322.314691	-19.412296
1322.898190	-19.275856
1323.482205	-19.139474
1324.066736	-19.002060
1324.651783	-18.863029
1325.237347	-18.722845
1325.823430	-18.582543
1326.410031	-18.443011
1326.997151	-18.304142
1327.584791	-18.165036
1328.172952	-18.024747
1328.761634	-17.883060
1329.350839	-17.740665
1329.940566	-17.598571
1330.530817	-17.457287
1331.121592	-17.316453
1331.712891	-17.175113
1332.304716	-17.032769
1332.897068	-16.889770
1333.489946	-16.747102
1334.083352	-16.605616
1334.677287	-16.465340
1335.271750	-16.325660
1335.866744	-16.185903
1336.462268	-16.046039
1337.058323	-15.906801
1337.654910	-15.769052
1338.252029	-15.633104
1338.849682	-15.498460
1339.447869	-15.364295
1340.046591	-15.230289
1340.645848	-15.096820
1341.245641	-14.964681
1341.845972	-14.834297
1342.446840	-14.705378
1343.048246	-14.577171
1343.650191	-14.449190
1344.252677	-14.321641
1344.855702	-14.195237
1345.459269	-14.070497
1346.063379	-13.947320
1346.668030	-13.825124
1347.273226	-13.703468
1347.878965	-13.582560
1348.485250	-13.463055
1349.092080	-13.345566
1349.699456	-13.230101
1350.307380	-13.116160
1350.915851	-13.003246
1351.524871	-12.891467
1352.134441	-12.781454
1352.744560	-12.673770
1353.355231	-12.568447
1353.966453	-12.465058
1354.578227	-12.363167
1355.190555	-12.262860
1355.803436	-12.164604
1356.416872	-12.068815
1357.030863	-11.975380
1357.645411	-11.883682
1358.260515	-11.793249
1358.876177	-11.704069
1359.492397	-11.616633
1360.109176	-11.531310
1360.726516	-11.448035
1361.344416	-11.366390
1361.962877	-11.286064
1362.581901	-11.207269
1363.201487	-11.130507
1363.821637	-11.056080
1364.442352	-10.983779
1365.063632	-10.913118
1365.685478	-10.843844
1366.307891	-10.776136
1366.930871	-10.710462
1367.554420	-10.647055
1368.178538	-10.585722
1368.803226	-10.526093
1369.428485	-10.468160
1370.054315	-10.412325
1370.680717	-10.359055
1371.307693	-10.308396
1371.935242	-10.259967
1372.563366	-10.213390
1373.192065	-10.168641
1373.821341	-10.126043
1374.451193	-10.085837
1375.081623	-10.047871
1375.712632	-10.011721
1376.344221	-9.977194
1376.976389	-9.944548
1377.609139	-9.914211
1378.242470	-9.886293
1378.876384	-9.860448
1379.510881	-9.836236
1380.145963	-9.813529
1380.781629	-9.792548
1381.417881	-9.773484
1382.054720	-9.756180
1382.692147	-9.740225
1383.330161	-9.725447
1383.968765	-9.712137
1384.607959	-9.700792
1385.247743	-9.691607
1385.888119	-9.684339
1386.529087	-9.678680
1387.170648	-9.674643
1387.812804	-9.672506
1388.455554	-9.672416
1389.098899	-9.674145
1389.742842	-9.677258
1390.387381	-9.681582
1391.032519	-9.687505
1391.678256	-9.695539
1392.324592	-9.705859
1392.971529	-9.718319
1393.619068	-9.732821
1394.267208	-9.749587
1394.915952	-9.769001
1395.565300	-9.791113
1396.215253	-9.815440
1396.865812	-9.841380
1397.516977	-9.868645
1398.168749	-9.897270
1398.821130	-9.927124
1399.474120	-9.957671
1400.127719	-9.988284
1400.781930	-10.018750
1401.436752	-10.049377
1402.092186	-10.080567
1402.748234	-10.112363
1403.404897	-10.144491
1404.062174	-10.176889
1404.720067	-10.209942
1405.378577	-10.244086
1406.037705	-10.279356
1406.697451	-10.315416
1407.357817	-10.351990
1408.018803	-10.389194
1408.680410	-10.427249
1409.342639	-10.465950
1410.005492	-10.504619
1410.668968	-10.542667
1411.333068	-10.580004
1411.997795	-10.616895
1412.663147	-10.653387
1413.329127	-10.689225
1413.995736	-10.724207
1414.662973	-10.758596
1415.330840	-10.792993
1415.999339	-10.827717
1416.668469	-10.862622
1417.338232	-10.897433
1418.008628	-10.932101
1418.679659	-10.966608
1419.351325	-11.000356
1420.023628	-11.032018
1420.696568	-11.060090
1421.370145	-11.083512
1422.044362	-11.101786
1422.719219	-11.114620
1423.394717	-11.121788
1424.070856	-11.123568
1424.747638	-11.121105
1425.425064	-11.115974
1426.103134	-11.109498
1426.781850	-11.102385
1427.461212	-11.095099
1428.141221	-11.088245
1428.821878	-11.082350
1429.503185	-11.077304
1430.185141	-11.072233
1430.867749	-11.066108
1431.551008	-11.058181
1432.234920	-11.047863
1432.919486	-11.034376
1433.604707	-11.017076
1434.290583	-10.996098
1434.977116	-10.972806
1435.664307	-10.949207
1436.352156	-10.927151
1437.040664	-10.908072
1437.729833	-10.893162
1438.419663	-10.883167
1439.110156	-10.877887
1439.801312	-10.875920
1440.493132	-10.875323
1441.185617	-10.874762
1441.878768	-10.873912
1442.572586	-10.873218
1443.267072	-10.873668
1443.962228	-10.877017
1444.658053	-10.885757
1445.354549	-10.902233
1446.051717	-10.927620
1446.749558	-10.961598
1447.448073	-11.002841
1448.147263	-11.049470
1448.847128	-11.098879
1449.547671	-11.147744
1450.248891	-11.192751
1450.950789	-11.231388
1451.653368	-11.262280
1452.356627	-11.284614
1453.060568	-11.297978
1453.765192	-11.302983
1454.470500	-11.301702
1455.176492	-11.297325
1455.883170	-11.293571
1456.590534	-11.294634
1457.298586	-11.305333
1458.007327	-11.330646
1458.716758	-11.374356
1459.426880	-11.437993
1460.137693	-11.520441
1460.849199	-11.617822
1461.561398	-11.722972
1462.274293	-11.825101
1462.987883	-11.910910
1463.702170	-11.967130
1464.417155	-11.983435
1465.132838	-11.954491
1465.849222	-11.881254
1466.566306	-11.771524
1467.284093	-11.638695
1468.002582	-11.498780
1468.721775	-11.367089
1469.441674	-11.256261
1470.162278	-11.175588
1470.883590	-11.130518
1471.605609	-11.122071
1472.328338	-11.146873
1473.051777	-11.198276
1473.775928	-11.267594
1474.500790	-11.344978
1475.226367	-11.420302
1475.952657	-11.484933
1476.679663	-11.533578
1477.407386	-11.564835
1478.135826	-11.580212
1478.864985	-11.583137
1479.594863	-11.578300
1480.325463	-11.570400
1481.056784	-11.562497
1481.788828	-11.555251
1482.521597	-11.547652
1483.255090	-11.538068
1483.989309	-11.524611
1484.724256	-11.505698
1485.459931	-11.481449
1486.196336	-11.454723
1486.933471	-11.430837
1487.671337	-11.416555
1488.409937	-11.419484
1489.149270	-11.448010
1489.889337	-11.510296
1490.630141	-11.612926
1491.371682	-11.760117
1492.113961	-11.953780
1492.856979	-12.193066
1493.600738	-12.472769
1494.345238	-12.781956
1495.090481	-13.103868
1495.836467	-13.416302
1496.583198	-13.692310
1497.330675	-13.903180
1498.078899	-14.025323
1498.827872	-14.047616
1499.577593	-13.974352
1500.328065	-13.823143
1501.079289	-13.620391
1501.831265	-13.395274
1502.583995	-13.173562
1503.337480	-12.974273
1504.091721	-12.809806
1504.846719	-12.687112
1505.602475	-12.607866
1506.358991	-12.568815
1507.116268	-12.563307
1507.874306	-12.582922
1508.633108	-12.617918
1509.392673	-12.657634
1510.153004	-12.692370
1510.914101	-12.715393
1511.675965	-12.723550
1512.438599	-12.717073
1513.202002	-12.700003
1513.966176	-12.680453
1514.731122	-12.669312
1515.496842	-12.678477
1516.263336	-12.720203
1517.030607	-12.807334
1517.798654	-12.952655
1518.567479	-13.167776
1519.337083	-13.462874
1520.107468	-13.847056
1520.878634	-14.327324
1521.650584	-14.905470
1522.423317	-15.573211
1523.196836	-16.304535
1523.971141	-17.042526
1524.746233	-17.683586
1525.522115	-18.078548
1526.298786	-18.084213
1527.076249	-17.654578
1527.854504	-16.874578
1528.633553	-15.890503
1529.413397	-14.827815
1530.194037	-13.763711
1530.975474	-12.736755
1531.757709	-11.762728
1532.540745	-10.846132
1533.324581	-9.987058
1534.109220	-9.185136
1534.894662	-8.440922
1535.680909	-7.755810
1536.467961	-7.131638
1537.255821	-6.570648
1538.044489	-6.075332
1538.833967	-5.647896
1539.624256	-5.289892
1540.415357	-5.002369
1541.207271	-4.786153
1542.000000	-4.641847
1542.793545	-4.569733
1543.587907	-4.570084
1544.383087	-4.643624
1545.179088	-4.791667
1545.975909	-5.016030
1546.773552	-5.319268
1547.572019	-5.705108
1548.371311	-6.178484
1549.171428	-6.745261
1549.972373	-7.412231
1550.774147	-8.187165
1551.576751	-9.078030
1552.380185	-10.090754
1553.184453	-11.225078
1553.989554	-12.465615
1554.795490	-13.762176
1555.602263	-14.996452
1556.409873	-15.956870
1557.218322	-16.397548
1558.027612	-16.220882
1558.837743	-15.575417
1559.648717	-14.708865
1560.460536	-13.806179
1561.273200	-12.961823
1562.086710	-12.213253
1562.901069	-11.570380
1563.716278	-11.031267
1564.532337	-10.590015
1565.349249	-10.240472
1566.167014	-9.977052
1566.985634	-9.794625
1567.805111	-9.688780
1568.625444	-9.655832
1569.446637	-9.692139
1570.268690	-9.793689
1571.091605	-9.956353
1571.915382	-10.175782
1572.740024	-10.446905
1573.565532	-10.763981
1574.391907	-11.121052
1575.219150	-11.511800
1576.047262	-11.929225
1576.876246	-12.365947
1577.706103	-12.814450
1578.536833	-13.266474
1579.368439	-13.712737
1580.200922	-14.143493
1581.034282	-14.548575
1581.868522	-14.917390
1582.703643	-15.240163
1583.539646	-15.509458
1584.376532	-15.720536
1585.214304	-15.871534
1586.052962	-15.964021
1586.892508	-16.002101
1587.732943	-15.990582
1588.574269	-15.934758
1589.416487	-15.840538
1590.259599	-15.713709
1591.103605	-15.560152
1591.948508	-15.386946
1592.794309	-15.202037
1593.641009	-15.013203
1594.488609	-14.828069
1595.337112	-14.653770
1596.186518	-14.495532
1597.036829	-14.356209
1597.888047	-14.236945
1598.740172	-14.136950
1599.593207	-14.053262
1600.447153	-13.982127
1601.302010	-13.920087
1602.157782	-13.864009
1603.014469	-13.811931
1603.872072	-13.764248
1604.730593	-13.723181
1605.590034	-13.691846
1606.450397	-13.674435
1607.311681	-13.675398
1608.173890	-13.697653
1609.037024	-13.742390
1609.901085	-13.809251
1610.766075	-13.895160
1611.631995	-13.994388
1612.498846	-14.100168
1613.366630	-14.205085
1614.235349	-14.301603
1615.105004	-14.384605
1615.975596	-14.452469
1616.847128	-14.506316
1617.719600	-14.550457
1618.593014	-14.591979
1619.467372	-14.637900
1620.342675	-14.693873
1621.218924	-14.764195
1622.096122	-14.850009
1622.974270	-14.948827
1623.853369	-15.056521
1624.733420	-15.167833
1625.614427	-15.276950
1626.496389	-15.380436
1627.379308	-15.478513
1628.263187	-15.573986
1629.148026	-15.672702
1630.033828	-15.782781
1630.920593	-15.911119
1631.808324	-16.062075
1632.697022	-16.237138
1633.586688	-16.432407
1634.477324	-16.638607
1635.368932	-16.843655
1636.261514	-17.033620
1637.155070	-17.195498
1638.049602	-17.322379
1638.945113	-17.414829
1639.841603	-17.479804
1640.739075	-17.530033
1641.637529	-17.579761
1642.536968	-17.639476
1643.437393	-17.714643
1644.338806	-17.804100
1645.241209	-17.898401
1646.144602	-17.983165
1647.048988	-18.043059
1647.954368	-18.064616
1648.860744	-18.042038
1649.768118	-17.980092
1650.676491	-17.890841
1651.585865	-17.790661
1652.496241	-17.696157
1653.407621	-17.617922
1654.320008	-17.558991
1655.233401	-17.515501
1656.147804	-17.476190
1657.063218	-17.426670
1657.979645	-17.355364
1658.897085	-17.256150
1659.815542	-17.131826
1660.735016	-16.994699
1661.655509	-16.860860
1662.577023	-16.745943
1663.499560	-16.661773
1664.423121	-16.611277
1665.347709	-16.588230
1666.273324	-16.579624
1667.199969	-16.567151
1668.127645	-16.533738
1669.056353	-16.470552
1669.986097	-16.378780
1670.916877	-16.270128
1671.848695	-16.162713
1672.781553	-16.072530
1673.715452	-16.008621
1674.650395	-15.970224
1675.586383	-15.944908
1676.523418	-15.913121
1677.461501	-15.855319
1678.400635	-15.758725
1679.340821	-15.624220
1680.282061	-15.466501
1681.224357	-15.306947
1682.167710	-15.166110
1683.112122	-15.056694
1684.057595	-14.978856
1685.004132	-14.921603
1685.951732	-14.867214
1686.900400	-14.798048
1687.850135	-14.705414
1688.800940	-14.594091
1689.752818	-14.479935
1690.705768	-14.383688
1691.659795	-14.322115
1692.614898	-14.300777
1693.571081	-14.311965
1694.528345	-14.336497
1695.486691	-14.350197
1696.446122	-14.334574
1697.406640	-14.285319
1698.368245	-14.213807
1699.330941	-14.141156
1700.294729	-14.086987
1701.259611	-14.059368
1702.225588	-14.051025
1703.192664	-14.041749
1704.160838	-14.007326
1705.130114	-13.932951
1706.100493	-13.821941
1707.071977	-13.694658
1708.044568	-13.578949
1709.018268	-13.496513
1709.993079	-13.453568
1710.969003	-13.439483
1711.946041	-13.431484
1712.924196	-13.406500
1713.903469	-13.354511
1714.883862	-13.283978
1715.865378	-13.217547
1716.848017	-13.179301
1717.831783	-13.180855
1718.816677	-13.215132
1719.802701	-13.257998
1720.789857	-13.279031
1721.778147	-13.258859
1722.767573	-13.200303
1723.758136	-13.126459
1724.749840	-13.066734
1725.742685	-13.038917
1726.736673	-13.039947
1727.731808	-13.047850
1728.728090	-13.034004
1729.725521	-12.982251
1730.724105	-12.900376
1731.723842	-12.815672
1732.724735	-12.758810
1733.726785	-12.745452
1734.729995	-12.767849
1735.734366	-12.799474
1736.739902	-12.810036
1737.746603	-12.785684
1738.754472	-12.738451
1739.763510	-12.696986
1740.773721	-12.687057
1741.785105	-12.713648
1742.797665	-12.756541
1743.811403	-12.782486
1744.826321	-12.766706
1745.842422	-12.711797
1746.859706	-12.646351
1747.878177	-12.603835
1748.897835	-12.600671
1749.918685	-12.625540
1750.940726	-12.647389
1751.963963	-12.638742
1752.988395	-12.596753
1754.014027	-12.546964
1755.040860	-12.523927
1756.068895	-12.544807
1757.098135	-12.596981
1758.128583	-12.644305
1759.160240	-12.652564
1760.193109	-12.616947
1761.227191	-12.565200
1762.262488	-12.535468
1763.299004	-12.546108
1764.336740	-12.581341
1765.375697	-12.603898
1766.415880	-12.584589
1767.457288	-12.529200
1768.499926	-12.475435
1769.543794	-12.461470
1770.588895	-12.496509
1771.635231	-12.552189
1772.682805	-12.583459
1773.731619	-12.566319
1774.781674	-12.518717
1775.832973	-12.484838
1776.885519	-12.495888
1777.939312	-12.543373
1778.994357	-12.585656
1780.050654	-12.582843
1781.108207	-12.534956
1782.167017	-12.483159
1783.227087	-12.472069
1784.288418	-12.511249
1785.351013	-12.566056
1786.414875	-12.587418
1787.480006	-12.557609
1788.546407	-12.507941
1789.614082	-12.488255
1790.683032	-12.519408
1791.753259	-12.574075
1792.824767	-12.600834
1793.897557	-12.574172
1794.971632	-12.521822
1796.046994	-12.496766
1797.123645	-12.525391
1798.201588	-12.582271
1799.280824	-12.613581
1800.361357	-12.591331
1801.443188	-12.543571
1802.526320	-12.524519
1803.610756	-12.558396
1804.696497	-12.614596
1805.783546	-12.637549
1806.871906	-12.605769
1807.961578	-12.556962
1809.052565	-12.547243
1810.144870	-12.591866
1811.238494	-12.649430
1812.333441	-12.664331
1813.429713	-12.628545
1814.527311	-12.591075
1815.626239	-12.601553
1816.726499	-12.655826
1817.828094	-12.699540
1818.931025	-12.688783
1820.035295	-12.642740
1821.140906	-12.621574
1822.247862	-12.657468
1823.356165	-12.718699
1824.465816	-12.745147
1825.576819	-12.719014
1826.689175	-12.686237
1827.802888	-12.699355
1828.917960	-12.754520
1830.034394	-12.795905
1831.152191	-12.783298
1832.271354	-12.743797
1833.391887	-12.737756
1834.513790	-12.783988
1835.637068	-12.837432
1836.761722	-12.844657
1837.887755	-12.813022
1839.015169	-12.800858
1840.143968	-12.841135
1841.274153	-12.899617
1842.405727	-12.917716
1843.538693	-12.890045
1844.673053	-12.871552
1845.808810	-12.903064
1846.945966	-12.957984
1848.084525	-12.977326
1849.224488	-12.950808
1850.365858	-12.931498
1851.508638	-12.962354
1852.652831	-13.018374
1853.798438	-13.040649
1854.945463	-13.018869
1856.093909	-13.005196
1857.243777	-13.038897
1858.395071	-13.091187
1859.547794	-13.106737
1860.701947	-13.084568
1861.857533	-13.079343
1863.014556	-13.120242
1864.173018	-13.168381
1865.332922	-13.174048
1866.494270	-13.151526
1867.657065	-13.157244
1868.821309	-13.203998
1869.987006	-13.242392
1871.154158	-13.236410
1872.322768	-13.220155
1873.492839	-13.244224
1874.664373	-13.296904
1875.837373	-13.322380
1877.011841	-13.308845
1878.187782	-13.307794
1879.365197	-13.350288
1880.544089	-13.396691
1881.724460	-13.399199
1882.906315	-13.380183
1884.089655	-13.395061
1885.274483	-13.441642
1886.460803	-13.465202
1887.648616	-13.451329
1888.837927	-13.451385
1890.028736	-13.494283
1891.221049	-13.536192
1892.414866	-13.533928
1893.610192	-13.519976
1894.807028	-13.545124
1896.005379	-13.589226
1897.205246	-13.596367
1898.406633	-13.575755
1899.609542	-13.586807
1900.813977	-13.632569
1902.019940	-13.653579
1903.227434	-13.636035
1904.436462	-13.638266
1905.647028	-13.682585
1906.859133	-13.712729
1908.072781	-13.698241
1909.287976	-13.693469
1910.504719	-13.734667
1911.723013	-13.769822
1912.942863	-13.756954
1914.164270	-13.746684
1915.387238	-13.784265
1916.611770	-13.820961
1917.837868	-13.809546
1919.065536	-13.800404
1920.294777	-13.841710
1921.525594	-13.881405
1922.757989	-13.869335
1923.991967	-13.859279
1925.227529	-13.897922
1926.464679	-13.928031
1927.703420	-13.907091
1928.943755	-13.899210
1930.185688	-13.941647
1931.429221	-13.965992
1932.674356	-13.942884
1933.921099	-13.945408
1935.169451	-13.989485
1936.419415	-13.996763
1937.670996	-13.965791
1938.924195	-13.977677
1940.179017	-14.017847
1941.435463	-14.008151
1942.693538	-13.983330
1943.953245	-14.013425
1945.214586	-14.043628
1946.477566	-14.016979
1947.742186	-14.006945
1949.008451	-14.048944
1950.276363	-14.057005
1951.545926	-14.023201
1952.817143	-14.037676
1954.090017	-14.076019
1955.364551	-14.055828
1956.640749	-14.035063
1957.918615	-14.074995
1959.198150	-14.091842
1960.479359	-14.057392
1961.762244	-14.067572
1963.046810	-14.106411
1964.333059	-14.083853
1965.620995	-14.060465
1966.910621	-14.099278
1968.201940	-14.109288
1969.494956	-14.073062
1970.789672	-14.089414
1972.086091	-14.120156
1973.384217	-14.086219
1974.684053	-14.071852
1975.985602	-14.108676
1977.288869	-14.095362
1978.593855	-14.062051
1979.900566	-14.089865
1981.209003	-14.096342
1982.519171	-14.053597
1983.831073	-14.062501
1985.144712	-14.083885
1986.460093	-14.045466
1987.777217	-14.036442
1989.096089	-14.063934
1990.416713	-14.035194
1991.739092	-14.012773
1993.063228	-14.041498
1994.389127	-14.025827
1995.716791	-13.995141
1997.046223	-14.018144
1998.377428	-14.010825
1999.710409	-13.976834
2001.045169	-13.996650
2002.381713	-13.998246
2003.720043	-13.963904
2005.060163	-13.977885
2006.402077	-13.981060
2007.745788	-13.945070
2009.091301	-13.956264
2010.438618	-13.963304
2011.787743	-13.928351
2013.138680	-13.936000
2014.491433	-13.941020
2015.846005	-13.904468
2017.202399	-13.909920
2018.560621	-13.913618
2019.920673	-13.877229
2021.282558	-13.880736
2022.646281	-13.879952
2024.011846	-13.843500
2025.379256	-13.846090
2026.748515	-13.839794
2028.119626	-13.804151
2029.492594	-13.806541
2030.867422	-13.795042
2032.244114	-13.763318
2033.622673	-13.766371
2035.003104	-13.748604
2036.385411	-13.721298
2037.769597	-13.725147
2039.155665	-13.704327
2040.543621	-13.685252
2041.933467	-13.688673
2043.325208	-13.664035
2044.718847	-13.652282
2046.114389	-13.654385
2047.511837	-13.629884
2048.911195	-13.625360
2050.312467	-13.622463
2051.715657	-13.598446
2053.120769	-13.598886
2054.527807	-13.589870
2055.936775	-13.568831
2057.347677	-13.570396
2058.760516	-13.553704
2060.175297	-13.538408
2061.592025	-13.537840
2063.010701	-13.514338
2064.431332	-13.505510
2065.853921	-13.498239
2067.278472	-13.474406
2068.704988	-13.472389
2070.133475	-13.453449
2071.563936	-13.435187
2072.996375	-13.434596
2074.430796	-13.408733
2075.867204	-13.403613
2077.305603	-13.393220
2078.745996	-13.369800
2080.188389	-13.375305
2081.632784	-13.354408
2083.079187	-13.347649
2084.527601	-13.346638
2085.978030	-13.325877
2087.430480	-13.335328
2088.884954	-13.319805
2090.341455	-13.316724
2091.799990	-13.318147
2093.260561	-13.301694
2094.723173	-13.313613
2096.187831	-13.295268
2097.654538	-13.297980
2099.123300	-13.295009
2100.594119	-13.280669
2102.067001	-13.291416
2103.541950	-13.268036
2105.018971	-13.275583
2106.498067	-13.263053
2107.979243	-13.254686
2109.462503	-13.256246
2110.947853	-13.234634
2112.435295	-13.243129
2113.924836	-13.220186
2115.416478	-13.222397
2116.910227	-13.208258
2118.406087	-13.198717
2119.904063	-13.199073
2121.404158	-13.180323
2122.906378	-13.188727
2124.410727	-13.169954
2125.917210	-13.177208
2127.425831	-13.165435
2128.936594	-13.168585
2130.449505	-13.167792
2131.964567	-13.166609
2133.481786	-13.175649
2135.001166	-13.171488
2136.522711	-13.188370
2138.046427	-13.180726
2139.572317	-13.197233
2141.100388	-13.195598
2142.630642	-13.206041
2144.163085	-13.206278
2145.697722	-13.215110
2147.234558	-13.218795
2148.773596	-13.220747
2150.314842	-13.228304
2151.858301	-13.226933
2153.403977	-13.234323
2154.951875	-13.229838
2156.502000	-13.237833
2158.054357	-13.234517
2159.608950	-13.239569
2161.165785	-13.238697
2162.724866	-13.243933
2164.286198	-13.244195
2165.849786	-13.248519
2167.415635	-13.251343
2168.983749	-13.257431
2170.554134	-13.263710
2172.126795	-13.270061
2173.701737	-13.282230
2175.278964	-13.290345
2176.858481	-13.304737
2178.440294	-13.315462
2180.024408	-13.333343
2181.610827	-13.345437
2183.199557	-13.364900
2184.790602	-13.378395
2186.383968	-13.399770
2187.979660	-13.411402
2189.577683	-13.433962
2191.178041	-13.446640
2192.780741	-13.467646
2194.385787	-13.480023
2195.993185	-13.500519
2197.602939	-13.512634
2199.215054	-13.530674
2200.829537	-13.544253
2202.446392	-13.561603
2204.065624	-13.576000
2205.687239	-13.591336
2207.311242	-13.609181
2208.937638	-13.621019
2210.566433	-13.642341
2212.197631	-13.654297
2213.831239	-13.678271
2215.467261	-13.690307
2217.105703	-13.717794
2218.746570	-13.732606
2220.389867	-13.761020
2222.035601	-13.782784
2223.683776	-13.812264
2225.334398	-13.840066
2226.987472	-13.869094
2228.643004	-13.903688
2230.300999	-13.931568
2231.961463	-13.970959
2233.624402	-13.999127
2235.289820	-14.037496
2236.957723	-14.068502
2238.628118	-14.102416
2240.301009	-14.136909
2241.976402	-14.168293
2243.654303	-14.204589
2245.334717	-14.232734
2247.017650	-14.268285
2248.703108	-14.298924
2250.391096	-14.332151
2252.081620	-14.365699
2253.774686	-14.396160
2255.470300	-14.430715
2257.168467	-14.459891
2258.869193	-14.494824
2260.572484	-14.529517
2262.278345	-14.561747
2263.986783	-14.599654
2265.697804	-14.641112
2267.411412	-14.682556
2269.127615	-14.721697
2270.846417	-14.770067
2272.567826	-14.820431
2274.291846	-14.872270
2276.018484	-14.927035
2277.747745	-14.976189
2279.479637	-15.035003
2281.214164	-15.091847
2282.951333	-15.147160
2284.691149	-15.205428
2286.433619	-15.257298
2288.178750	-15.313484
2289.926546	-15.370066
2291.677014	-15.419621
2293.430161	-15.474494
2295.185992	-15.525613
2296.944513	-15.573024
2298.705732	-15.629788
2300.469653	-15.678161
2302.236283	-15.727202
2304.005629	-15.782693
2305.777696	-15.830317
2307.552492	-15.883325
2309.330022	-15.941400
2311.110292	-15.995955
2312.893310	-16.055765
2314.679080	-16.124306
2316.467611	-16.190983
2318.258907	-16.260512
2320.052976	-16.341029
2321.849824	-16.415899
2323.649457	-16.493355
2325.451883	-16.580202
2327.257106	-16.659467
2329.065135	-16.737572
2330.875975	-16.822384
2332.689633	-16.905374
2334.506116	-16.979531
2336.325430	-17.059938
2338.147581	-17.143000
2339.972578	-17.214902
2341.800425	-17.287675
2343.631130	-17.371650
2345.464700	-17.445811
2347.301141	-17.511703
2349.140461	-17.595608
2350.982665	-17.673855
2352.827760	-17.739903
2354.675754	-17.812941
2356.526653	-17.901061
2358.380464	-17.977886
2360.237195	-18.046018
2362.096851	-18.137378
2363.959440	-18.240638
2365.824968	-18.325861
2367.693444	-18.413381
2369.564873	-18.536527
2371.439263	-18.650534
2373.316620	-18.745310
2375.196953	-18.856164
2377.080267	-18.982068
2378.966570	-19.098944
2380.855869	-19.194559
2382.748171	-19.298183
2384.643484	-19.422820
2386.541815	-19.538254
2388.443170	-19.625296
2390.347557	-19.714438
2392.254984	-19.839408
2394.165457	-19.954195
2396.078984	-20.030091
2397.995572	-20.113265
2399.915229	-20.231347
2401.837961	-20.344295
2403.763777	-20.437199
2405.692684	-20.521305
2407.624689	-20.622195
2409.559800	-20.736754
2411.498023	-20.863733
2413.439368	-20.976535
2415.383840	-21.070525
2417.331449	-21.184349
2419.282201	-21.344797
2421.236104	-21.510933
2423.193165	-21.633881
2425.153393	-21.746713
2427.116795	-21.888342
2429.083378	-22.064154
2431.053151	-22.224805
2433.026121	-22.368295
2435.002297	-22.487275
2436.981685	-22.607951
2438.964293	-22.732386
2440.950131	-22.888349
2442.939204	-23.044615
2444.931522	-23.178965
2446.927092	-23.265680
2448.925923	-23.348316
2450.928022	-23.457553
2452.933397	-23.616314
2454.942056	-23.782189
2456.954008	-23.922497
2458.969260	-24.013057
2460.987821	-24.098198
2463.009699	-24.192312
2465.034902	-24.349084
2467.063437	-24.516300
2469.095315	-24.725958
2471.130542	-24.894002
2473.169127	-25.066585
2475.211078	-25.202324
2477.256404	-25.351308
2479.305112	-25.470121
2481.357212	-25.690995
2483.412713	-25.898071
2485.471621	-26.097943
2487.533946	-26.358716
2489.599696	-26.533677
2491.668880	-26.678863
2493.741507	-26.784502
2495.817585	-26.866471
2497.897122	-26.962063
2499.980127	-27.060628
2502.066609	-27.205444
2504.156578	-27.370531
2506.250040	-27.558832
2508.347006	-27.755412
2510.447483	-27.934759
2512.551482	-28.123127
2514.659010	-28.287379
2516.770076	-28.438617
2518.884690	-28.576320
2521.002861	-28.695451
2523.124597	-28.802121
2525.249907	-28.930922
2527.378801	-29.055483
2529.511287	-29.188625
2531.647375	-29.346752
2533.787074	-29.533029
2535.930393	-29.743271
2538.077340	-29.964697
2540.227927	-30.182535
2542.382160	-30.420740
2544.540051	-30.647984
2546.701608	-30.888467
2548.866840	-31.104448
2551.035757	-31.352448
2553.208369	-31.560137
2555.384684	-31.767502
2557.564713	-31.997345
2559.748465	-32.193365
2561.935948	-32.372441
2564.127174	-32.537133
2566.322152	-32.690705
2568.520890	-32.840299
2570.723399	-32.985704
2572.929689	-33.194465
2575.139769	-33.319966
2577.353649	-33.584071
2579.571340	-33.787535
2581.792849	-34.031276
2584.018189	-34.243248
2586.247368	-34.462763
2588.480396	-34.657870
2590.717284	-34.841296
2592.958041	-34.984633
2595.202678	-35.072302
2597.451204	-35.235284
2599.703630	-35.368063
2601.959966	-35.541555
2604.220222	-35.792182
2606.484408	-36.032767
2608.752535	-36.338927
2611.024612	-36.734648
2613.300651	-37.061146
2615.580661	-37.367996
2617.864653	-37.565686
2620.152638	-37.633202
2622.444625	-37.565901
2624.740626	-37.399366
2627.040651	-37.225909
2629.344710	-37.156702
2631.652814	-37.161043
2633.964974	-37.372207
2636.281200	-37.703676
2638.601504	-38.130051
2640.925896	-38.657808
2643.254386	-39.055737
2645.586987	-39.342761
2647.923707	-39.518648
2650.264559	-39.666744
2652.609554	-39.982871
2654.958702	-40.468499
2657.312015	-41.116342
2659.669503	-41.669865
2662.031178	-42.045195
2664.397051	-42.108800
2666.767132	-42.097177
2669.141434	-42.280857
2671.519968	-42.655697
2673.902745	-43.042205
2676.289776	-43.155703
2678.681072	-42.881429
2681.076646	-42.427529
2683.476508	-42.238376
2685.880671	-42.445380
2688.289145	-42.643958
2690.701942	-42.790169
2693.119075	-42.635712
2695.540554	-42.587862
2697.966391	-42.833814
2700.396599	-43.362571
2702.831189	-43.724627
2705.270172	-43.813928
2707.713561	-43.951160
2710.161368	-44.368670
2712.613605	-45.231342
2715.070283	-45.779477
2717.531416	-45.930852
2719.997014	-46.211610
2722.467090	-47.264909
2724.941657	-48.235697
2727.420726	-48.663415
2729.904310	-48.915745
2732.392421	-49.583766
2734.885072	-50.447003
2737.382275	-50.218679
2739.884042	-49.627792
2742.390387	-49.626986
2744.901321	-49.437217
2747.416857	-48.657014
2749.937008	-48.481557
2752.461787	-48.638116
2754.991206	-48.417950
2757.525279	-48.145657
2760.064017	-48.314642
2762.607434	-48.492267
2765.155544	-48.203529
2767.708358	-48.298682
2770.265890	-48.820680
2772.828153	-48.966430
2775.395160	-48.799304
2777.966924	-49.454959
2780.543459	-50.174568
2783.124778	-50.249183
2785.710894	-50.929858
2788.301821	-52.233106
2790.897572	-53.002094
2793.498160	-54.006390
2796.103599	-55.859633
2798.713903	-57.011108
2801.329085	-58.386432
2803.949159	-58.461924
2806.574139	-57.791704
2809.204038	-58.454642
2811.838871	-57.502087
2814.478650	-56.947047
2817.123391	-57.519123
2819.773107	-56.204225
2822.427812	-55.702405
2825.087521	-55.713098
2827.752247	-54.739393
2830.422005	-54.477940
2833.096808	-54.137700
2835.776672	-53.848868
2838.461611	-53.628401
2841.151638	-53.429233
2843.846769	-53.549196
2846.547019	-53.428607
2849.252401	-53.829806
2851.962930	-54.409811
2854.678621	-54.562457
2857.399489	-56.371559
2860.125549	-57.091027
2862.856815	-58.166755
2865.593302	-59.797516
2868.335026	-59.891332
2871.082002	-61.548894
2873.834244	-62.115649
2876.591767	-63.095700
2879.354588	-64.931755
2882.122721	-66.202012
2884.896181	-67.265331
2887.674984	-68.531056
2890.459146	-67.941838
2893.248681	-68.139425
2896.043606	-65.583716
2898.843937	-64.420269
2901.649687	-62.410727
2904.460875	-61.215429
2907.277515	-60.234577
2910.099623	-59.457813
2912.927215	-58.751373
2915.760308	-58.571042
2918.598916	-58.939769
2921.443057	-59.180456
2924.292747	-60.091397
2927.148002	-60.897966
2930.008837	-61.671849
2932.875270	-62.016973
2935.747318	-62.362385
2938.624995	-62.755922
2941.508320	-62.608276
2944.397308	-63.241221
2947.291977	-63.640491
2950.192343	-64.218257
2953.098423	-64.546541
2956.010234	-65.618254
2958.927792	-67.079209
2961.851116	-68.797747
2964.780221	-71.492905
2967.715126	-77.859108
2970.655847	-92.141776
2973.602402	-81.129726
2976.554808	-72.070709
2979.513083	-68.448444
2982.477243	-67.317624
2985.447308	-66.260806
2988.423293	-66.056695
2991.405218	-65.994010
2994.393099	-66.829437
2997.386955	-67.165452
