# 2022-03-22_00.08.54
# shape = sech2
# FWHM_ps = 0.1
# carrier_nm = 1542
# frep_MHz = 12126
# pow_mW = 8000
# GDD = 0.0
# propa_len = 0.13244444444444445
# untap_len = 0.01
# taper_len = 0.07244444444444445
# waist_len = 0.02
# uptap_len = 0.02
# untap_scale = 1.0
# waist_scale = 0.368421052631579
# workingDir = NL_20110305_12 (Spirou)
# axis = slow
# window_ps = 10.0
# steps = 200
# points = 21700
# 
# wavelength [nm]	 power spectral density [dB]
600.043425	-139.738271
600.163550	-139.818895
600.283723	-140.096791
600.403943	-140.601563
600.524212	-141.370362
600.644529	-142.441408
600.764895	-143.833907
600.885308	-145.474332
601.005770	-146.988714
601.126280	-147.536146
601.246839	-146.671774
601.367446	-145.108164
601.488101	-143.569567
601.608804	-142.304535
601.729557	-141.334431
601.850357	-140.615215
601.971206	-140.090352
602.092104	-139.708027
602.213050	-139.429773
602.334045	-139.236345
602.455089	-139.129524
602.576181	-139.128513
602.697322	-139.262631
602.818511	-139.563500
602.939749	-140.058787
603.061036	-140.767319
603.182372	-141.693310
603.303757	-142.816704
603.425191	-144.078922
603.546673	-145.373246
603.668204	-146.567916
603.789785	-147.583810
603.911414	-148.467417
604.033092	-149.348378
604.154820	-150.273453
604.276596	-150.966701
604.398422	-150.753706
604.520297	-149.342879
604.642220	-147.353574
604.764193	-145.408235
604.886216	-143.739723
605.008287	-142.377978
605.130408	-141.289615
605.252578	-140.428842
605.374798	-139.754624
605.497066	-139.237466
605.619385	-138.862143
605.741752	-138.627730
605.864169	-138.545251
605.986636	-138.633995
606.109152	-138.917832
606.231718	-139.421877
606.354333	-140.169027
606.476998	-141.174403
606.599712	-142.432715
606.722476	-143.890180
606.845290	-145.395698
606.968154	-146.669141
607.091067	-147.422969
607.214030	-147.635877
607.337043	-147.560248
607.460106	-147.429333
607.583219	-147.294221
607.706381	-147.049185
607.829594	-146.551144
607.952856	-145.769258
608.076169	-144.824120
608.199531	-143.885475
608.322944	-143.076654
608.446407	-142.453285
608.569920	-142.016465
608.693483	-141.726703
608.817096	-141.514094
608.940759	-141.293240
609.064473	-140.990458
609.188237	-140.575180
609.312051	-140.071632
609.435916	-139.539708
609.559831	-139.043361
609.683796	-138.629237
609.807812	-138.320607
609.931878	-138.120102
610.055995	-138.015294
610.180162	-137.985117
610.304380	-138.007391
610.428648	-138.066687
610.552967	-138.159901
610.677337	-138.297520
610.801757	-138.500398
610.926228	-138.793566
611.050750	-139.199589
611.175323	-139.733468
611.299946	-140.399361
611.424620	-141.188859
611.549345	-142.081645
611.674121	-143.050161
611.798948	-144.069076
611.923826	-145.127314
612.048755	-146.235275
612.173734	-147.417322
612.298765	-148.683461
612.423847	-149.977029
612.548980	-151.104607
612.674165	-151.728832
612.799400	-151.593115
612.924687	-150.797952
613.050025	-149.658194
613.175414	-148.421767
613.300854	-147.220459
613.426346	-146.127390
613.551889	-145.195852
613.677484	-144.470430
613.803130	-143.987561
613.928827	-143.775003
614.054576	-143.851802
614.180377	-144.227024
614.306229	-144.894210
614.432132	-145.817141
614.558087	-146.902802
614.684094	-147.969950
614.810153	-148.767364
614.936263	-149.116658
615.062425	-149.064245
615.188639	-148.805143
615.314904	-148.497480
615.441222	-148.191287
615.567591	-147.850802
615.694012	-147.396844
615.820486	-146.751242
615.947011	-145.880185
616.073588	-144.818774
616.200217	-143.659893
616.326898	-142.518913
616.453632	-141.502771
616.580417	-140.697753
616.707255	-140.172255
616.834144	-139.986683
616.961086	-140.206560
617.088081	-140.920461
617.215127	-142.271539
617.342226	-144.527170
617.469378	-148.243737
617.596581	-153.840685
617.723837	-152.078314
617.851146	-146.698811
617.978507	-143.322716
618.105920	-141.188285
618.233386	-139.845434
618.360905	-139.076786
618.488476	-138.771523
618.616100	-138.879123
618.743777	-139.396809
618.871506	-140.377202
618.999288	-141.962089
619.127123	-144.485083
619.255011	-148.868357
619.382951	-159.121302
619.510945	-153.216313
619.638991	-145.905295
619.767090	-142.036822
619.895243	-139.569010
620.023448	-137.911498
620.151706	-136.803123
620.280017	-136.084034
620.408382	-135.618740
620.536799	-135.264108
620.665270	-134.871801
620.793794	-134.329928
620.922371	-133.614259
621.051002	-132.789477
621.179686	-131.955321
621.308423	-131.194125
621.437213	-130.551413
621.566057	-130.038763
621.694954	-129.642533
621.823905	-129.332016
621.952909	-129.067266
622.081967	-128.808315
622.211079	-128.525648
622.340244	-128.208685
622.469462	-127.867905
622.598735	-127.529605
622.728061	-127.227022
622.857441	-126.992568
622.986874	-126.853364
623.116361	-126.829722
623.245903	-126.935073
623.375498	-127.176076
623.505147	-127.552286
623.634850	-128.055381
623.764606	-128.668410
623.894417	-129.366141
624.024282	-130.117931
624.154201	-130.893654
624.284174	-131.670718
624.414202	-132.437055
624.544283	-133.184404
624.674419	-133.891637
624.804609	-134.507953
624.934853	-134.956550
625.065151	-135.177390
625.195504	-135.187637
625.325911	-135.096123
625.456373	-135.056041
625.586889	-135.214105
625.717460	-135.696672
625.848085	-136.626913
625.978764	-138.161721
626.109498	-140.555632
626.240287	-144.240731
626.371131	-148.739079
626.502029	-146.789987
626.632982	-142.255784
626.763989	-139.106113
626.895052	-136.929733
627.026169	-135.340312
627.157341	-134.104385
627.288568	-133.072933
627.419850	-132.153613
627.551187	-131.300759
627.682579	-130.505775
627.814026	-129.783063
627.945528	-129.155558
628.077085	-128.644774
628.208697	-128.266446
628.340364	-128.030057
628.472087	-127.940223
628.603865	-127.998457
628.735698	-128.204547
628.867586	-128.557388
628.999530	-129.055374
629.131529	-129.696323
629.263584	-130.476861
629.395694	-131.391166
629.527859	-132.428914
629.660080	-133.572234
629.792357	-134.791664
629.924689	-136.041961
630.057077	-137.260419
630.189520	-138.373071
630.322019	-139.313994
630.454574	-140.052414
630.587184	-140.607756
630.719851	-141.038241
630.852573	-141.412822
630.985351	-141.786180
631.118185	-142.183573
631.251075	-142.590372
631.384021	-142.943799
631.517023	-143.137823
631.650081	-143.064295
631.783195	-142.687421
631.916365	-142.083857
632.049592	-141.398725
632.182874	-140.773834
632.316213	-140.313881
632.449608	-140.089549
632.583059	-140.153322
632.716567	-140.556020
632.850131	-141.363398
632.983751	-142.678982
633.117428	-144.689948
633.251161	-147.791580
633.384951	-153.052635
633.518797	-162.992648
633.652700	-155.373954
633.786660	-150.064314
633.920676	-147.485241
634.054749	-146.299568
634.188879	-146.034811
634.323065	-146.267018
634.457308	-146.082381
634.591608	-144.403314
634.725965	-141.662725
634.860379	-138.899552
634.994850	-136.517079
635.129377	-134.554313
635.263962	-132.956542
635.398604	-131.654841
635.533303	-130.583688
635.668058	-129.685490
635.802872	-128.914179
635.937742	-128.239037
636.072669	-127.646623
636.207654	-127.138759
636.342696	-126.726467
636.477796	-126.421703
636.612953	-126.229092
636.748167	-126.138960
636.883439	-126.122380
637.018768	-126.130399
637.154155	-126.101970
637.289599	-125.983451
637.425101	-125.752158
637.560660	-125.426376
637.696277	-125.052457
637.831952	-124.680313
637.967685	-124.344595
638.103475	-124.058069
638.239324	-123.814414
638.375230	-123.596245
638.511194	-123.385374
638.647215	-123.172267
638.783295	-122.961205
638.919433	-122.769274
639.055629	-122.620626
639.191883	-122.539626
639.328195	-122.545804
639.464565	-122.651434
639.600994	-122.860993
639.737481	-123.171466
639.874025	-123.572835
640.010629	-124.048631
640.147290	-124.576884
640.284010	-125.132146
640.420789	-125.689205
640.557625	-126.228205
640.694521	-126.739136
640.831474	-127.222609
640.968487	-127.684567
641.105558	-128.124519
641.242687	-128.519195
641.379876	-128.808019
641.517123	-128.896341
641.654429	-128.696895
641.791793	-128.196101
641.929216	-127.479029
642.066699	-126.682320
642.204240	-125.932105
642.341840	-125.317291
642.479499	-124.892847
642.617217	-124.692074
642.754994	-124.737414
642.892830	-125.048214
643.030726	-125.646943
643.168680	-126.566114
643.306694	-127.859420
643.444767	-129.624626
643.582899	-132.059608
643.721091	-135.630976
643.859342	-141.755505
643.997652	-148.812946
644.136022	-139.317197
644.274451	-134.208227
644.412940	-130.982473
644.551488	-128.663459
644.690096	-126.894108
644.828763	-125.510083
644.967490	-124.422434
645.106277	-123.574969
645.245124	-122.925836
645.384030	-122.438992
645.522997	-122.080782
645.662023	-121.820039
645.801109	-121.630886
645.940255	-121.497072
646.079460	-121.415849
646.218726	-121.399112
646.358052	-121.470768
646.497438	-121.661082
646.636884	-121.999263
646.776391	-122.503990
646.915957	-123.168198
647.055584	-123.930854
647.195271	-124.634545
647.335019	-125.013684
647.474826	-124.827479
647.614695	-124.088019
647.754623	-123.041412
647.894612	-121.935097
648.034662	-120.905324
648.174772	-119.998271
648.314943	-119.213508
648.455174	-118.532540
648.595466	-117.934354
648.735819	-117.403566
648.876233	-116.933935
649.016707	-116.528393
649.157242	-116.196529
649.297838	-115.950930
649.438495	-115.803667
649.579213	-115.763624
649.719992	-115.834713
649.860832	-116.014802
650.001733	-116.295200
650.142695	-116.660888
650.283718	-117.091948
650.424803	-117.566641
650.565949	-118.065807
650.707156	-118.577047
650.848424	-119.096350
650.989754	-119.625590
651.131145	-120.166490
651.272597	-120.713930
651.414111	-121.252449
651.555687	-121.759361
651.697324	-122.215409
651.839022	-122.618730
651.980782	-122.993232
652.122604	-123.384810
652.264488	-123.847575
652.406433	-124.427279
652.548441	-125.144742
652.690510	-125.974422
652.832640	-126.813137
652.974833	-127.459213
653.117088	-127.677883
653.259405	-127.382146
653.401784	-126.713576
653.544224	-125.889304
653.686727	-125.049160
653.829293	-124.233791
653.971920	-123.424809
654.114609	-122.590292
654.257361	-121.718006
654.400175	-120.827520
654.543052	-119.961206
654.685991	-119.166209
654.828992	-118.480362
654.972056	-117.926331
655.115183	-117.511544
655.258372	-117.230331
655.401623	-117.066297
655.544937	-116.994827
655.688314	-116.986547
655.831754	-117.012435
655.975256	-117.050041
656.118822	-117.088868
656.262450	-117.132054
656.406141	-117.192702
656.549894	-117.285798
656.693711	-117.418391
656.837591	-117.580589
656.981534	-117.739986
657.125540	-117.844205
657.269610	-117.837308
657.413742	-117.688003
657.557938	-117.411519
657.702196	-117.065408
657.846519	-116.723798
657.990904	-116.452419
658.135353	-116.297291
658.279866	-116.284878
658.424441	-116.427415
658.569081	-116.729728
658.713784	-117.196481
658.858550	-117.839583
659.003381	-118.685180
659.148274	-119.778565
659.293232	-121.182135
659.438253	-122.946048
659.583339	-124.962930
659.728488	-126.495347
659.873701	-126.170305
660.018978	-124.285938
660.164318	-122.228463
660.309723	-120.545574
660.455192	-119.296664
660.600725	-118.431897
660.746323	-117.890853
660.891984	-117.621293
661.037710	-117.582995
661.183500	-117.751233
661.329354	-118.122326
661.475272	-118.720636
661.621255	-119.607074
661.767303	-120.893318
661.913415	-122.774632
662.059591	-125.608425
662.205833	-129.942485
662.352138	-132.859906
662.498509	-128.006773
662.644944	-123.644600
662.791443	-120.649774
662.938008	-118.497746
663.084638	-116.892800
663.231332	-115.670113
663.378091	-114.729786
663.524915	-114.008317
663.671804	-113.465649
663.818759	-113.078254
663.965778	-112.834220
664.112863	-112.728914
664.260012	-112.760923
664.407227	-112.928318
664.554507	-113.225232
664.701853	-113.638918
664.849264	-114.147734
664.996740	-114.721158
665.144282	-115.323538
665.291889	-115.922519
665.439561	-116.499688
665.587300	-117.056954
665.735103	-117.612595
665.882973	-118.186830
666.030908	-118.782202
666.178909	-119.364921
666.326976	-119.855242
666.475109	-120.142881
666.623307	-120.140116
666.771571	-119.841818
666.919902	-119.328058
667.068298	-118.707604
667.216761	-118.066030
667.365289	-117.450494
667.513884	-116.877746
667.662545	-116.347851
667.811272	-115.856446
667.960065	-115.403478
668.108925	-114.997405
668.257851	-114.655026
668.406843	-114.398644
668.555902	-114.252913
668.705027	-114.243326
668.854219	-114.397473
669.003478	-114.749562
669.152803	-115.348766
669.302195	-116.273444
669.451653	-117.658233
669.601179	-119.758060
669.750771	-123.140803
669.900430	-129.338220
670.050156	-131.614655
670.199949	-123.640493
670.349808	-119.063037
670.499735	-116.101062
670.649729	-114.023352
670.799790	-112.524100
670.949918	-111.446186
671.100114	-110.695864
671.250377	-110.210791
671.400707	-109.946510
671.551104	-109.870489
671.701569	-109.959633
671.852101	-110.199344
672.002700	-110.583048
672.153368	-111.111483
672.304102	-111.791340
672.454905	-112.632815
672.605775	-113.645133
672.756713	-114.827703
672.907718	-116.151596
673.058791	-117.523038
673.209933	-118.731725
673.361142	-119.454773
673.512419	-119.453837
673.663764	-118.813549
673.815177	-117.829664
673.966658	-116.755303
674.118207	-115.733812
674.269825	-114.839063
674.421510	-114.112568
674.573264	-113.579928
674.725086	-113.256108
674.876977	-113.146689
675.028936	-113.247835
675.180963	-113.545738
675.333059	-114.015903
675.485224	-114.623066
675.637457	-115.323321
675.789758	-116.070346
675.942129	-116.826219
676.094568	-117.573535
676.247075	-118.322140
676.399652	-119.105383
676.552298	-119.966215
676.705012	-120.934737
676.857795	-121.989567
677.010648	-122.981932
677.163569	-123.540652
677.316560	-123.199558
677.469619	-121.915669
677.622748	-120.141044
677.775946	-118.306585
677.929214	-116.629452
678.082551	-115.196464
678.235957	-114.042214
678.389432	-113.183222
678.542977	-112.630537
678.696592	-112.394717
678.850276	-112.488628
679.004030	-112.930192
679.157853	-113.746509
679.311746	-114.981687
679.465709	-116.713552
679.619742	-119.092704
679.773844	-122.441989
679.928017	-127.472244
680.082259	-132.654389
680.236571	-127.665305
680.390954	-123.015820
680.545406	-119.978781
680.699929	-117.836915
680.854522	-116.257227
681.009185	-115.073404
681.163918	-114.186539
681.318722	-113.526104
681.473596	-113.034421
681.628540	-112.661535
681.783555	-112.365079
681.938641	-112.112184
682.093797	-111.881438
682.249023	-111.663572
682.404321	-111.460460
682.559689	-111.282784
682.715128	-111.146996
682.870637	-111.071995
683.026218	-111.075844
683.181869	-111.172940
683.337591	-111.372191
683.493385	-111.676880
683.649249	-112.086904
683.805185	-112.603825
683.961191	-113.238305
684.117269	-114.018492
684.273418	-114.998064
684.429639	-116.265424
684.585930	-117.962181
684.742294	-120.335346
684.898728	-123.911965
685.055234	-130.281665
685.211812	-137.826521
685.368461	-127.648254
685.525182	-122.744762
685.681975	-119.765402
685.838839	-117.677201
685.995775	-116.085144
686.152783	-114.795900
686.309863	-113.705482
686.467014	-112.759219
686.624238	-111.932178
686.781534	-111.216236
686.938902	-110.609990
687.096342	-110.110935
687.253854	-109.710404
687.411438	-109.392082
687.569095	-109.134837
687.726824	-108.919734
687.884626	-108.739116
688.042499	-108.603361
688.200446	-108.541330
688.358465	-108.594660
688.516556	-108.810170
688.674720	-109.235047
688.832957	-109.917294
688.991266	-110.912640
689.149649	-112.300877
689.308104	-114.221695
689.466632	-116.963793
689.625233	-121.238601
689.783906	-128.690716
689.942653	-126.041832
690.101473	-119.498234
690.260367	-115.672988
690.419333	-113.129138
690.578372	-111.328677
690.737485	-110.032454
690.896672	-109.111819
691.055931	-108.486570
691.215264	-108.101414
691.374671	-107.917074
691.534151	-107.908116
691.693704	-108.064089
691.853332	-108.391950
692.013033	-108.918438
692.172807	-109.692360
692.332656	-110.788690
692.492578	-112.318449
692.652575	-114.448857
692.812645	-117.414327
692.972789	-121.156937
693.133007	-122.545646
693.293300	-119.388269
693.453666	-116.188204
693.614107	-113.846022
693.774622	-112.127657
693.935211	-110.826504
694.095875	-109.819036
694.256613	-109.040041
694.417426	-108.460364
694.578313	-108.069211
694.739274	-107.861171
694.900311	-107.828414
695.061421	-107.957429
695.222607	-108.228855
695.383868	-108.618594
695.545203	-109.098243
695.706613	-109.633470
695.868098	-110.181252
696.029658	-110.690386
696.191293	-111.111634
696.353003	-111.417651
696.514789	-111.619217
696.676649	-111.761326
696.838585	-111.901057
697.000596	-112.085268
697.162682	-112.340371
697.324844	-112.672984
697.487081	-113.074356
697.649394	-113.522772
697.811782	-113.982162
697.974246	-114.400415
698.136786	-114.715561
698.299401	-114.875965
698.462092	-114.867108
698.624859	-114.725037
698.787702	-114.526895
698.950621	-114.371435
699.113616	-114.365928
699.276686	-114.623924
699.439833	-115.271008
699.603056	-116.452139
699.766355	-118.300896
699.929731	-120.580122
700.093183	-121.224460
700.256711	-118.627943
700.420315	-115.451064
700.583996	-112.885636
700.747754	-110.934877
700.911588	-109.461921
701.075499	-108.356046
701.239486	-107.541040
701.403550	-106.966852
701.567691	-106.599869
701.731909	-106.411610
701.896203	-106.364946
702.060575	-106.399087
702.225024	-106.420342
702.389549	-106.315362
702.554152	-106.000011
702.718832	-105.475063
702.883589	-104.827868
703.048424	-104.177577
703.213335	-103.623693
703.378324	-103.229146
703.543391	-103.025828
703.708535	-103.025757
703.873757	-103.231233
704.039056	-103.643617
704.204433	-104.271474
704.369887	-105.137858
704.535420	-106.285226
704.701030	-107.773942
704.866718	-109.659423
705.032484	-111.883262
705.198328	-113.898677
705.364250	-114.425112
705.530250	-113.295025
705.696328	-111.813306
705.862485	-110.680470
706.028720	-110.004954
706.195033	-109.721879
706.361424	-109.721193
706.527894	-109.871941
706.694442	-110.031638
706.861069	-110.067874
707.027775	-109.893816
707.194559	-109.496564
707.361422	-108.932876
707.528363	-108.294023
707.695384	-107.666567
707.862483	-107.109152
708.029661	-106.646754
708.196918	-106.276033
708.364254	-105.976798
708.531670	-105.726355
708.699164	-105.512256
708.866738	-105.338101
709.034391	-105.220245
709.202123	-105.178877
709.369935	-105.229269
709.537826	-105.376620
709.705796	-105.614624
709.873847	-105.926459
710.041976	-106.287131
710.210186	-106.666774
710.378475	-107.034946
710.546844	-107.365726
710.715292	-107.642871
710.883821	-107.863877
711.052429	-108.041776
711.221118	-108.204064
711.389887	-108.388925
711.558735	-108.639511
711.727664	-108.997080
711.896673	-109.493296
712.065763	-110.140578
712.234932	-110.917594
712.404183	-111.747075
712.573513	-112.474324
712.742924	-112.888767
712.912416	-112.841339
713.081988	-112.373831
713.251641	-111.680517
713.421375	-110.964858
713.591190	-110.367009
713.761085	-109.969753
713.931061	-109.823783
714.101119	-109.967496
714.271257	-110.440700
714.441476	-111.297551
714.611777	-112.626199
714.782159	-114.590091
714.952622	-117.537164
715.123166	-122.368168
715.293792	-130.600151
715.464499	-124.718832
715.635288	-118.947570
715.806158	-115.596981
715.977110	-113.371487
716.148143	-111.774711
716.319259	-110.553536
716.490456	-109.548321
716.661735	-108.652669
716.833096	-107.806908
717.004538	-106.994612
717.176063	-106.228794
717.347670	-105.531285
717.519359	-104.916102
717.691130	-104.383002
717.862984	-103.920979
718.034920	-103.518217
718.206938	-103.173157
718.379039	-102.900327
718.551222	-102.727298
718.723488	-102.684534
718.895836	-102.792746
719.068267	-103.050853
719.240781	-103.425684
719.413377	-103.846939
719.586057	-104.217780
719.758819	-104.451514
719.931664	-104.519094
720.104593	-104.462513
720.277604	-104.358356
720.450699	-104.271201
720.623876	-104.233006
720.797137	-104.249070
720.970482	-104.316909
721.143910	-104.446010
721.317421	-104.669870
721.491016	-105.047332
721.664694	-105.657698
721.838456	-106.597726
722.012302	-107.986362
722.186231	-109.976485
722.360244	-112.737169
722.534342	-116.060328
722.708523	-117.413515
722.882788	-115.104084
723.057137	-112.499232
723.231570	-110.666565
723.406088	-109.519872
723.580689	-108.913169
723.755375	-108.758218
723.930146	-109.015792
724.105000	-109.668730
724.279940	-110.663297
724.454963	-111.764793
724.630072	-112.353223
724.805265	-111.771227
724.980543	-110.285545
725.155905	-108.632674
725.331353	-107.194977
725.506885	-106.052298
725.682503	-105.172754
725.858205	-104.496654
726.033993	-103.966810
726.209865	-103.541943
726.385823	-103.203759
726.561866	-102.958894
726.737995	-102.835765
726.914209	-102.877867
727.090508	-103.136282
727.266893	-103.663609
727.443364	-104.509735
727.619920	-105.717510
727.796562	-107.313460
727.973290	-109.283741
728.150103	-111.520212
728.327003	-113.740129
728.503988	-115.485542
728.681060	-116.334328
728.858218	-116.069752
729.035461	-114.761209
729.212791	-112.872728
729.390208	-110.920314
729.567710	-109.167233
729.745299	-107.671871
729.922975	-106.405211
730.100737	-105.322266
730.278586	-104.395778
730.456521	-103.625058
730.634543	-103.028795
730.812652	-102.632465
730.990848	-102.458808
731.169130	-102.524078
731.347500	-102.838902
731.525957	-103.411944
731.704500	-104.255447
731.883131	-105.392254
732.061850	-106.862757
732.240655	-108.722324
732.419548	-110.977511
732.598528	-113.230890
732.777596	-113.939675
732.956751	-112.277636
733.135994	-109.945677
733.315325	-107.975919
733.494744	-106.534436
733.674250	-105.593046
733.853844	-105.109205
734.033526	-105.052882
734.213296	-105.404162
734.393154	-106.140465
734.573101	-107.203073
734.753135	-108.414622
734.933258	-109.358352
735.113469	-109.507774
735.293769	-108.839087
735.474157	-107.882705
735.654633	-107.099997
735.835198	-106.699193
736.015852	-106.748850
736.196594	-107.263361
736.377426	-108.233141
736.558346	-109.625276
736.739355	-111.363425
736.920453	-113.283548
737.101640	-115.083699
737.282916	-116.396516
737.464282	-117.108721
737.645736	-117.512147
737.827280	-117.940983
738.008914	-118.342910
738.190637	-118.121802
738.372449	-116.899418
738.554351	-115.339809
738.736342	-114.260184
738.918424	-114.121242
739.100595	-115.322262
739.282855	-118.653520
739.465206	-124.090797
739.647647	-118.141756
739.830178	-112.367726
740.012799	-108.812334
740.195510	-106.455479
740.378311	-104.822477
740.561203	-103.650139
740.744185	-102.776734
740.927258	-102.112867
741.110421	-101.629383
741.293674	-101.339734
741.477018	-101.278266
741.660453	-101.484270
741.843979	-101.996258
742.027596	-102.854398
742.211303	-104.108076
742.395102	-105.828973
742.578991	-108.138393
742.762972	-111.282861
742.947044	-115.893874
743.131207	-123.750649
743.315461	-122.333844
743.499807	-115.423237
743.684244	-111.425401
743.868773	-108.785339
744.053394	-107.005840
744.238106	-105.906050
744.422910	-105.407585
744.607805	-105.469043
744.792793	-106.058086
744.977872	-107.127925
745.163044	-108.581867
745.348307	-110.217557
745.533663	-111.678072
745.719111	-112.526152
745.904651	-112.522384
746.090283	-111.818912
746.276008	-110.786988
746.461826	-109.737079
746.647735	-108.792346
746.833738	-107.896488
747.019833	-106.907829
747.206021	-105.759347
747.392302	-104.552056
747.578676	-103.477086
747.765143	-102.697750
747.951703	-102.311497
748.138356	-102.365136
748.325102	-102.876468
748.511941	-103.847586
748.698874	-105.271310
748.885900	-107.136125
749.073019	-109.434757
749.260232	-112.159753
749.447539	-115.088127
749.634939	-116.561939
749.822433	-114.353163
750.010021	-110.754816
750.197703	-107.491851
750.385479	-104.785717
750.573348	-102.603595
750.761312	-100.903080
750.949370	-99.650889
751.137523	-98.818109
751.325769	-98.376609
751.514110	-98.298270
751.702545	-98.557065
751.891075	-99.134392
752.079700	-100.027725
752.268419	-101.261523
752.457233	-102.898642
752.646142	-105.049438
752.835145	-107.850618
753.024244	-111.139838
753.213437	-112.738671
753.402726	-110.508258
753.592110	-107.522241
753.781589	-105.114138
753.971163	-103.275513
754.160833	-101.881139
754.350598	-100.836635
754.540459	-100.072792
754.730415	-99.538642
754.920467	-99.204036
755.110615	-99.063701
755.300858	-99.134303
755.491198	-99.442453
755.681633	-100.007904
755.872164	-100.827142
756.062792	-101.861736
756.253515	-103.040383
756.444335	-104.288239
756.635252	-105.576366
756.826264	-106.933417
757.017373	-108.346218
757.208579	-109.533449
757.399881	-109.856702
757.591280	-109.043221
757.782776	-107.681891
757.974368	-106.382304
758.166058	-105.393442
758.357844	-104.778282
758.549728	-104.550867
758.741708	-104.725222
758.933786	-105.330016
759.125961	-106.418158
759.318233	-108.087527
759.510603	-110.533285
759.703071	-114.180399
759.895635	-119.787257
760.088298	-121.784826
760.281058	-116.158625
760.473916	-112.328186
760.666872	-109.866201
760.859926	-108.227658
761.053078	-107.184638
761.246328	-106.661342
761.439676	-106.662619
761.633122	-107.226116
761.826667	-108.320418
762.020310	-109.482528
762.214052	-109.321702
762.407892	-107.286875
762.601831	-104.784063
762.795868	-102.661912
762.990004	-101.043851
763.184239	-99.861011
763.378573	-99.023106
763.573006	-98.458662
763.767538	-98.125870
763.962169	-98.010501
764.156900	-98.110478
764.351729	-98.407333
764.546658	-98.827489
764.741687	-99.210719
764.936815	-99.347124
765.132042	-99.133552
765.327370	-98.693255
765.522797	-98.273326
765.718324	-98.083852
765.913950	-98.249878
766.109677	-98.829927
766.305504	-99.828600
766.501431	-101.168042
766.697458	-102.589950
766.893586	-103.549722
767.089814	-103.511440
767.286142	-102.599147
767.482571	-101.362667
767.679100	-100.191787
767.875730	-99.272705
768.072461	-98.705320
768.269293	-98.563495
768.466225	-98.919751
768.663259	-99.865502
768.860393	-101.545417
769.057629	-104.239526
769.254966	-108.617131
769.452404	-116.341515
769.649944	-115.200985
769.847585	-109.063908
770.045328	-105.821413
770.243172	-103.895115
770.441118	-102.686244
770.639166	-101.954684
770.837315	-101.617464
771.035567	-101.670891
771.233920	-102.148577
771.432376	-103.094470
771.630934	-104.528336
771.829594	-106.342138
772.028356	-108.018088
772.227220	-108.552519
772.426188	-107.783544
772.625257	-106.696526
772.824430	-105.950114
773.023705	-105.725552
773.223083	-106.039961
773.422563	-106.872685
773.622147	-108.178035
773.821834	-109.815045
774.021624	-111.334352
774.221517	-111.828803
774.421513	-110.866075
774.621613	-109.204577
774.821816	-107.594205
775.022122	-106.327114
775.222532	-105.485189
775.423046	-105.081587
775.623664	-105.083443
775.824385	-105.368497
776.025211	-105.634936
776.226140	-105.412354
776.427173	-104.456179
776.628311	-103.058760
776.829553	-101.661770
777.030899	-100.521563
777.232350	-99.736621
777.433905	-99.340492
777.635564	-99.354414
777.837328	-99.813786
778.039197	-100.789565
778.241171	-102.423078
778.443250	-105.008563
778.645433	-109.204004
778.847722	-115.170756
779.050116	-111.623144
779.252615	-106.363619
779.455219	-103.120852
779.657929	-101.024193
779.860744	-99.658598
780.063665	-98.829660
780.266691	-98.439429
780.469823	-98.438842
780.673061	-98.808968
780.876405	-99.556746
781.079855	-100.722352
781.283410	-102.400136
781.487072	-104.770514
781.690840	-108.031374
781.894715	-110.963760
782.098695	-109.003671
782.302783	-105.234640
782.506976	-102.391029
782.711277	-100.463180
782.915684	-99.256645
783.120198	-98.651711
783.324818	-98.582684
783.529546	-99.013820
783.734381	-99.921531
783.939322	-101.272823
784.144372	-102.984019
784.349528	-104.841793
784.554792	-106.428731
784.760163	-107.285802
784.965642	-107.339017
785.171228	-106.883035
785.376922	-106.200511
785.582724	-105.465982
785.788634	-104.799445
785.994651	-104.273669
786.200777	-103.899387
786.407011	-103.633218
786.613353	-103.419660
786.819804	-103.248743
787.026363	-103.181794
787.233030	-103.318641
787.439806	-103.733080
787.646691	-104.397578
787.853684	-105.080181
788.060786	-105.292849
788.267997	-104.630179
788.475317	-103.256905
788.682746	-101.616632
788.890285	-99.990421
789.097932	-98.496093
789.305689	-97.193957
789.513555	-96.131538
789.721531	-95.349158
789.929617	-94.878084
790.137812	-94.741201
790.346117	-94.955069
790.554531	-95.529117
790.763056	-96.453404
790.971691	-97.655257
791.180436	-98.894914
791.389291	-99.669384
791.598256	-99.529092
791.807332	-98.680092
792.016518	-97.686960
792.225815	-96.907835
792.435222	-96.468437
792.644740	-96.385207
792.854369	-96.628266
793.064109	-97.135298
793.273960	-97.798568
793.483922	-98.438962
793.693995	-98.808183
793.904180	-98.698143
794.114475	-98.114451
794.324882	-97.273629
794.535401	-96.425676
794.746031	-95.742886
794.956774	-95.316193
795.167627	-95.178136
795.378593	-95.310722
795.589671	-95.632825
795.800861	-95.984295
796.012162	-96.161985
796.223577	-96.053231
796.435103	-95.742256
796.646742	-95.423259
796.858493	-95.238229
797.070357	-95.199006
797.282334	-95.187355
797.494423	-95.026973
797.706626	-94.635313
797.918941	-94.116849
798.131369	-93.671851
798.343911	-93.459114
798.556566	-93.541448
798.769334	-93.880762
798.982215	-94.342287
799.195210	-94.736769
799.408319	-94.944765
799.621541	-95.029317
799.834877	-95.180396
800.048327	-95.571534
800.261890	-96.278801
800.475568	-97.247503
800.689360	-98.250524
800.903266	-98.899662
801.117287	-98.894274
801.331422	-98.319476
801.545671	-97.494537
801.760036	-96.678214
801.974514	-96.008611
802.189108	-95.541168
802.403816	-95.269698
802.618640	-95.135084
802.833578	-95.052149
803.048632	-94.967112
803.263800	-94.905438
803.479085	-94.946276
803.694484	-95.123781
803.909999	-95.309863
804.125630	-95.185420
804.341376	-94.508457
804.557239	-93.459887
804.773217	-92.451210
804.989311	-91.772552
805.205521	-91.530735
805.421847	-91.689774
805.638290	-92.064174
805.854849	-92.310258
806.071524	-92.110097
806.288316	-91.498198
806.505225	-90.797045
806.722250	-90.278376
806.939393	-90.042040
807.156652	-90.054909
807.374028	-90.203946
807.591521	-90.356955
807.809132	-90.442244
808.026859	-90.491827
808.244705	-90.594736
808.462667	-90.807705
808.680748	-91.094263
808.898946	-91.320648
809.117261	-91.334745
809.335695	-91.100205
809.554246	-90.733098
809.772916	-90.391564
809.991704	-90.168716
810.210610	-90.067840
810.429634	-90.029260
810.648777	-89.982888
810.868039	-89.906812
811.087419	-89.851389
811.306918	-89.909379
811.526535	-90.166591
811.746272	-90.670154
811.966127	-91.417327
812.186102	-92.355306
812.406196	-93.393289
812.626409	-94.435052
812.846742	-95.418572
813.067194	-96.314938
813.287766	-97.063179
813.508457	-97.507767
813.729269	-97.470612
813.950200	-96.955666
814.171251	-96.192356
814.392422	-95.446080
814.613714	-94.883288
814.835126	-94.564116
815.056658	-94.466777
815.278311	-94.501802
815.500084	-94.532150
815.721978	-94.428826
815.943993	-94.145145
816.166128	-93.731212
816.388385	-93.269357
816.610762	-92.811837
816.833261	-92.374243
817.055881	-91.966833
817.278623	-91.623448
817.501486	-91.401529
817.724471	-91.355012
817.947577	-91.495814
818.170805	-91.753307
818.394155	-91.952188
818.617627	-91.879853
818.841221	-91.470402
819.064937	-90.888247
819.288775	-90.372476
819.512736	-90.071526
819.736819	-89.996191
819.961025	-90.028452
820.185354	-89.974076
820.409805	-89.698786
820.634379	-89.253482
820.859076	-88.818365
821.083897	-88.552718
821.308840	-88.521260
821.533907	-88.697010
821.759097	-88.993242
821.984411	-89.315464
822.209848	-89.619661
822.435409	-89.927624
822.661093	-90.275349
822.886902	-90.642503
823.112834	-90.931381
823.338891	-91.037462
823.565072	-90.967642
823.791377	-90.862994
824.017807	-90.900613
824.244361	-91.207102
824.471039	-91.839595
824.697843	-92.795858
824.924771	-94.019426
825.151824	-95.389901
825.379002	-96.705991
825.606306	-97.701794
825.833734	-98.160877
826.061288	-98.066530
826.288967	-97.581479
826.516772	-96.894191
826.744703	-96.142246
826.972759	-95.426777
827.200941	-94.833724
827.429249	-94.430079
827.657683	-94.244411
827.886243	-94.241567
828.114930	-94.298528
828.343743	-94.213526
828.572682	-93.806867
828.801748	-93.069092
829.030941	-92.167285
829.260260	-91.307893
829.489706	-90.642921
829.719280	-90.262352
829.948980	-90.211688
830.178808	-90.497794
830.408763	-91.073382
830.638845	-91.801720
830.869055	-92.439839
831.099393	-92.746453
831.329858	-92.704476
831.560451	-92.545720
831.791173	-92.534524
832.022022	-92.830025
832.252999	-93.481760
832.484105	-94.444772
832.715339	-95.561602
832.946702	-96.536128
833.178193	-97.028121
833.409813	-96.933874
833.641561	-96.487364
833.873439	-96.010967
834.105445	-95.728608
834.337581	-95.758932
834.569846	-96.136073
834.802241	-96.765966
835.034764	-97.296944
835.267418	-97.138137
835.500201	-96.088848
835.733114	-94.658312
835.966157	-93.379900
836.199329	-92.487825
836.432632	-92.034751
836.666065	-91.998055
836.899629	-92.314979
837.133323	-92.882776
837.367147	-93.548360
837.601102	-94.108759
837.835188	-94.350055
838.069405	-94.139002
838.303752	-93.512556
838.538231	-92.662407
838.772841	-91.824351
839.007582	-91.190219
839.242455	-90.889366
839.477459	-91.006801
839.712595	-91.605788
839.947863	-92.742377
840.183263	-94.458940
840.418794	-96.696513
840.654458	-98.915654
840.890254	-99.662397
841.126182	-98.533997
841.362242	-96.960797
841.598435	-95.713614
841.834761	-94.894269
842.071220	-94.449172
842.307811	-94.325983
842.544536	-94.506784
842.781393	-95.010010
843.018384	-95.878007
843.255508	-97.135187
843.492765	-98.631906
843.730156	-99.623050
843.967681	-98.929926
844.205339	-96.910798
844.443132	-94.799755
844.681058	-93.126521
844.919118	-91.995097
845.157313	-91.411234
845.395642	-91.375845
845.634105	-91.902077
845.872703	-93.007555
846.111436	-94.673318
846.350303	-96.704557
846.589306	-98.438459
846.828443	-98.961497
847.067716	-98.435870
847.307124	-97.710720
847.546667	-97.165688
847.786345	-96.831763
848.026160	-96.699862
848.266110	-96.809727
848.506195	-97.180987
848.746417	-97.680172
848.986775	-97.950990
849.227269	-97.689872
849.467899	-97.106085
849.708666	-96.744800
849.949569	-97.096080
850.190609	-98.658855
850.431785	-102.478240
850.673099	-111.324779
850.914549	-103.106423
851.156137	-96.602002
851.397861	-92.977857
851.639723	-90.794824
851.881723	-89.597924
852.123860	-89.224861
852.366135	-89.653895
852.608547	-90.984383
852.851098	-93.496945
853.093786	-97.734733
853.336613	-101.585411
853.579578	-97.264298
853.822681	-93.194379
854.065923	-90.776026
854.309304	-89.472189
854.552823	-89.016046
854.796481	-89.307096
855.040278	-90.343239
855.284215	-92.205980
855.528290	-95.087275
855.772505	-99.376672
856.016859	-105.649354
856.261353	-109.765450
856.505987	-106.578632
856.750760	-103.956381
856.995673	-101.307599
857.240727	-98.322426
857.485920	-95.610217
857.731254	-93.493309
857.976729	-92.001018
858.222343	-91.078468
858.468099	-90.663753
858.713995	-90.702953
858.960032	-91.146968
859.206211	-91.938755
859.452530	-92.971447
859.698991	-93.963939
859.945593	-94.307186
860.192336	-93.479710
860.439222	-91.870132
860.686248	-90.242180
860.933417	-89.027263
861.180728	-88.393833
861.428181	-88.424892
861.675776	-89.206719
861.923514	-90.884366
862.171394	-93.745733
862.419417	-98.438400
862.667582	-105.998138
862.915890	-105.723921
863.164342	-101.701850
863.412936	-100.331631
863.661674	-99.596424
863.910555	-97.509814
864.159579	-94.433506
864.408747	-91.650414
864.658059	-89.540710
864.907515	-88.106403
865.157114	-87.318893
865.406858	-87.200120
865.656746	-87.844364
865.906778	-89.439435
866.156955	-92.223716
866.407277	-95.294866
866.657743	-93.790473
866.908354	-90.148736
867.159110	-87.602453
867.410011	-86.158293
867.661057	-85.586722
867.912249	-85.754225
868.163586	-86.606576
868.415069	-88.149591
868.666697	-90.438433
868.918472	-93.562030
869.170392	-97.599606
869.422458	-102.483093
869.674671	-106.461360
869.927030	-103.442841
870.179536	-98.410837
870.432188	-94.558930
870.684987	-91.708786
870.937933	-89.502234
871.191026	-87.686338
871.444266	-86.174423
871.697653	-85.027341
871.951188	-84.365297
872.204870	-84.291590
872.458700	-84.846786
872.712677	-85.926563
872.966803	-87.087745
873.221076	-87.546461
873.475498	-87.098095
873.730068	-86.413137
873.984787	-85.990050
874.239654	-85.890343
874.494669	-86.009625
874.749834	-86.324104
875.005147	-86.992399
875.260610	-88.289194
875.516222	-90.491870
875.771983	-93.655268
876.027894	-96.582640
876.283954	-97.170410
876.540164	-97.550319
876.796524	-100.195881
877.053033	-101.061104
877.309693	-94.518677
877.566503	-89.827461
877.823464	-86.937029
878.080575	-85.214203
878.337837	-84.328575
878.595249	-84.101884
878.852813	-84.438390
879.110528	-85.273787
879.368393	-86.469578
879.626410	-87.582537
879.884579	-87.824403
880.142899	-87.032574
880.401371	-86.013918
880.659994	-85.448599
880.918770	-85.645551
881.177698	-86.817229
881.436778	-89.320904
881.696010	-94.079848
881.955395	-102.871318
882.214933	-97.689149
882.474623	-93.251136
882.734467	-92.210987
882.994463	-93.931266
883.254613	-99.745462
883.514916	-97.546143
883.775372	-90.126765
884.035982	-86.187034
884.296746	-84.049775
884.557664	-83.093927
884.818735	-83.011914
885.079961	-83.530512
885.341341	-84.255288
885.602876	-84.709845
885.864565	-84.729616
886.126409	-84.602573
886.388407	-84.609315
886.650561	-84.719533
886.912870	-84.673249
887.175334	-84.329661
887.437953	-83.916875
887.700728	-83.833953
887.963658	-84.432398
888.226745	-86.069102
888.489987	-89.403885
888.753385	-96.795698
889.016940	-104.226470
889.280651	-92.804055
889.544518	-89.563940
889.808543	-89.317884
890.072723	-92.197125
890.337061	-103.269745
890.601556	-92.471285
890.866208	-85.483701
891.131017	-81.943228
891.395984	-80.123056
891.661109	-79.551274
891.926391	-80.086970
892.191831	-81.667426
892.457429	-83.773139
892.723186	-84.190107
892.989100	-82.148027
893.255173	-80.065097
893.521405	-78.834970
893.787796	-78.462231
894.054345	-78.835060
894.321053	-79.837459
894.587921	-81.335044
894.854948	-83.166099
895.122134	-85.214992
895.389480	-87.583076
895.656986	-90.689195
895.924651	-94.957492
896.192477	-97.555713
896.460463	-94.688924
896.728609	-91.652344
896.996915	-88.657590
897.265382	-85.136542
897.534010	-81.710898
897.802799	-78.936551
898.071749	-76.968009
898.340860	-75.811300
898.610132	-75.453756
898.879566	-75.887864
899.149162	-77.051417
899.418919	-78.558830
899.688838	-79.255517
899.958919	-78.376638
900.229162	-77.028096
900.499568	-76.206487
900.770136	-76.209047
901.040867	-77.114409
901.311761	-78.981713
901.582817	-81.829943
901.854037	-85.265451
902.125420	-87.716429
902.396966	-88.336223
902.668676	-87.792137
902.940550	-85.013138
903.212587	-81.179526
903.484788	-78.011163
903.757153	-75.815377
904.029683	-74.499270
904.302377	-73.928576
904.575236	-73.946026
904.848259	-74.309683
905.121447	-74.655510
905.394800	-74.673271
905.668319	-74.431347
905.942002	-74.311039
906.215852	-74.681655
906.489866	-75.809935
906.764047	-77.946236
907.038393	-81.451808
907.312906	-86.975440
907.587584	-95.390723
907.862429	-105.886295
908.137441	-96.947065
908.412619	-85.955898
908.687964	-79.814385
908.963476	-75.921247
909.239155	-73.473144
909.515002	-72.131266
909.791015	-71.739380
910.067197	-72.208284
910.343546	-73.360398
910.620063	-74.527319
910.896748	-74.422921
911.173601	-73.044073
911.450623	-71.685031
911.727813	-71.033367
912.005171	-71.296759
912.282699	-72.625835
912.560395	-75.320304
912.838261	-80.057209
913.116296	-86.644920
913.394500	-84.454364
913.672874	-82.064730
913.951418	-83.399259
914.230131	-88.940964
914.509015	-82.365398
914.788068	-75.746944
915.067292	-72.028046
915.346687	-69.950374
915.626252	-69.061140
915.905988	-69.196978
916.185895	-70.311367
916.465973	-72.281238
916.746223	-74.211897
917.026644	-74.086177
917.307236	-72.482915
917.588000	-71.340021
917.868937	-71.270697
918.150045	-72.475199
918.431325	-75.330903
918.712778	-80.813812
918.994404	-85.614964
919.276202	-80.153528
919.558173	-77.519439
919.840317	-77.493449
920.122634	-79.380151
920.405125	-79.892797
920.687789	-75.971731
920.970627	-72.452736
921.253639	-70.402858
921.536824	-69.633280
921.820184	-70.045794
922.103718	-71.689848
922.387427	-74.587776
922.671310	-77.228858
922.955368	-75.993665
923.239601	-73.809494
923.524009	-73.027424
923.808592	-73.987204
924.093351	-77.214888
924.378285	-82.544131
924.663396	-78.303854
924.948682	-73.454422
925.234144	-71.087083
925.519782	-70.464174
925.805597	-71.465020
926.091589	-74.597937
926.377757	-81.450915
926.664102	-79.077981
926.950624	-72.762477
927.237323	-69.690019
927.524200	-68.420982
927.811255	-68.502960
928.098487	-69.875551
928.385897	-72.657596
928.673485	-76.214769
928.961251	-76.107772
929.249196	-73.490008
929.537319	-72.237178
929.825621	-72.911485
930.114102	-76.360941
930.402762	-89.873017
930.691601	-78.688217
930.980620	-71.551208
931.269818	-68.240872
931.559196	-66.707046
931.848753	-66.463491
932.138491	-67.446786
932.428409	-69.924517
932.718508	-74.949958
933.008787	-90.548613
933.299246	-79.843891
933.589887	-74.249458
933.880709	-72.547003
934.171712	-72.553849
934.462896	-72.763546
934.754262	-71.319405
935.045810	-68.849467
935.337539	-66.876461
935.629451	-65.871868
935.921545	-65.949356
936.213822	-67.301540
936.506281	-70.521218
936.798922	-77.850193
937.091747	-79.727343
937.384755	-71.333708
937.677946	-67.752349
937.971321	-66.172359
938.264879	-65.847702
938.558621	-66.473523
938.852547	-67.781300
939.146657	-69.242416
939.440952	-70.077475
939.735431	-70.242389
940.030095	-70.656786
940.324943	-72.257498
940.619977	-76.041626
940.915196	-80.075980
941.210600	-74.041613
941.506189	-69.377064
941.801965	-66.773387
942.097926	-65.513150
942.394074	-65.307885
942.690407	-66.081520
942.986927	-67.908355
943.283634	-71.045022
943.580527	-75.970739
943.877608	-81.094001
944.174875	-78.954001
944.472330	-76.290855
944.769972	-74.456825
945.067802	-72.140201
945.365820	-69.435752
945.664026	-67.129724
945.962420	-65.596610
946.261002	-64.938975
946.559773	-65.230827
946.858733	-66.646612
947.157881	-69.620986
947.457219	-74.980057
947.756746	-76.453046
948.056462	-70.814907
948.356368	-67.491129
948.656464	-65.832392
948.956749	-65.243337
949.257225	-65.374341
949.557891	-65.882279
949.858748	-66.354586
950.159796	-66.520254
950.461034	-66.543055
950.762463	-66.865497
951.064084	-67.912327
951.365896	-70.043729
951.667900	-73.195968
951.970095	-73.843309
952.272483	-70.329680
952.575063	-67.311718
952.877835	-65.510442
953.180799	-64.711465
953.483956	-64.759357
953.787307	-65.582451
954.090850	-67.160252
954.394586	-69.489659
954.698516	-72.523795
955.002640	-75.946353
955.306957	-78.026507
955.611469	-75.899412
955.916174	-71.983965
956.221074	-68.565404
956.526169	-65.981275
956.831458	-64.195497
957.136942	-63.150091
957.442622	-62.819068
957.748496	-63.224987
958.054567	-64.465033
958.360833	-66.783595
958.667294	-70.818056
958.973952	-78.552308
959.280806	-78.977291
959.587857	-71.966570
959.895104	-68.492651
960.202548	-66.419671
960.510189	-64.953675
960.818027	-63.748440
961.126062	-62.708453
961.434295	-61.888683
961.742726	-61.396779
962.051355	-61.339922
962.360182	-61.822824
962.669207	-62.977590
962.978431	-65.029167
963.287854	-68.471759
963.597475	-74.743987
963.907296	-81.134534
964.217315	-72.686318
964.527535	-68.504090
964.837954	-66.278015
965.148573	-65.017814
965.459392	-64.288024
965.770411	-63.846595
966.081630	-63.572854
966.393051	-63.448708
966.704672	-63.524716
967.016494	-63.872138
967.328517	-64.540560
967.640742	-65.515948
967.953169	-66.653010
968.265797	-67.603836
968.578627	-67.961535
968.891660	-67.708097
969.204895	-67.241313
969.518332	-66.926640
969.831972	-66.926570
970.145816	-67.268110
970.459862	-67.913894
970.774112	-68.797711
971.088565	-69.826362
971.403223	-70.808077
971.718084	-71.284793
972.033149	-70.653750
972.348419	-68.977351
972.663893	-66.964649
972.979572	-65.133391
973.295456	-63.674738
973.611546	-62.629717
973.927840	-61.990679
974.244340	-61.737085
974.561046	-61.846661
974.877958	-62.299809
975.195076	-63.085188
975.512401	-64.213120
975.829932	-65.746469
976.147670	-67.870367
976.465615	-71.086111
976.783767	-77.134558
977.102126	-93.225076
977.420693	-74.503248
977.739468	-68.727440
978.058451	-65.305231
978.377642	-63.002567
978.697041	-61.414136
979.016649	-60.354601
979.336466	-59.721358
979.656492	-59.449743
979.976727	-59.495802
980.297171	-59.830466
980.617825	-60.440938
980.938689	-61.338989
981.259763	-62.578105
981.581048	-64.287103
981.902542	-66.751611
982.224248	-70.697201
982.546164	-79.090210
982.868291	-80.862014
983.190630	-70.970991
983.513180	-66.544421
983.835942	-63.844895
984.158916	-62.064117
984.482101	-60.890591
984.805500	-60.168050
985.129110	-59.804160
985.452934	-59.738570
985.776970	-59.931099
986.101220	-60.358629
986.425683	-61.015876
986.750359	-61.917266
987.075250	-63.097465
987.400354	-64.605290
987.725673	-66.470776
988.051206	-68.567617
988.376954	-70.224416
988.702916	-70.270660
989.029094	-68.880784
989.355487	-67.242317
989.682095	-65.901258
990.008919	-64.933923
990.335959	-64.284807
990.663216	-63.869188
990.990688	-63.595843
991.318377	-63.375492
991.646283	-63.131575
991.974406	-62.814680
992.302746	-62.414816
992.631304	-61.962734
992.960079	-61.517503
993.289072	-61.148497
993.618283	-60.922598
993.947713	-60.900554
994.277361	-61.140172
994.607227	-61.703622
994.937313	-62.669948
995.267618	-64.159670
995.598142	-66.389308
995.928886	-69.795148
996.259849	-74.942731
996.591033	-75.632751
996.922437	-70.064842
997.254061	-66.109515
997.585906	-63.394067
997.917972	-61.428063
998.250260	-59.975374
998.582768	-58.918567
998.915498	-58.197279
999.248450	-57.781185
999.581624	-57.658030
999.915020	-57.829020
1000.248639	-58.308345
1000.582480	-59.126457
1000.916545	-60.339826
1001.250832	-62.055382
1001.585343	-64.494599
1001.920077	-68.202507
1002.255035	-75.168260
1002.590218	-87.277084
1002.925624	-71.837014
1003.261255	-66.713224
1003.597111	-63.670607
1003.933192	-61.594636
1004.269497	-60.108605
1004.606029	-59.043994
1004.942785	-58.313723
1005.279768	-57.868989
1005.616977	-57.682265
1005.954412	-57.740392
1006.292074	-58.041917
1006.629962	-58.596849
1006.968077	-59.429536
1007.306420	-60.587064
1007.644990	-62.158237
1007.983787	-64.317190
1008.322813	-67.440428
1008.662067	-72.485322
1009.001549	-79.624675
1009.341259	-72.994769
1009.681199	-67.605043
1010.021367	-64.293894
1010.361765	-62.024910
1010.702392	-60.398553
1011.043250	-59.232137
1011.384337	-58.430746
1011.725654	-57.941581
1012.067202	-57.735809
1012.408980	-57.801074
1012.750989	-58.138677
1013.093230	-58.763548
1013.435702	-59.707256
1013.778405	-61.025726
1014.121341	-62.813831
1014.464508	-65.222768
1014.807908	-68.394447
1015.151540	-71.507929
1015.495405	-70.795296
1015.839503	-67.499032
1016.183835	-64.675036
1016.528400	-62.588273
1016.873198	-61.064469
1017.218231	-59.966358
1017.563498	-59.207644
1017.908999	-58.734582
1018.254735	-58.513057
1018.600707	-58.521394
1018.946913	-58.746893
1019.293354	-59.184461
1019.640032	-59.835888
1019.986945	-60.708124
1020.334094	-61.807632
1020.681480	-63.122977
1021.029102	-64.574987
1021.376961	-65.903324
1021.725058	-66.576557
1022.073391	-66.164990
1022.421962	-64.934855
1022.770772	-63.461222
1023.119819	-62.082971
1023.469104	-60.913828
1023.818628	-59.971623
1024.168391	-59.244337
1024.518393	-58.714308
1024.868634	-58.366275
1025.219115	-58.189950
1025.569836	-58.180936
1025.920796	-58.341298
1026.271997	-58.680053
1026.623438	-59.213254
1026.975121	-59.962901
1027.327044	-60.952748
1027.679208	-62.195499
1028.031614	-63.655406
1028.384262	-65.150701
1028.737152	-66.204158
1029.090284	-66.209823
1029.443659	-65.178185
1029.797276	-63.701152
1030.151137	-62.220134
1030.505240	-60.897724
1030.859587	-59.769270
1031.214178	-58.834253
1031.569013	-58.088302
1031.924093	-57.531384
1032.279417	-57.168087
1032.634985	-57.005587
1032.990799	-57.051168
1033.346858	-57.309985
1033.703162	-57.783550
1034.059712	-58.469591
1034.416509	-59.364203
1034.773551	-60.467001
1035.130841	-61.788507
1035.488377	-63.353768
1035.846160	-65.179336
1036.204190	-67.140812
1036.562468	-68.559442
1036.920994	-68.195263
1037.279768	-66.238404
1037.638790	-63.975301
1037.998061	-61.992481
1038.357581	-60.389314
1038.717350	-59.140825
1039.077368	-58.204214
1039.437636	-57.540766
1039.798154	-57.118462
1040.158922	-56.910889
1040.519940	-56.896103
1040.881209	-57.056576
1041.242729	-57.380746
1041.604501	-57.866331
1041.966524	-58.524980
1042.328798	-59.387628
1042.691325	-60.510820
1043.054103	-61.986809
1043.417135	-63.965070
1043.780419	-66.699545
1044.143956	-70.591790
1044.507746	-74.947761
1044.871791	-73.059548
1045.236088	-68.790115
1045.600641	-65.746057
1045.965447	-63.610098
1046.330508	-62.049827
1046.695824	-60.874026
1047.061395	-59.970913
1047.427222	-59.275302
1047.793304	-58.753134
1048.159642	-58.392457
1048.526237	-58.196141
1048.893088	-58.175182
1049.260196	-58.343122
1049.627561	-58.712307
1049.995183	-59.292450
1050.363063	-60.091871
1050.731201	-61.122242
1051.099597	-62.408518
1051.468251	-64.006609
1051.837164	-66.032674
1052.206336	-68.706304
1052.575767	-72.314683
1052.945458	-75.633638
1053.315409	-73.299580
1053.685619	-69.181779
1054.056090	-66.062189
1054.426821	-63.780018
1054.797814	-62.084408
1055.169067	-60.819320
1055.540582	-59.883989
1055.912359	-59.205797
1056.284398	-58.728031
1056.656698	-58.406627
1057.029262	-58.211653
1057.402088	-58.129666
1057.775177	-58.163768
1058.148530	-58.330386
1058.522146	-58.654454
1058.896027	-59.165598
1059.270171	-59.896897
1059.644580	-60.886033
1060.019254	-62.175794
1060.394193	-63.800808
1060.769397	-65.705899
1061.144867	-67.426871
1061.520602	-67.711355
1061.896604	-66.063281
1062.272872	-63.725200
1062.649407	-61.539698
1063.026210	-59.691963
1063.403279	-58.172988
1063.780616	-56.943515
1064.158221	-55.967469
1064.536094	-55.215022
1064.914235	-54.660512
1065.292645	-54.280742
1065.671325	-54.054611
1066.050273	-53.963884
1066.429491	-53.994506
1066.808979	-54.137693
1067.188738	-54.390058
1067.568766	-54.752090
1067.949066	-55.224188
1068.329636	-55.798824
1068.710478	-56.446294
1069.091592	-57.092003
1069.472977	-57.593650
1069.854635	-57.757872
1070.236565	-57.445811
1070.618768	-56.694014
1071.001243	-55.682785
1071.383993	-54.600477
1071.767016	-53.570139
1072.150313	-52.653325
1072.533884	-51.874810
1072.917730	-51.241427
1073.301850	-50.752275
1073.686246	-50.403214
1074.070917	-50.188320
1074.455864	-50.099950
1074.841087	-50.128360
1075.226586	-50.261373
1075.612362	-50.484196
1075.998415	-50.779172
1076.384745	-51.125075
1076.771353	-51.495471
1077.158238	-51.856111
1077.545401	-52.162497
1077.932843	-52.360832
1078.320564	-52.396979
1078.708564	-52.234724
1079.096842	-51.874374
1079.485401	-51.356451
1079.874240	-50.746485
1080.263358	-50.113364
1080.652757	-49.514760
1081.042438	-48.992698
1081.432399	-48.575357
1081.822641	-48.280772
1082.213166	-48.120215
1082.603972	-48.100547
1082.995061	-48.225473
1083.386433	-48.495679
1083.778087	-48.907611
1084.170025	-49.450259
1084.562246	-50.099209
1084.954751	-50.807671
1085.347541	-51.497194
1085.740615	-52.058278
1086.133973	-52.377653
1086.527617	-52.391926
1086.921546	-52.123680
1087.315761	-51.658274
1087.710262	-51.089133
1088.105050	-50.482987
1088.500124	-49.875421
1088.895485	-49.281011
1089.291134	-48.705161
1089.687070	-48.152744
1090.083294	-47.632696
1090.479806	-47.159149
1090.876607	-46.750318
1091.273696	-46.426565
1091.671075	-46.208677
1092.068744	-46.116876
1092.466702	-46.170593
1092.864950	-46.388732
1093.263489	-46.789831
1093.662319	-47.391018
1094.061440	-48.203063
1094.460852	-49.214769
1094.860555	-50.351534
1095.260551	-51.391966
1095.660840	-51.915375
1096.061421	-51.563664
1096.462295	-50.481429
1096.863462	-49.122162
1097.264923	-47.810891
1097.666678	-46.682538
1098.068727	-45.772366
1098.471071	-45.077238
1098.873710	-44.580984
1099.276644	-44.262825
1099.679874	-44.099114
1100.083400	-44.062566
1100.487222	-44.120835
1100.891340	-44.235816
1101.295756	-44.365303
1101.700468	-44.468484
1102.105478	-44.515028
1102.510787	-44.494143
1102.916393	-44.418031
1103.322298	-44.317108
1103.728502	-44.229934
1104.135005	-44.193212
1104.541807	-44.234858
1104.948909	-44.369590
1105.356312	-44.594686
1105.764015	-44.883745
1106.172019	-45.178664
1106.580324	-45.386360
1106.988931	-45.395852
1107.397840	-45.126602
1107.807051	-44.579927
1108.216564	-43.839113
1108.626380	-43.018505
1109.036500	-42.216062
1109.446923	-41.497409
1109.857649	-40.900512
1110.268680	-40.445352
1110.680016	-40.141781
1111.091657	-39.994455
1111.503602	-40.005431
1111.915854	-40.174991
1112.328411	-40.500740
1112.741275	-40.974285
1113.154445	-41.574007
1113.567922	-42.251952
1113.981706	-42.915663
1114.395798	-43.418832
1114.810198	-43.596917
1115.224906	-43.363948
1115.639923	-42.782277
1116.055249	-42.009956
1116.470884	-41.199201
1116.886829	-40.449580
1117.303084	-39.812615
1117.719650	-39.309795
1118.136526	-38.946603
1118.553713	-38.720406
1118.971212	-38.623909
1119.389022	-38.645792
1119.807145	-38.769524
1120.225580	-38.971060
1120.644328	-39.216233
1121.063389	-39.459457
1121.482763	-39.646578
1121.902452	-39.724921
1122.322454	-39.659526
1122.742771	-39.446904
1123.163404	-39.115607
1123.584351	-38.712998
1124.005614	-38.288609
1124.427193	-37.883509
1124.849089	-37.527160
1125.271301	-37.238520
1125.693830	-37.028228
1126.116677	-36.900388
1126.539842	-36.853680
1126.963324	-36.881865
1127.387126	-36.973757
1127.811246	-37.112688
1128.235685	-37.275891
1128.660444	-37.434832
1129.085522	-37.557917
1129.510922	-37.616167
1129.936641	-37.590423
1130.362682	-37.476597
1130.789044	-37.286147
1131.215728	-37.041972
1131.642734	-36.772422
1132.070063	-36.505999
1132.497714	-36.267786
1132.925689	-36.077603
1133.353987	-35.949535
1133.782610	-35.892420
1134.211556	-35.910696
1134.640827	-36.004916
1135.070424	-36.171331
1135.500345	-36.400401
1135.930593	-36.674638
1136.361166	-36.966776
1136.792067	-37.239695
1137.223294	-37.449693
1137.654848	-37.554089
1138.086730	-37.522034
1138.518940	-37.344310
1138.951479	-37.036547
1139.384346	-36.633621
1139.817543	-36.178680
1140.251069	-35.712793
1140.684925	-35.268956
1141.119111	-34.870647
1141.553628	-34.533183
1141.988475	-34.265993
1142.423655	-34.074550
1142.859166	-33.961452
1143.295009	-33.926721
1143.731185	-33.967690
1144.167694	-34.078843
1144.604536	-34.251786
1145.041711	-34.475217
1145.479221	-34.734611
1145.917065	-35.011461
1146.355245	-35.282434
1146.793759	-35.519510
1147.232609	-35.692529
1147.671795	-35.774788
1148.111317	-35.750142
1148.551177	-35.617929
1148.991373	-35.392653
1149.431907	-35.098797
1149.872779	-34.764123
1150.313989	-34.414579
1150.755538	-34.071768
1151.197426	-33.752312
1151.639653	-33.468128
1152.082220	-33.227032
1152.525128	-33.033478
1152.968376	-32.889336
1153.411966	-32.794625
1153.855897	-32.748035
1154.300169	-32.747119
1154.744784	-32.788093
1155.189742	-32.865344
1155.635042	-32.970832
1156.080687	-33.093683
1156.526674	-33.220263
1156.973007	-33.334925
1157.419683	-33.421454
1157.866705	-33.465003
1158.314072	-33.454156
1158.761786	-33.382618
1159.209845	-33.250097
1159.658251	-33.062155
1160.107004	-32.829105
1160.556104	-32.564264
1161.005553	-32.282026
1161.455349	-31.996178
1161.905494	-31.718738
1162.355989	-31.459387
1162.806832	-31.225388
1163.258026	-31.021841
1163.709570	-30.852058
1164.161464	-30.717955
1164.613710	-30.620337
1165.066307	-30.559048
1165.519256	-30.532995
1165.972558	-30.540085
1166.426212	-30.577131
1166.880219	-30.639762
1167.334580	-30.722384
1167.789295	-30.818215
1168.244364	-30.919428
1168.699788	-31.017405
1169.155567	-31.103106
1169.611702	-31.167602
1170.068193	-31.202754
1170.525041	-31.202003
1170.982245	-31.161116
1171.439807	-31.078721
1171.897726	-30.956478
1172.356004	-30.798797
1172.814640	-30.612160
1173.273635	-30.404217
1173.732989	-30.182856
1174.192703	-29.955443
1174.652778	-29.728307
1175.113213	-29.506507
1175.574009	-29.293822
1176.035167	-29.092891
1176.496687	-28.905409
1176.958569	-28.732348
1177.420814	-28.574148
1177.883422	-28.430861
1178.346394	-28.302219
1178.809730	-28.187644
1179.273430	-28.086229
1179.737496	-27.996707
1180.201927	-27.917409
1180.666723	-27.846251
1181.131886	-27.780766
1181.597416	-27.718178
1182.063312	-27.655503
1182.529576	-27.589688
1182.996209	-27.517769
1183.463209	-27.437045
1183.930579	-27.345232
1184.398317	-27.240601
1184.866426	-27.122071
1185.334904	-26.989259
1185.803754	-26.842476
1186.272974	-26.682665
1186.742566	-26.511318
1187.212529	-26.330348
1187.682865	-26.141950
1188.153574	-25.948463
1188.624656	-25.752249
1189.096112	-25.555579
1189.567942	-25.360543
1190.040147	-25.168993
1190.512726	-24.982497
1190.985681	-24.802327
1191.459012	-24.629453
1191.932720	-24.464560
1192.406804	-24.308070
1192.881265	-24.160142
1193.356104	-24.020687
1193.831322	-23.889371
1194.306918	-23.765624
1194.782893	-23.648638
1195.259248	-23.537390
1195.735982	-23.430674
1196.213097	-23.327143
1196.690593	-23.225363
1197.168471	-23.123871
1197.646730	-23.021245
1198.125371	-22.916167
1198.604395	-22.807493
1199.083803	-22.694298
1199.563594	-22.575915
1200.043769	-22.451953
1200.524329	-22.322296
1201.005273	-22.187091
1201.486604	-22.046704
1201.968320	-21.901675
1202.450422	-21.752680
1202.932912	-21.600484
1203.415789	-21.445913
1203.899054	-21.289827
1204.382707	-21.133091
1204.866748	-20.976573
1205.351179	-20.821133
1205.836000	-20.667635
1206.321211	-20.516931
1206.806812	-20.369869
1207.292805	-20.227286
1207.779189	-20.090008
1208.265965	-19.958830
1208.753134	-19.834485
1209.240696	-19.717614
1209.728651	-19.608746
1210.217000	-19.508274
1210.705744	-19.416438
1211.194883	-19.333317
1211.684417	-19.258822
1212.174347	-19.192711
1212.664673	-19.134606
1213.155396	-19.084015
1213.646516	-19.040368
1214.138034	-19.003046
1214.629951	-18.971420
1215.122266	-18.944864
1215.614980	-18.922781
1216.108095	-18.904595
1216.601609	-18.889765
1217.095524	-18.877784
1217.589841	-18.868170
1218.084559	-18.860464
1218.579679	-18.854220
1219.075202	-18.849005
1219.571128	-18.844391
1220.067458	-18.839962
1220.564191	-18.835332
1221.061330	-18.830155
1221.558874	-18.824138
1222.056823	-18.817046
1222.555178	-18.808706
1223.053940	-18.799013
1223.553109	-18.787924
1224.052686	-18.775451
1224.552671	-18.761649
1225.053065	-18.746609
1225.553867	-18.730436
1226.055079	-18.713239
1226.556702	-18.695113
1227.058735	-18.676142
1227.561179	-18.656393
1228.064035	-18.635915
1228.567303	-18.614727
1229.070983	-18.592821
1229.575077	-18.570171
1230.079585	-18.546727
1230.584506	-18.522412
1231.089842	-18.497125
1231.595594	-18.470734
1232.101761	-18.443078
1232.608345	-18.413960
1233.115345	-18.383150
1233.622762	-18.350392
1234.130597	-18.315405
1234.638851	-18.277888
1235.147523	-18.237521
1235.656615	-18.193975
1236.166126	-18.146913
1236.676058	-18.095995
1237.186411	-18.040889
1237.697185	-17.981273
1238.208381	-17.916848
1238.719999	-17.847343
1239.232040	-17.772527
1239.744505	-17.692217
1240.257394	-17.606287
1240.770708	-17.514681
1241.284446	-17.417420
1241.798610	-17.314614
1242.313201	-17.206462
1242.828218	-17.093246
1243.343662	-16.975319
1243.859534	-16.853085
1244.375834	-16.726984
1244.892563	-16.597469
1245.409721	-16.464990
1245.927309	-16.329973
1246.445327	-16.192797
1246.963777	-16.053792
1247.482657	-15.913235
1248.001970	-15.771353
1248.521716	-15.628327
1249.041894	-15.484292
1249.562506	-15.339353
1250.083553	-15.193598
1250.605034	-15.047114
1251.126950	-14.899995
1251.649302	-14.752337
1252.172091	-14.604241
1252.695316	-14.455804
1253.218979	-14.307121
1253.743079	-14.158292
1254.267619	-14.009411
1254.792597	-13.860565
1255.318015	-13.711830
1255.843874	-13.563274
1256.370173	-13.414964
1256.896913	-13.266969
1257.424095	-13.119360
1257.951720	-12.972199
1258.479787	-12.825540
1259.008298	-12.679433
1259.537254	-12.533925
1260.066654	-12.389059
1260.596499	-12.244869
1261.126790	-12.101381
1261.657527	-11.958607
1262.188711	-11.816555
1262.720342	-11.675233
1263.252422	-11.534655
1263.784950	-11.394842
1264.317928	-11.255823
1264.851355	-11.117635
1265.385232	-10.980325
1265.919560	-10.843950
1266.454340	-10.708579
1266.989572	-10.574280
1267.525256	-10.441124
1268.061394	-10.309176
1268.597985	-10.178499
1269.135031	-10.049144
1269.672531	-9.921163
1270.210487	-9.794599
1270.748899	-9.669489
1271.287768	-9.545866
1271.827094	-9.423757
1272.366877	-9.303187
1272.907119	-9.184182
1273.447820	-9.066760
1273.988981	-8.950936
1274.530601	-8.836717
1275.072683	-8.724114
1275.615226	-8.613133
1276.158230	-8.503782
1276.701697	-8.396068
1277.245627	-8.289998
1277.790021	-8.185587
1278.334879	-8.082855
1278.880202	-7.981826
1279.425991	-7.882527
1279.972245	-7.784983
1280.518966	-7.689223
1281.066155	-7.595279
1281.613811	-7.503178
1282.161936	-7.412942
1282.710529	-7.324590
1283.259593	-7.238137
1283.809126	-7.153600
1284.359131	-7.070992
1284.909607	-6.990329
1285.460555	-6.911628
1286.011976	-6.834913
1286.563870	-6.760212
1287.116237	-6.687552
1287.669080	-6.616961
1288.222397	-6.548465
1288.776191	-6.482091
1289.330460	-6.417861
1289.885207	-6.355790
1290.440431	-6.295882
1290.996133	-6.238137
1291.552314	-6.182550
1292.108975	-6.129111
1292.666115	-6.077815
1293.223737	-6.028655
1293.781839	-5.981632
1294.340424	-5.936752
1294.899491	-5.894025
1295.459041	-5.853463
1296.019075	-5.815082
1296.579593	-5.778898
1297.140597	-5.744924
1297.702086	-5.713172
1298.264061	-5.683647
1298.826524	-5.656352
1299.389474	-5.631287
1299.952912	-5.608450
1300.516839	-5.587843
1301.081255	-5.569471
1301.646162	-5.553347
1302.211559	-5.539491
1302.777448	-5.527932
1303.343829	-5.518714
1303.910702	-5.511885
1304.478069	-5.507501
1305.045930	-5.505623
1305.614285	-5.506313
1306.183136	-5.509630
1306.752483	-5.515630
1307.322326	-5.524362
1307.892666	-5.535870
1308.463504	-5.550190
1309.034841	-5.567351
1309.606677	-5.587371
1310.179012	-5.610270
1310.751849	-5.636060
1311.325186	-5.664750
1311.899025	-5.696343
1312.473366	-5.730838
1313.048211	-5.768229
1313.623559	-5.808500
1314.199412	-5.851630
1314.775770	-5.897586
1315.352634	-5.946333
1315.930004	-5.997833
1316.507881	-6.052043
1317.086266	-6.108923
1317.665159	-6.168435
1318.244562	-6.230553
1318.824474	-6.295265
1319.404897	-6.362571
1319.985831	-6.432487
1320.567276	-6.505041
1321.149234	-6.580283
1321.731706	-6.658270
1322.314691	-6.739071
1322.898190	-6.822758
1323.482205	-6.909410
1324.066736	-6.999105
1324.651783	-7.091922
1325.237347	-7.187932
1325.823430	-7.287200
1326.410031	-7.389790
1326.997151	-7.495762
1327.584791	-7.605169
1328.172952	-7.718064
1328.761634	-7.834488
1329.350839	-7.954478
1329.940566	-8.078057
1330.530817	-8.205237
1331.121592	-8.336019
1331.712891	-8.470392
1332.304716	-8.608335
1332.897068	-8.749827
1333.489946	-8.894843
1334.083352	-9.043356
1334.677287	-9.195353
1335.271750	-9.350830
1335.866744	-9.509800
1336.462268	-9.672295
1337.058323	-9.838369
1337.654910	-10.008101
1338.252029	-10.181579
1338.849682	-10.358912
1339.447869	-10.540236
1340.046591	-10.725701
1340.645848	-10.915452
1341.245641	-11.109624
1341.845972	-11.308347
1342.446840	-11.511733
1343.048246	-11.719853
1343.650191	-11.932734
1344.252677	-12.150359
1344.855702	-12.372640
1345.459269	-12.599413
1346.063379	-12.830441
1346.668030	-13.065417
1347.273226	-13.303938
1347.878965	-13.545497
1348.485250	-13.789499
1349.092080	-14.035254
1349.699456	-14.281962
1350.307380	-14.528723
1350.915851	-14.774543
1351.524871	-15.018345
1352.134441	-15.258971
1352.744560	-15.495216
1353.355231	-15.725854
1353.966453	-15.949649
1354.578227	-16.165385
1355.190555	-16.371905
1355.803436	-16.568150
1356.416872	-16.753183
1357.030863	-16.926214
1357.645411	-17.086613
1358.260515	-17.233918
1358.876177	-17.367845
1359.492397	-17.488279
1360.109176	-17.595250
1360.726516	-17.688949
1361.344416	-17.769729
1361.962877	-17.838072
1362.581901	-17.894542
1363.201487	-17.939782
1363.821637	-17.974516
1364.442352	-17.999530
1365.063632	-18.015675
1365.685478	-18.023862
1366.307891	-18.025011
1366.930871	-18.020022
1367.554420	-18.009771
1368.178538	-17.995103
1368.803226	-17.976776
1369.428485	-17.955443
1370.054315	-17.931657
1370.680717	-17.905851
1371.307693	-17.878318
1371.935242	-17.849202
1372.563366	-17.818479
1373.192065	-17.785940
1373.821341	-17.751233
1374.451193	-17.713891
1375.081623	-17.673349
1375.712632	-17.628984
1376.344221	-17.580151
1376.976389	-17.526207
1377.609139	-17.466540
1378.242470	-17.400606
1378.876384	-17.327958
1379.510881	-17.248296
1380.145963	-17.161536
1380.781629	-17.067821
1381.417881	-16.967530
1382.054720	-16.861277
1382.692147	-16.749879
1383.330161	-16.634299
1383.968765	-16.515624
1384.607959	-16.395053
1385.247743	-16.273868
1385.888119	-16.153403
1386.529087	-16.035002
1387.170648	-15.919966
1387.812804	-15.809507
1388.455554	-15.704717
1389.098899	-15.606548
1389.742842	-15.515815
1390.387381	-15.433226
1391.032519	-15.359421
1391.678256	-15.294982
1392.324592	-15.240414
1392.971529	-15.196111
1393.619068	-15.162317
1394.267208	-15.139095
1394.915952	-15.126315
1395.565300	-15.123665
1396.215253	-15.130695
1396.865812	-15.146855
1397.516977	-15.171528
1398.168749	-15.204044
1398.821130	-15.243671
1399.474120	-15.289611
1400.127719	-15.340978
1400.781930	-15.396805
1401.436752	-15.456092
1402.092186	-15.517881
1402.748234	-15.581332
1403.404897	-15.645765
1404.062174	-15.710666
1404.720067	-15.775666
1405.378577	-15.840478
1406.037705	-15.904853
1406.697451	-15.968569
1407.357817	-16.031443
1408.018803	-16.093392
1408.680410	-16.154541
1409.342639	-16.215274
1410.005492	-16.276228
1410.668968	-16.338243
1411.333068	-16.402262
1411.997795	-16.469227
1412.663147	-16.540013
1413.329127	-16.615385
1413.995736	-16.696038
1414.662973	-16.782679
1415.330840	-16.876126
1415.999339	-16.977350
1416.668469	-17.087445
1417.338232	-17.207525
1418.008628	-17.338612
1418.679659	-17.481507
1419.351325	-17.636692
1420.023628	-17.804312
1420.696568	-17.984268
1421.370145	-18.176394
1422.044362	-18.380661
1422.719219	-18.597340
1423.394717	-18.827046
1424.070856	-19.070666
1424.747638	-19.329196
1425.425064	-19.603487
1426.103134	-19.894007
1426.781850	-20.200732
1427.461212	-20.523178
1428.141221	-20.860633
1428.821878	-21.212553
1429.503185	-21.578985
1430.185141	-21.960949
1430.867749	-22.360609
1431.551008	-22.781144
1432.234920	-23.226358
1432.919486	-23.700081
1433.604707	-24.205579
1434.290583	-24.745100
1434.977116	-25.319669
1435.664307	-25.929442
1436.352156	-26.574628
1437.040664	-27.256788
1437.729833	-27.980412
1438.419663	-28.754318
1439.110156	-29.592540
1439.801312	-30.514472
1440.493132	-31.543972
1441.185617	-32.707152
1441.878768	-34.027411
1442.572586	-35.513348
1443.267072	-37.128985
1443.962228	-38.728027
1444.658053	-39.968145
1445.354549	-40.406144
1446.051717	-39.942730
1446.749558	-38.939069
1447.448073	-37.770832
1448.147263	-36.615202
1448.847128	-35.518294
1449.547671	-34.478433
1450.248891	-33.487330
1450.950789	-32.544417
1451.653368	-31.657618
1452.356627	-30.838947
1453.060568	-30.099611
1453.765192	-29.446548
1454.470500	-28.880748
1455.176492	-28.396642
1455.883170	-27.982168
1456.590534	-27.619429
1457.298586	-27.286291
1458.007327	-26.959226
1458.716758	-26.617197
1459.426880	-26.245998
1460.137693	-25.841408
1460.849199	-25.409558
1461.561398	-24.964406
1462.274293	-24.523601
1462.987883	-24.104385
1463.702170	-23.720555
1464.417155	-23.380821
1465.132838	-23.088270
1465.849222	-22.840462
1466.566306	-22.629907
1467.284093	-22.444987
1468.002582	-22.271430
1468.721775	-22.094408
1469.441674	-21.901145
1470.162278	-21.683458
1470.883590	-21.439514
1471.605609	-21.174223
1472.328338	-20.898056
1473.051777	-20.624802
1473.775928	-20.369158
1474.500790	-20.144772
1475.226367	-19.962924
1475.952657	-19.831828
1476.679663	-19.756379
1477.407386	-19.738069
1478.135826	-19.774912
1478.864985	-19.861374
1479.594863	-19.988325
1480.325463	-20.143154
1481.056784	-20.310357
1481.788828	-20.472927
1482.521597	-20.614587
1483.255090	-20.722734
1483.989309	-20.791369
1484.724256	-20.822873
1485.459931	-20.827929
1486.196336	-20.823706
1486.933471	-20.831146
1487.671337	-20.872317
1488.409937	-20.968562
1489.149270	-21.139591
1489.889337	-21.403273
1490.630141	-21.775610
1491.371682	-22.270323
1492.113961	-22.897167
1492.856979	-23.657118
1493.600738	-24.530571
1494.345238	-25.452725
1495.090481	-26.275302
1495.836467	-26.750988
1496.583198	-26.641052
1497.330675	-25.928309
1498.078899	-24.835677
1498.827872	-23.618580
1499.577593	-22.437855
1500.328065	-21.366817
1501.079289	-20.430321
1501.831265	-19.631449
1502.583995	-18.964764
1503.337480	-18.422173
1504.091721	-17.995284
1504.846719	-17.676179
1505.602475	-17.457520
1506.358991	-17.332357
1507.116268	-17.293708
1507.874306	-17.334012
1508.633108	-17.444460
1509.392673	-17.614196
1510.153004	-17.829452
1510.914101	-18.072819
1511.675965	-18.323018
1512.438599	-18.555643
1513.202002	-18.745450
1513.966176	-18.870286
1514.731122	-18.915808
1515.496842	-18.879063
1516.263336	-18.769079
1517.030607	-18.604108
1517.798654	-18.406832
1518.567479	-18.199566
1519.337083	-18.000759
1520.107468	-17.823018
1520.878634	-17.672130
1521.650584	-17.546560
1522.423317	-17.437105
1523.196836	-17.326750
1523.971141	-17.191296
1524.746233	-17.001723
1525.522115	-16.729064
1526.298786	-16.351345
1527.076249	-15.860186
1527.854504	-15.263656
1528.633553	-14.583712
1529.413397	-13.849865
1530.194037	-13.092520
1530.975474	-12.338452
1531.757709	-11.608902
1532.540745	-10.919540
1533.324581	-10.281352
1534.109220	-9.701766
1534.894662	-9.185688
1535.680909	-8.736317
1536.467961	-8.355748
1537.255821	-8.045398
1538.044489	-7.806297
1538.833967	-7.639286
1539.624256	-7.545148
1540.415357	-7.524693
1541.207271	-7.578819
1542.000000	-7.708544
1542.793545	-7.915029
1543.587907	-8.199579
1544.383087	-8.563606
1545.179088	-9.008543
1545.975909	-9.535669
1546.773552	-10.145772
1547.572019	-10.838538
1548.371311	-11.611466
1549.171428	-12.458020
1549.972373	-13.364644
1550.774147	-14.306324
1551.576751	-15.241171
1552.380185	-16.106745
1553.184453	-16.824682
1553.989554	-17.321160
1554.795490	-17.559272
1555.602263	-17.559711
1556.409873	-17.389382
1557.218322	-17.129615
1558.027612	-16.850601
1558.837743	-16.602458
1559.648717	-16.417285
1560.460536	-16.314611
1561.273200	-16.306452
1562.086710	-16.401006
1562.901069	-16.605155
1563.716278	-16.926235
1564.532337	-17.373451
1565.349249	-17.959323
1566.167014	-18.701512
1566.985634	-19.625569
1567.805111	-20.769594
1568.625444	-22.192816
1569.446637	-23.992875
1570.268690	-26.344638
1571.091605	-29.598196
1571.915382	-34.509110
1572.740024	-39.978151
1573.565532	-34.968071
1574.391907	-30.147290
1575.219150	-27.026488
1576.047262	-24.826633
1576.876246	-23.184324
1577.706103	-21.918267
1578.536833	-20.926872
1579.368439	-20.147886
1580.200922	-19.540493
1581.034282	-19.076464
1581.868522	-18.735429
1582.703643	-18.502145
1583.539646	-18.364808
1584.376532	-18.313924
1585.214304	-18.341512
1586.052962	-18.440518
1586.892508	-18.604390
1587.732943	-18.826764
1588.574269	-19.101163
1589.416487	-19.420722
1590.259599	-19.777961
1591.103605	-20.164686
1591.948508	-20.572069
1592.794309	-20.990939
1593.641009	-21.412273
1594.488609	-21.827856
1595.337112	-22.231060
1596.186518	-22.617608
1597.036829	-22.986196
1597.888047	-23.338759
1598.740172	-23.680256
1599.593207	-24.018027
1600.447153	-24.360910
1601.302010	-24.718381
1602.157782	-25.099906
1603.014469	-25.514506
1603.872072	-25.970441
1604.730593	-26.475002
1605.590034	-27.034429
1606.450397	-27.653906
1607.311681	-28.337533
1608.173890	-29.088137
1609.037024	-29.906766
1609.901085	-30.791825
1610.766075	-31.737628
1611.631995	-32.732081
1612.498846	-33.753521
1613.366630	-34.767231
1614.235349	-35.723376
1615.105004	-36.559943
1615.975596	-37.215483
1616.847128	-37.650878
1617.719600	-37.866554
1618.593014	-37.900020
1619.467372	-37.805980
1620.342675	-37.635504
1621.218924	-37.424960
1622.096122	-37.193738
1622.974270	-36.946405
1623.853369	-36.676979
1624.733420	-36.374301
1625.614427	-36.027141
1626.496389	-35.628100
1627.379308	-35.176035
1628.263187	-34.676786
1629.148026	-34.142393
1630.033828	-33.589094
1630.920593	-33.034498
1631.808324	-32.495021
1632.697022	-31.984444
1633.586688	-31.513637
1634.477324	-31.090711
1635.368932	-30.721088
1636.261514	-30.407570
1637.155070	-30.150505
1638.049602	-29.948190
1638.945113	-29.797229
1639.841603	-29.692595
1640.739075	-29.627703
1641.637529	-29.594775
1642.536968	-29.585524
1643.437393	-29.591994
1644.338806	-29.607369
1645.241209	-29.626742
1646.144602	-29.647768
1647.048988	-29.671075
1647.954368	-29.700143
1648.860744	-29.740595
1649.768118	-29.799317
1650.676491	-29.883597
1651.585865	-30.000316
1652.496241	-30.155272
1653.407621	-30.352731
1654.320008	-30.595289
1655.233401	-30.883813
1656.147804	-31.217355
1657.063218	-31.593201
1657.979645	-32.007152
1658.897085	-32.453675
1659.815542	-32.925538
1660.735016	-33.413073
1661.655509	-33.903181
1662.577023	-34.377700
1663.499560	-34.810852
1664.423121	-35.166920
1665.347709	-35.401393
1666.273324	-35.468714
1667.199969	-35.335810
1668.127645	-34.995073
1669.056353	-34.468508
1669.986097	-33.799756
1670.916877	-33.039053
1671.848695	-32.230351
1672.781553	-31.405907
1673.715452	-30.586926
1674.650395	-29.786209
1675.586383	-29.010548
1676.523418	-28.262832
1677.461501	-27.543966
1678.400635	-26.854143
1679.340821	-26.193269
1680.282061	-25.560971
1681.224357	-24.956676
1682.167710	-24.379758
1683.112122	-23.829512
1684.057595	-23.304980
1685.004132	-22.804885
1685.951732	-22.327798
1686.900400	-21.872356
1687.850135	-21.437324
1688.800940	-21.021577
1689.752818	-20.624176
1690.705768	-20.244484
1691.659795	-19.882152
1692.614898	-19.536957
1693.571081	-19.208667
1694.528345	-18.897025
1695.486691	-18.601735
1696.446122	-18.322383
1697.406640	-18.058396
1698.368245	-17.809094
1699.330941	-17.573825
1700.294729	-17.352023
1701.259611	-17.143185
1702.225588	-16.946889
1703.192664	-16.762862
1704.160838	-16.590979
1705.130114	-16.431159
1706.100493	-16.283293
1707.071977	-16.147267
1708.044568	-16.022974
1709.018268	-15.910271
1709.993079	-15.808951
1710.969003	-15.718792
1711.946041	-15.639590
1712.924196	-15.571141
1713.903469	-15.513191
1714.883862	-15.465426
1715.865378	-15.427461
1716.848017	-15.398821
1717.831783	-15.378897
1718.816677	-15.366959
1719.802701	-15.362184
1720.789857	-15.363694
1721.778147	-15.370555
1722.767573	-15.381761
1723.758136	-15.396238
1724.749840	-15.412836
1725.742685	-15.430280
1726.736673	-15.447103
1727.731808	-15.461644
1728.728090	-15.472100
1729.725521	-15.476541
1730.724105	-15.472922
1731.723842	-15.459177
1732.724735	-15.433329
1733.726785	-15.393533
1734.729995	-15.338112
1735.734366	-15.265641
1736.739902	-15.175058
1737.746603	-15.065708
1738.754472	-14.937371
1739.763510	-14.790323
1740.773721	-14.625369
1741.785105	-14.443779
1742.797665	-14.247184
1743.811403	-14.037502
1744.826321	-13.816874
1745.842422	-13.587536
1746.859706	-13.351727
1747.878177	-13.111644
1748.897835	-12.869407
1749.918685	-12.627009
1750.940726	-12.386268
1751.963963	-12.148824
1752.988395	-11.916128
1754.014027	-11.689438
1755.040860	-11.469811
1756.068895	-11.258115
1757.098135	-11.055051
1758.128583	-10.861145
1759.160240	-10.676738
1760.193109	-10.501993
1761.227191	-10.336909
1762.262488	-10.181302
1763.299004	-10.034797
1764.336740	-9.896848
1765.375697	-9.766742
1766.415880	-9.643583
1767.457288	-9.526283
1768.499926	-9.413591
1769.543794	-9.304092
1770.588895	-9.196209
1771.635231	-9.088249
1772.682805	-8.978464
1773.731619	-8.865106
1774.781674	-8.746484
1775.832973	-8.621064
1776.885519	-8.487563
1777.939312	-8.345011
1778.994357	-8.192826
1780.050654	-8.030884
1781.108207	-7.859547
1782.167017	-7.679661
1783.227087	-7.492531
1784.288418	-7.299899
1785.351013	-7.103865
1786.414875	-6.906815
1787.480006	-6.711359
1788.546407	-6.520267
1789.614082	-6.336387
1790.683032	-6.162596
1791.753259	-6.001765
1792.824767	-5.856731
1793.897557	-5.730274
1794.971632	-5.625119
1796.046994	-5.543960
1797.123645	-5.489471
1798.201588	-5.464341
1799.280824	-5.471329
1800.361357	-5.513308
1801.443188	-5.593329
1802.526320	-5.714694
1803.610756	-5.881051
1804.696497	-6.096485
1805.783546	-6.365655
1806.871906	-6.693963
1807.961578	-7.087780
1809.052565	-7.554735
1810.144870	-8.104144
1811.238494	-8.747590
1812.333441	-9.499737
1813.429713	-10.379507
1814.527311	-11.411721
1815.626239	-12.629279
1816.726499	-14.075339
1817.828094	-15.802212
1818.931025	-17.850388
1820.035295	-20.134096
1821.140906	-22.028485
1822.247862	-22.149218
1823.356165	-20.446972
1824.465816	-18.310316
1825.576819	-16.403827
1826.689175	-14.827410
1827.802888	-13.545010
1828.917960	-12.506792
1830.034394	-11.671950
1831.152191	-11.010193
1832.271354	-10.499604
1833.391887	-10.124497
1834.513790	-9.873775
1835.637068	-9.739755
1836.761722	-9.717341
1837.887755	-9.803408
1839.015169	-9.996256
1840.143968	-10.295046
1841.274153	-10.699056
1842.405727	-11.206480
1843.538693	-11.812399
1844.673053	-12.505277
1845.808810	-13.261230
1846.945966	-14.035831
1848.084525	-14.756009
1849.224488	-15.321341
1850.365858	-15.629831
1851.508638	-15.627991
1852.652831	-15.345770
1853.798438	-14.877112
1854.945463	-14.328772
1856.093909	-13.784952
1857.243777	-13.299633
1858.395071	-12.902968
1859.547794	-12.609775
1860.701947	-12.425798
1861.857533	-12.351388
1863.014556	-12.383246
1864.173018	-12.514820
1865.332922	-12.735692
1866.494270	-13.030214
1867.657065	-13.375696
1868.821309	-13.740847
1869.987006	-14.085971
1871.154158	-14.367024
1872.322768	-14.544848
1873.492839	-14.597299
1874.664373	-14.527666
1875.837373	-14.363322
1877.011841	-14.145560
1878.187782	-13.917468
1879.365197	-13.715591
1880.544089	-13.566570
1881.724460	-13.487021
1882.906315	-13.484546
1884.089655	-13.558632
1885.274483	-13.700942
1886.460803	-13.895113
1887.648616	-14.116685
1888.837927	-14.334297
1890.028736	-14.513549
1891.221049	-14.624160
1892.414866	-14.648723
1893.610192	-14.588830
1894.807028	-14.464689
1896.005379	-14.308471
1897.205246	-14.155395
1898.406633	-14.036601
1899.609542	-13.975246
1900.813977	-13.985017
1902.019940	-14.069662
1903.227434	-14.222532
1904.436462	-14.425907
1905.647028	-14.650791
1906.859133	-14.858922
1908.072781	-15.009133
1909.287976	-15.068536
1910.504719	-15.024614
1911.723013	-14.890911
1912.942863	-14.702126
1914.164270	-14.502235
1915.387238	-14.332908
1916.611770	-14.226491
1917.837868	-14.203280
1919.065536	-14.270865
1920.294777	-14.423631
1921.525594	-14.641754
1922.757989	-14.890469
1923.991967	-15.122194
1925.227529	-15.285079
1926.464679	-15.339006
1927.703420	-15.272544
1928.943755	-15.108979
1930.185688	-14.896294
1931.429221	-14.689168
1932.674356	-14.534299
1933.921099	-14.463221
1935.169451	-14.490277
1936.419415	-14.612185
1937.670996	-14.807361
1938.924195	-15.035746
1940.179017	-15.242577
1941.435463	-15.370671
1942.693538	-15.381208
1943.953245	-15.272370
1945.214586	-15.081000
1946.477566	-14.865679
1947.742186	-14.684902
1949.008451	-14.582527
1950.276363	-14.581866
1951.545926	-14.684012
1952.817143	-14.866917
1954.090017	-15.085386
1955.364551	-15.276400
1956.640749	-15.375779
1957.918615	-15.345039
1959.198150	-15.192259
1960.479359	-14.968498
1961.762244	-14.743031
1963.046810	-14.577664
1964.333059	-14.512526
1965.620995	-14.561381
1966.910621	-14.710400
1968.201940	-14.917923
1969.494956	-15.118690
1970.789672	-15.239999
1972.086091	-15.231693
1973.384217	-15.093645
1974.684053	-14.876257
1975.985602	-14.653202
1977.288869	-14.490397
1978.593855	-14.428271
1979.900566	-14.476137
1981.209003	-14.611881
1982.519171	-14.785061
1983.831073	-14.928029
1985.144712	-14.980066
1986.460093	-14.917233
1987.777217	-14.765698
1989.096089	-14.585560
1990.416713	-14.439767
1991.739092	-14.370024
1993.063228	-14.386371
1994.389127	-14.466701
1995.716791	-14.564144
1997.046223	-14.624364
1998.377428	-14.610996
1999.710409	-14.525653
2001.045169	-14.406126
2002.381713	-14.303788
2003.720043	-14.257371
2005.060163	-14.276364
2006.402077	-14.336827
2007.745788	-14.390208
2009.091301	-14.386445
2010.438618	-14.304105
2011.787743	-14.166766
2013.138680	-14.030624
2014.491433	-13.953846
2015.846005	-13.968727
2017.202399	-14.065938
2018.560621	-14.192011
2019.920673	-14.266129
2021.282558	-14.222235
2022.646281	-14.056211
2024.011846	-13.833822
2025.379256	-13.650197
2026.748515	-13.580527
2028.119626	-13.650786
2029.492594	-13.826080
2030.867422	-14.013548
2032.244114	-14.095537
2033.622673	-14.001335
2035.003104	-13.765072
2036.385411	-13.501531
2037.769597	-13.329302
2039.155665	-13.315133
2040.543621	-13.454187
2041.933467	-13.668906
2043.325208	-13.831059
2044.718847	-13.828743
2046.114389	-13.650309
2047.511837	-13.393978
2048.911195	-13.189742
2050.312467	-13.122805
2051.715657	-13.203782
2053.120769	-13.370136
2054.527807	-13.511992
2055.936775	-13.532062
2057.347677	-13.413781
2058.760516	-13.229153
2060.175297	-13.076676
2061.592025	-13.017601
2063.010701	-13.052357
2064.431332	-13.131506
2065.853921	-13.189450
2067.278472	-13.186291
2068.704988	-13.128876
2070.133475	-13.053273
2071.563936	-12.989940
2072.996375	-12.945271
2074.430796	-12.910017
2075.867204	-12.880331
2077.305603	-12.867895
2078.745996	-12.886899
2080.188389	-12.929427
2081.632784	-12.955087
2083.079187	-12.914952
2084.527601	-12.799725
2085.978030	-12.663603
2087.430480	-12.590740
2088.884954	-12.633168
2090.341455	-12.765253
2091.799990	-12.881641
2093.260561	-12.864569
2094.723173	-12.695786
2096.187831	-12.487983
2097.654538	-12.387892
2099.123300	-12.465209
2100.594119	-12.662158
2102.067001	-12.813632
2103.541950	-12.769634
2105.018971	-12.551974
2106.498067	-12.337658
2107.979243	-12.289686
2109.462503	-12.437625
2110.947853	-12.656591
2112.435295	-12.746292
2113.924836	-12.616774
2115.416478	-12.390763
2116.910227	-12.265564
2118.406087	-12.334071
2119.904063	-12.525247
2121.404158	-12.658409
2122.906378	-12.606552
2124.410727	-12.432977
2125.917210	-12.309102
2127.425831	-12.335987
2128.936594	-12.468921
2130.449505	-12.568341
2131.964567	-12.539486
2133.481786	-12.430583
2135.001166	-12.361317
2136.522711	-12.387840
2138.046427	-12.460072
2139.572317	-12.489992
2141.100388	-12.454562
2142.630642	-12.411693
2144.163085	-12.414620
2145.697722	-12.446113
2147.234558	-12.449934
2148.773596	-12.414265
2150.314842	-12.391691
2151.858301	-12.424269
2153.403977	-12.477740
2154.951875	-12.477256
2156.502000	-12.412252
2158.054357	-12.364154
2159.608950	-12.404302
2161.165785	-12.496321
2162.724866	-12.527700
2164.286198	-12.455892
2165.849786	-12.377501
2167.415635	-12.403590
2168.983749	-12.514732
2170.554134	-12.575122
2172.126795	-12.509453
2173.701737	-12.416885
2175.278964	-12.434068
2176.858481	-12.551269
2178.440294	-12.619152
2180.024408	-12.552744
2181.610827	-12.462428
2183.199557	-12.491580
2184.790602	-12.614351
2186.383968	-12.666494
2187.979660	-12.584705
2189.577683	-12.509880
2191.178041	-12.571229
2192.780741	-12.696473
2194.385787	-12.711338
2195.993185	-12.611655
2197.602939	-12.575614
2199.215054	-12.684256
2200.829537	-12.796079
2202.446392	-12.758002
2204.065624	-12.661145
2205.687239	-12.693805
2207.311242	-12.842377
2208.937638	-12.905699
2210.566433	-12.819468
2212.197631	-12.771826
2213.831239	-12.887767
2215.467261	-13.027914
2217.105703	-13.009739
2218.746570	-12.924727
2220.389867	-12.976883
2222.035601	-13.137630
2223.683776	-13.193530
2225.334398	-13.118252
2226.987472	-13.118214
2228.643004	-13.260448
2230.300999	-13.360534
2231.961463	-13.313517
2233.624402	-13.287413
2235.289820	-13.402324
2236.957723	-13.515576
2238.628118	-13.490704
2240.301009	-13.459505
2241.976402	-13.558173
2243.654303	-13.668692
2245.334717	-13.651904
2247.017650	-13.627163
2248.703108	-13.727033
2250.391096	-13.832738
2252.081620	-13.814399
2253.774686	-13.803084
2255.470300	-13.918042
2257.168467	-14.019476
2258.869193	-13.996313
2260.572484	-14.006962
2262.278345	-14.143745
2263.986783	-14.234409
2265.697804	-14.206095
2267.411412	-14.249213
2269.127615	-14.404329
2270.846417	-14.469065
2272.567826	-14.440497
2274.291846	-14.526173
2276.018484	-14.682151
2277.747745	-14.705217
2279.479637	-14.694256
2281.214164	-14.826173
2282.951333	-14.950632
2284.691149	-14.930890
2286.433619	-14.967431
2288.178750	-15.128842
2289.926546	-15.188204
2291.677014	-15.161016
2293.430161	-15.272958
2295.185992	-15.417397
2296.944513	-15.407493
2298.705732	-15.438909
2300.469653	-15.612805
2302.236283	-15.681516
2304.005629	-15.661922
2305.777696	-15.803667
2307.552492	-15.962066
2309.330022	-15.951223
2311.110292	-16.025320
2312.893310	-16.234384
2314.679080	-16.284330
2316.467611	-16.294665
2318.258907	-16.496759
2320.052976	-16.625573
2321.849824	-16.605341
2323.649457	-16.757857
2325.451883	-16.947001
2327.257106	-16.932523
2329.065135	-17.022450
2330.875975	-17.241082
2332.689633	-17.256611
2334.506116	-17.292736
2336.325430	-17.513818
2338.147581	-17.565954
2339.972578	-17.567343
2341.800425	-17.782069
2343.631130	-17.872808
2345.464700	-17.861050
2347.301141	-18.073829
2349.140461	-18.199313
2350.982665	-18.184604
2352.827760	-18.400253
2354.675754	-18.554088
2356.526653	-18.543566
2358.380464	-18.771152
2360.237195	-18.944413
2362.096851	-18.937076
2363.959440	-19.178992
2365.824968	-19.353433
2367.693444	-19.344583
2369.564873	-19.601231
2371.439263	-19.756314
2373.316620	-19.748466
2375.196953	-20.021602
2377.080267	-20.138492
2378.966570	-20.146614
2380.855869	-20.435873
2382.748171	-20.495389
2384.643484	-20.538164
2386.541815	-20.830440
2388.443170	-20.830387
2390.347557	-20.942557
2392.254984	-21.214857
2394.165457	-21.173427
2396.078984	-21.378495
2397.995572	-21.584586
2399.915229	-21.549129
2401.837961	-21.854741
2403.763777	-21.962514
2405.692684	-22.011127
2407.624689	-22.369450
2409.559800	-22.373085
2411.498023	-22.573518
2413.439368	-22.873279
2415.383840	-22.841426
2417.331449	-23.196993
2419.282201	-23.320276
2421.236104	-23.390599
2423.193165	-23.769133
2425.153393	-23.714113
2427.116795	-23.986648
2429.083378	-24.175180
2431.053151	-24.151748
2433.026121	-24.538992
2435.002297	-24.473258
2436.981685	-24.702771
2438.964293	-24.911378
2440.950131	-24.855879
2442.939204	-25.270856
2444.931522	-25.182492
2446.927092	-25.455016
2448.925923	-25.651069
2450.928022	-25.617726
2452.933397	-26.082379
2454.942056	-25.952233
2456.954008	-26.356165
2458.969260	-26.479745
2460.987821	-26.565777
2463.009699	-27.039634
2465.034902	-26.892536
2467.063437	-27.464814
2469.095315	-27.400067
2471.130542	-27.731779
2473.169127	-27.976240
2475.211078	-27.947176
2477.256404	-28.474028
2479.305112	-28.226280
2481.357212	-28.796609
2483.412713	-28.588001
2485.471621	-28.960874
2487.533946	-29.021876
2489.599696	-29.074649
2491.668880	-29.467196
2493.741507	-29.239619
2495.817585	-29.856031
2497.897122	-29.518895
2499.980127	-30.158246
2502.066609	-29.920591
2504.156578	-30.409419
2506.250040	-30.413113
2508.347006	-30.662756
2510.447483	-30.962317
2512.551482	-30.977141
2514.659010	-31.535838
2516.770076	-31.362017
2518.884690	-32.103809
2521.002861	-31.819302
2523.124597	-32.627761
2525.249907	-32.273088
2527.378801	-33.054448
2529.511287	-32.672151
2531.647375	-33.371034
2533.787074	-32.979822
2535.930393	-33.593155
2538.077340	-33.231554
2540.227927	-33.782648
2542.382160	-33.477670
2544.540051	-34.007624
2546.701608	-33.754114
2548.866840	-34.286088
2551.035757	-34.064644
2553.208369	-34.624856
2555.384684	-34.392501
2557.564713	-34.996640
2559.748465	-34.752862
2561.935948	-35.445223
2564.127174	-35.177248
2566.322152	-35.996507
2568.520890	-35.705121
2570.723399	-36.654880
2572.929689	-36.303510
2575.139769	-37.320902
2577.353649	-36.893900
2579.571340	-37.823964
2581.792849	-37.388098
2584.018189	-38.070847
2586.247368	-37.764000
2588.480396	-38.083759
2590.717284	-38.090646
2592.958041	-37.998020
2595.202678	-38.398548
2597.451204	-37.948432
2599.703630	-38.705599
2601.959966	-38.026930
2604.220222	-38.953676
2606.484408	-38.310925
2608.752535	-39.093525
2611.024612	-38.822219
2613.300651	-39.164791
2615.580661	-39.539985
2617.864653	-39.332985
2620.152638	-40.393688
2622.444625	-39.820997
2624.740626	-41.194603
2627.040651	-40.819007
2629.344710	-41.713378
2631.652814	-42.237072
2633.964974	-41.985779
2636.281200	-43.414112
2638.601504	-42.327042
2640.925896	-43.420585
2643.254386	-42.980884
2645.586987	-42.674479
2647.923707	-43.593662
2650.264559	-42.306023
2652.609554	-43.360039
2654.958702	-42.704576
2657.312015	-42.550599
2659.669503	-43.376986
2662.031178	-42.231916
2664.397051	-43.283015
2666.767132	-42.845494
2669.141434	-42.686944
2671.519968	-43.781777
2673.902745	-42.864055
2676.289776	-43.945431
2678.681072	-44.240533
2681.076646	-44.004942
2683.476508	-45.798350
2685.880671	-45.419762
2688.289145	-46.212981
2690.701942	-47.962381
2693.119075	-47.130192
2695.540554	-48.311006
2697.966391	-49.275140
2700.396599	-47.936001
2702.831189	-48.904381
2705.270172	-49.199339
2707.713561	-47.815779
2710.161368	-48.655091
2712.613605	-48.592649
2715.070283	-47.256184
2717.531416	-47.873169
2719.997014	-47.683832
2722.467090	-46.555326
2724.941657	-47.187839
2727.420726	-47.160803
2729.904310	-46.283580
2732.392421	-47.019878
2734.885072	-47.267003
2737.382275	-46.654187
2739.884042	-47.622102
2742.390387	-48.471846
2744.901321	-48.168629
2747.416857	-49.343462
2749.937008	-50.995462
2752.461787	-50.697357
2754.991206	-51.320746
2757.525279	-53.445450
2760.064017	-53.551597
2762.607434	-53.059364
2765.155544	-54.651553
2767.708358	-56.332913
2770.265890	-54.923708
2772.828153	-54.245592
2775.395160	-55.260189
2777.966924	-55.004452
2780.543459	-52.991997
2783.124778	-52.246707
2785.710894	-52.780595
2788.301821	-52.063765
2790.897572	-50.641002
2793.498160	-50.707892
2796.103599	-51.271067
2798.713903	-50.636946
2801.329085	-50.254010
2803.949159	-51.061980
2806.574139	-51.970106
2809.204038	-52.005067
2811.838871	-51.910269
2814.478650	-52.821751
2817.123391	-54.128079
2819.773107	-53.996961
2822.427812	-53.737722
2825.087521	-54.751549
2827.752247	-56.821364
2830.422005	-57.911267
2833.096808	-57.841418
2835.776672	-58.710713
2838.461611	-60.770754
2841.151638	-63.563311
2843.846769	-63.599334
2846.547019	-61.166482
2849.252401	-59.044811
2851.962930	-58.156745
2854.678621	-58.124210
2857.399489	-57.662872
2860.125549	-56.358412
2862.856815	-55.344648
2865.593302	-55.427702
2868.335026	-56.266499
2871.082002	-57.005550
2873.834244	-56.749034
2876.591767	-56.072373
2879.354588	-55.661814
2882.122721	-55.832807
2884.896181	-56.522330
2887.674984	-56.859078
2890.459146	-56.613491
2893.248681	-56.446746
2896.043606	-56.761549
2898.843937	-57.959269
2901.649687	-59.642601
2904.460875	-61.361573
2907.277515	-62.201891
2910.099623	-63.287529
2912.927215	-64.300726
2915.760308	-65.205730
2918.598916	-65.364981
2921.443057	-64.695507
2924.292747	-64.125473
2927.148002	-64.181542
2930.008837	-63.709562
2932.875270	-63.867451
2935.747318	-63.615119
2938.624995	-64.144787
2941.508320	-63.017654
2944.397308	-63.152695
2947.291977	-62.646469
2950.192343	-62.213953
2953.098423	-61.977867
2956.010234	-62.047030
2958.927792	-60.920822
2961.851116	-60.637080
2964.780221	-59.723244
2967.715126	-60.023552
2970.655847	-60.147776
2973.602402	-61.052923
2976.554808	-62.434008
2979.513083	-64.174621
2982.477243	-66.025231
2985.447308	-67.481790
2988.423293	-68.631472
2991.405218	-67.872950
2994.393099	-66.476243
2997.386955	-65.467709
