# 2022-03-21_13.52.54
# shape = sech2
# FWHM_ps = 0.1
# carrier_nm = 1542
# frep_MHz = 12126
# pow_mW = 8000
# GDD = 0.0
# propa_len = 0.09777777777777778
# untap_len = 0.01
# taper_len = 0.03777777777777778
# waist_len = 0.02
# uptap_len = 0.02
# untap_scale = 1.0
# waist_scale = 0.30000000000000004
# workingDir = NL_20110305_12 (Spirou)
# axis = slow
# window_ps = 10.0
# steps = 200
# points = 13000
# 
# wavelength [nm]	 power spectral density [dB]
1000.248639	-21.520189
1000.582480	-21.430324
1000.916545	-21.343375
1001.250832	-21.256452
1001.585343	-21.169563
1001.920077	-21.082718
1002.255035	-20.995940
1002.590218	-20.909261
1002.925624	-20.822717
1003.261255	-20.736346
1003.597111	-20.650177
1003.933192	-20.564251
1004.269497	-20.478637
1004.606029	-20.393405
1004.942785	-20.308613
1005.279768	-20.224324
1005.616977	-20.140621
1005.954412	-20.057588
1006.292074	-19.975322
1006.629962	-19.893925
1006.968077	-19.813482
1007.306420	-19.734063
1007.644990	-19.655743
1007.983787	-19.578594
1008.322813	-19.502665
1008.662067	-19.427972
1009.001549	-19.354522
1009.341259	-19.282313
1009.681199	-19.211333
1010.021367	-19.141550
1010.361765	-19.072916
1010.702392	-19.005360
1011.043250	-18.938791
1011.384337	-18.873124
1011.725654	-18.808267
1012.067202	-18.744117
1012.408980	-18.680580
1012.750989	-18.617582
1013.093230	-18.555075
1013.435702	-18.493038
1013.778405	-18.431463
1014.121341	-18.370334
1014.464508	-18.309658
1014.807908	-18.249471
1015.151540	-18.189818
1015.495405	-18.130759
1015.839503	-18.072363
1016.183835	-18.014698
1016.528400	-17.957846
1016.873198	-17.901896
1017.218231	-17.846908
1017.563498	-17.792914
1017.908999	-17.739919
1018.254735	-17.687920
1018.600707	-17.636887
1018.946913	-17.586755
1019.293354	-17.537441
1019.640032	-17.488862
1019.986945	-17.440933
1020.334094	-17.393568
1020.681480	-17.346701
1021.029102	-17.300275
1021.376961	-17.254232
1021.725058	-17.208543
1022.073391	-17.163206
1022.421962	-17.118219
1022.770772	-17.073591
1023.119819	-17.029354
1023.469104	-16.985540
1023.818628	-16.942172
1024.168391	-16.899265
1024.518393	-16.856823
1024.868634	-16.814819
1025.219115	-16.773206
1025.569836	-16.731940
1025.920796	-16.690975
1026.271997	-16.650260
1026.623438	-16.609762
1026.975121	-16.569458
1027.327044	-16.529337
1027.679208	-16.489419
1028.031614	-16.449731
1028.384262	-16.410306
1028.737152	-16.371202
1029.090284	-16.332505
1029.443659	-16.294318
1029.797276	-16.256757
1030.151137	-16.219933
1030.505240	-16.183956
1030.859587	-16.148934
1031.214178	-16.114966
1031.569013	-16.082125
1031.924093	-16.050431
1032.279417	-16.019868
1032.634985	-15.990410
1032.990799	-15.961997
1033.346858	-15.934524
1033.703162	-15.907871
1034.059712	-15.881925
1034.416509	-15.856586
1034.773551	-15.831760
1035.130841	-15.807356
1035.488377	-15.783307
1035.846160	-15.759590
1036.204190	-15.736223
1036.562468	-15.713231
1036.920994	-15.690645
1037.279768	-15.668522
1037.638790	-15.646934
1037.998061	-15.625946
1038.357581	-15.605578
1038.717350	-15.585817
1039.077368	-15.566658
1039.437636	-15.548098
1039.798154	-15.530113
1040.158922	-15.512663
1040.519940	-15.495693
1040.881209	-15.479152
1041.242729	-15.463016
1041.604501	-15.447276
1041.966524	-15.431919
1042.328798	-15.416948
1042.691325	-15.402399
1043.054103	-15.388328
1043.417135	-15.374806
1043.780419	-15.361925
1044.143956	-15.349793
1044.507746	-15.338500
1044.871791	-15.328109
1045.236088	-15.318654
1045.600641	-15.310140
1045.965447	-15.302517
1046.330508	-15.295703
1046.695824	-15.289574
1047.061395	-15.283952
1047.427222	-15.278651
1047.793304	-15.273492
1048.159642	-15.268307
1048.526237	-15.262967
1048.893088	-15.257381
1049.260196	-15.251525
1049.627561	-15.245459
1049.995183	-15.239298
1050.363063	-15.233174
1050.731201	-15.227227
1051.099597	-15.221601
1051.468251	-15.216417
1051.837164	-15.211735
1052.206336	-15.207551
1052.575767	-15.203832
1052.945458	-15.200492
1053.315409	-15.197390
1053.685619	-15.194395
1054.056090	-15.191408
1054.426821	-15.188361
1054.797814	-15.185230
1055.169067	-15.182048
1055.540582	-15.178942
1055.912359	-15.176111
1056.284398	-15.173773
1056.656698	-15.172152
1057.029262	-15.171463
1057.402088	-15.171884
1057.775177	-15.173518
1058.148530	-15.176366
1058.522146	-15.180363
1058.896027	-15.185393
1059.270171	-15.191272
1059.644580	-15.197767
1060.019254	-15.204679
1060.394193	-15.211878
1060.769397	-15.219281
1061.144867	-15.226847
1061.520602	-15.234617
1061.896604	-15.242712
1062.272872	-15.251264
1062.649407	-15.260395
1063.026210	-15.270214
1063.403279	-15.280822
1063.780616	-15.292256
1064.158221	-15.304474
1064.536094	-15.317408
1064.914235	-15.330959
1065.292645	-15.344999
1065.671325	-15.359400
1066.050273	-15.374042
1066.429491	-15.388833
1066.808979	-15.403720
1067.188738	-15.418690
1067.568766	-15.433780
1067.949066	-15.449074
1068.329636	-15.464683
1068.710478	-15.480716
1069.091592	-15.497275
1069.472977	-15.514445
1069.854635	-15.532276
1070.236565	-15.550748
1070.618768	-15.569753
1071.001243	-15.589150
1071.383993	-15.608793
1071.767016	-15.628553
1072.150313	-15.648299
1072.533884	-15.667960
1072.917730	-15.687559
1073.301850	-15.707162
1073.686246	-15.726842
1074.070917	-15.746673
1074.455864	-15.766722
1074.841087	-15.787009
1075.226586	-15.807502
1075.612362	-15.828149
1075.998415	-15.848932
1076.384745	-15.869860
1076.771353	-15.890960
1077.158238	-15.912312
1077.545401	-15.934031
1077.932843	-15.956212
1078.320564	-15.978916
1078.708564	-16.002183
1079.096842	-16.025988
1079.485401	-16.050255
1079.874240	-16.074920
1080.263358	-16.099940
1080.652757	-16.125330
1081.042438	-16.151153
1081.432399	-16.177532
1081.822641	-16.204620
1082.213166	-16.232561
1082.603972	-16.261431
1082.995061	-16.291208
1083.386433	-16.321815
1083.778087	-16.353119
1084.170025	-16.384967
1084.562246	-16.417189
1084.954751	-16.449627
1085.347541	-16.482184
1085.740615	-16.514792
1086.133973	-16.547376
1086.527617	-16.579876
1086.921546	-16.612269
1087.315761	-16.644563
1087.710262	-16.676794
1088.105050	-16.709006
1088.500124	-16.741249
1088.895485	-16.773544
1089.291134	-16.805870
1089.687070	-16.838138
1090.083294	-16.870180
1090.479806	-16.901805
1090.876607	-16.932858
1091.273696	-16.963234
1091.671075	-16.992960
1092.068744	-17.022260
1092.466702	-17.051483
1092.864950	-17.081017
1093.263489	-17.111191
1093.662319	-17.142207
1094.061440	-17.174079
1094.460852	-17.206625
1094.860555	-17.239558
1095.260551	-17.272602
1095.660840	-17.305613
1096.061421	-17.338683
1096.462295	-17.372129
1096.863462	-17.406388
1097.264923	-17.441917
1097.666678	-17.479053
1098.068727	-17.517874
1098.471071	-17.558201
1098.873710	-17.599671
1099.276644	-17.641833
1099.679874	-17.684334
1100.083400	-17.727010
1100.487222	-17.769907
1100.891340	-17.813248
1101.295756	-17.857332
1101.700468	-17.902395
1102.105478	-17.948485
1102.510787	-17.995429
1102.916393	-18.042835
1103.322298	-18.090194
1103.728502	-18.137060
1104.135005	-18.183181
1104.541807	-18.228502
1104.948909	-18.273108
1105.356312	-18.317162
1105.764015	-18.360789
1106.172019	-18.404032
1106.580324	-18.446825
1106.988931	-18.488969
1107.397840	-18.530163
1107.807051	-18.570196
1108.216564	-18.609036
1108.626380	-18.646769
1109.036500	-18.683601
1109.446923	-18.719815
1109.857649	-18.755624
1110.268680	-18.791126
1110.680016	-18.826401
1111.091657	-18.861451
1111.503602	-18.896154
1111.915854	-18.930425
1112.328411	-18.964348
1112.741275	-18.998189
1113.154445	-19.032382
1113.567922	-19.067420
1113.981706	-19.103613
1114.395798	-19.141102
1114.810198	-19.179959
1115.224906	-19.220068
1115.639923	-19.261104
1116.055249	-19.302773
1116.470884	-19.344980
1116.886829	-19.387884
1117.303084	-19.431922
1117.719650	-19.477672
1118.136526	-19.525596
1118.553713	-19.575864
1118.971212	-19.628343
1119.389022	-19.682568
1119.807145	-19.737816
1120.225580	-19.793419
1120.644328	-19.848967
1121.063389	-19.904464
1121.482763	-19.960357
1121.902452	-20.017282
1122.322454	-20.075735
1122.742771	-20.135853
1123.163404	-20.197291
1123.584351	-20.259229
1124.005614	-20.320650
1124.427193	-20.380658
1124.849089	-20.438784
1125.271301	-20.495185
1125.693830	-20.550475
1126.116677	-20.605384
1126.539842	-20.660461
1126.963324	-20.715741
1127.387126	-20.770590
1127.811246	-20.824045
1128.235685	-20.875117
1128.660444	-20.923089
1129.085522	-20.967835
1129.510922	-21.009858
1129.936641	-21.050059
1130.362682	-21.089399
1130.789044	-21.128400
1131.215728	-21.166869
1131.642734	-21.204098
1132.070063	-21.239186
1132.497714	-21.271397
1132.925689	-21.300532
1133.353987	-21.327064
1133.782610	-21.351979
1134.211556	-21.376451
1134.640827	-21.401345
1135.070424	-21.426864
1135.500345	-21.452625
1135.930593	-21.477812
1136.361166	-21.501613
1136.792067	-21.523725
1137.223294	-21.544471
1137.654848	-21.564801
1138.086730	-21.585952
1138.518940	-21.608854
1138.951479	-21.633885
1139.384346	-21.660753
1139.817543	-21.688577
1140.251069	-21.716491
1140.684925	-21.744018
1141.119111	-21.771221
1141.553628	-21.798870
1141.988475	-21.828054
1142.423655	-21.859662
1142.859166	-21.894030
1143.295009	-21.930678
1143.731185	-21.968691
1144.167694	-22.007147
1144.604536	-22.045381
1145.041711	-22.083437
1145.479221	-22.121984
1145.917065	-22.161867
1146.355245	-22.203806
1146.793759	-22.247968
1147.232609	-22.293844
1147.671795	-22.340501
1148.111317	-22.386877
1148.551177	-22.432389
1148.991373	-22.477140
1149.431907	-22.521642
1149.872779	-22.566666
1150.313989	-22.612741
1150.755538	-22.659744
1151.197426	-22.707068
1151.639653	-22.753708
1152.082220	-22.798671
1152.525128	-22.841539
1152.968376	-22.882459
1153.411966	-22.921969
1153.855897	-22.960624
1154.300169	-22.998624
1154.744784	-23.035835
1155.189742	-23.071524
1155.635042	-23.104657
1156.080687	-23.134559
1156.526674	-23.161031
1156.973007	-23.184321
1157.419683	-23.204908
1157.866705	-23.223211
1158.314072	-23.239536
1158.761786	-23.253625
1159.209845	-23.264734
1159.658251	-23.272239
1160.107004	-23.275797
1160.556104	-23.275520
1161.005553	-23.271911
1161.455349	-23.265449
1161.905494	-23.256634
1162.355989	-23.245788
1162.806832	-23.232738
1163.258026	-23.217065
1163.709570	-23.198411
1164.161464	-23.176789
1164.613710	-23.152644
1165.066307	-23.126542
1165.519256	-23.099025
1165.972558	-23.070521
1166.426212	-23.041249
1166.880219	-23.011088
1167.334580	-22.979782
1167.789295	-22.947244
1168.244364	-22.913593
1168.699788	-22.879246
1169.155567	-22.844700
1169.611702	-22.810282
1170.068193	-22.776313
1170.525041	-22.742873
1170.982245	-22.709811
1171.439807	-22.676938
1171.897726	-22.644146
1172.356004	-22.611642
1172.814640	-22.579718
1173.273635	-22.548648
1173.732989	-22.518680
1174.192703	-22.489877
1174.652778	-22.462178
1175.113213	-22.435387
1175.574009	-22.409343
1176.035167	-22.384059
1176.496687	-22.359644
1176.958569	-22.336342
1177.420814	-22.314276
1177.883422	-22.293601
1178.346394	-22.274454
1178.809730	-22.256469
1179.273430	-22.239337
1179.737496	-22.223036
1180.201927	-22.207651
1180.666723	-22.193346
1181.131886	-22.180216
1181.597416	-22.168445
1182.063312	-22.158076
1182.529576	-22.148777
1182.996209	-22.140236
1183.463209	-22.132347
1183.930579	-22.125064
1184.398317	-22.118421
1184.866426	-22.112683
1185.334904	-22.107948
1185.803754	-22.104073
1186.272974	-22.100766
1186.742566	-22.097623
1187.212529	-22.094400
1187.682865	-22.090997
1188.153574	-22.087521
1188.624656	-22.084169
1189.096112	-22.080938
1189.567942	-22.077586
1190.040147	-22.073664
1190.512726	-22.068713
1190.985681	-22.062412
1191.459012	-22.054750
1191.932720	-22.045806
1192.406804	-22.035604
1192.881265	-22.024179
1193.356104	-22.011259
1193.831322	-21.996304
1194.306918	-21.978793
1194.782893	-21.958519
1195.259248	-21.935599
1195.735982	-21.910149
1196.213097	-21.882254
1196.690593	-21.851777
1197.168471	-21.818412
1197.646730	-21.781742
1198.125371	-21.741392
1198.604395	-21.697465
1199.083803	-21.650163
1199.563594	-21.599687
1200.043769	-21.546095
1200.524329	-21.489282
1201.005273	-21.429173
1201.486604	-21.365407
1201.968320	-21.297840
1202.450422	-21.226911
1202.932912	-21.152960
1203.415789	-21.076110
1203.899054	-20.996449
1204.382707	-20.913970
1204.866748	-20.828584
1205.351179	-20.740277
1205.836000	-20.649265
1206.321211	-20.555860
1206.806812	-20.460439
1207.292805	-20.363215
1207.779189	-20.264061
1208.265965	-20.162926
1208.753134	-20.059906
1209.240696	-19.955273
1209.728651	-19.849376
1210.217000	-19.742363
1210.705744	-19.634367
1211.194883	-19.525525
1211.684417	-19.415832
1212.174347	-19.305201
1212.664673	-19.193785
1213.155396	-19.081907
1213.646516	-18.969803
1214.138034	-18.857513
1214.629951	-18.745109
1215.122266	-18.632563
1215.614980	-18.519872
1216.108095	-18.407138
1216.601609	-18.294556
1217.095524	-18.182298
1217.589841	-18.070399
1218.084559	-17.958799
1218.579679	-17.847514
1219.075202	-17.736665
1219.571128	-17.626282
1220.067458	-17.516438
1220.564191	-17.407208
1221.061330	-17.298741
1221.558874	-17.190974
1222.056823	-17.083868
1222.555178	-16.977451
1223.053940	-16.871778
1223.553109	-16.766901
1224.052686	-16.662876
1224.552671	-16.559806
1225.053065	-16.457750
1225.553867	-16.356641
1226.055079	-16.256388
1226.556702	-16.157028
1227.058735	-16.058640
1227.561179	-15.961328
1228.064035	-15.865118
1228.567303	-15.770040
1229.070983	-15.676076
1229.575077	-15.583102
1230.079585	-15.491068
1230.584506	-15.400084
1231.089842	-15.310332
1231.595594	-15.221839
1232.101761	-15.134497
1232.608345	-15.048225
1233.115345	-14.962940
1233.622762	-14.878645
1234.130597	-14.795505
1234.638851	-14.713658
1235.147523	-14.633047
1235.656615	-14.553522
1236.166126	-14.474939
1236.676058	-14.397275
1237.186411	-14.320658
1237.697185	-14.245264
1238.208381	-14.171133
1238.719999	-14.098175
1239.232040	-14.026132
1239.744505	-13.954878
1240.257394	-13.884553
1240.770708	-13.815415
1241.284446	-13.747556
1241.798610	-13.680826
1242.313201	-13.614989
1242.828218	-13.549960
1243.343662	-13.485811
1243.859534	-13.422773
1244.375834	-13.361004
1244.892563	-13.300416
1245.409721	-13.240727
1245.927309	-13.181844
1246.445327	-13.123845
1246.963777	-13.066946
1247.482657	-13.011334
1248.001970	-12.956938
1248.521716	-12.903507
1249.041894	-12.850942
1249.562506	-12.799291
1250.083553	-12.748775
1250.605034	-12.699577
1251.126950	-12.651641
1251.649302	-12.604695
1252.172091	-12.558645
1252.695316	-12.513585
1253.218979	-12.469730
1253.743079	-12.427204
1254.267619	-12.385925
1254.792597	-12.345700
1255.318015	-12.306396
1255.843874	-12.268127
1256.370173	-12.231093
1256.896913	-12.195397
1257.424095	-12.160976
1257.951720	-12.127591
1258.479787	-12.095127
1259.008298	-12.063747
1259.537254	-12.033625
1260.066654	-12.004850
1260.596499	-11.977295
1261.126790	-11.950758
1261.657527	-11.925177
1262.188711	-11.900700
1262.720342	-11.877503
1263.252422	-11.855628
1263.784950	-11.834938
1264.317928	-11.815252
1264.851355	-11.796522
1265.385232	-11.778917
1265.919560	-11.762591
1266.454340	-11.747584
1266.989572	-11.733755
1267.525256	-11.720889
1268.061394	-11.708971
1268.597985	-11.698205
1269.135031	-11.688750
1269.672531	-11.680550
1270.210487	-11.673424
1270.748899	-11.667224
1271.287768	-11.662012
1271.827094	-11.657931
1272.366877	-11.655122
1272.907119	-11.653497
1273.447820	-11.652823
1273.988981	-11.652963
1274.530601	-11.653988
1275.072683	-11.656106
1275.615226	-11.659414
1276.158230	-11.663721
1276.701697	-11.668742
1277.245627	-11.674416
1277.790021	-11.680912
1278.334879	-11.688415
1278.880202	-11.696845
1279.425991	-11.705904
1279.972245	-11.715412
1280.518966	-11.725403
1281.066155	-11.736034
1281.613811	-11.747439
1282.161936	-11.759443
1282.710529	-11.771666
1283.259593	-11.783991
1283.809126	-11.796594
1284.359131	-11.809632
1284.909607	-11.823080
1285.460555	-11.836617
1286.011976	-11.849906
1286.563870	-11.863011
1287.116237	-11.876250
1287.669080	-11.889667
1288.222397	-11.902923
1288.776191	-11.915689
1289.330460	-11.927926
1289.885207	-11.939831
1290.440431	-11.951585
1290.996133	-11.963047
1291.552314	-11.973811
1292.108975	-11.983664
1292.666115	-11.992843
1293.223737	-12.001609
1293.781839	-12.009859
1294.340424	-12.017263
1294.899491	-12.023555
1295.459041	-12.028826
1296.019075	-12.033443
1296.579593	-12.037495
1297.140597	-12.040580
1297.702086	-12.042393
1298.264061	-12.043072
1298.826524	-12.042979
1299.389474	-12.042253
1299.952912	-12.040637
1300.516839	-12.037777
1301.081255	-12.033691
1301.646162	-12.028845
1302.211559	-12.023519
1302.777448	-12.017439
1303.343829	-12.010230
1303.910702	-12.001959
1304.478069	-11.993096
1305.045930	-11.983954
1305.614285	-11.974352
1306.183136	-11.963905
1306.752483	-11.952652
1307.322326	-11.941066
1307.892666	-11.929526
1308.463504	-11.917898
1309.034841	-11.905792
1309.606677	-11.893216
1310.179012	-11.880692
1310.751849	-11.868597
1311.325186	-11.856775
1311.899025	-11.844835
1312.473366	-11.832821
1313.048211	-11.821238
1313.623559	-11.810416
1314.199412	-11.800183
1314.775770	-11.790190
1315.352634	-11.780466
1315.930004	-11.771502
1316.507881	-11.763585
1317.086266	-11.756450
1317.665159	-11.749749
1318.244562	-11.743592
1318.824474	-11.738424
1319.404897	-11.734393
1319.985831	-11.731196
1320.567276	-11.728534
1321.149234	-11.726505
1321.731706	-11.725474
1322.314691	-11.725506
1322.898190	-11.726226
1323.482205	-11.727368
1324.066736	-11.729078
1324.651783	-11.731601
1325.237347	-11.734858
1325.823430	-11.738483
1326.410031	-11.742281
1326.997151	-11.746330
1327.584791	-11.750781
1328.172952	-11.755500
1328.761634	-11.760120
1329.350839	-11.764480
1329.940566	-11.768664
1330.530817	-11.772730
1331.121592	-11.776452
1331.712891	-11.779544
1332.304716	-11.781943
1332.897068	-11.783668
1333.489946	-11.784724
1334.083352	-11.784969
1334.677287	-11.784153
1335.271750	-11.782239
1335.866744	-11.779335
1336.462268	-11.775444
1337.058323	-11.770487
1337.654910	-11.764315
1338.252029	-11.756937
1338.849682	-11.748529
1339.447869	-11.739212
1340.046591	-11.728942
1340.645848	-11.717615
1341.245641	-11.705352
1341.845972	-11.692466
1342.446840	-11.679139
1343.048246	-11.665281
1343.650191	-11.650833
1344.252677	-11.636090
1344.855702	-11.621450
1345.459269	-11.607037
1346.063379	-11.592677
1346.668030	-11.578431
1347.273226	-11.564754
1347.878965	-11.551939
1348.485250	-11.539900
1349.092080	-11.528476
1349.699456	-11.517883
1350.307380	-11.508593
1350.915851	-11.500642
1351.524871	-11.493672
1352.134441	-11.487644
1352.744560	-11.482962
1353.355231	-11.479812
1353.966453	-11.477869
1354.578227	-11.476766
1355.190555	-11.476648
1355.803436	-11.477838
1356.416872	-11.480095
1357.030863	-11.482861
1357.645411	-11.485987
1358.260515	-11.489755
1358.876177	-11.494126
1359.492397	-11.498484
1360.109176	-11.502412
1360.726516	-11.506069
1361.344416	-11.509604
1361.962877	-11.512558
1362.581901	-11.514353
1363.201487	-11.515036
1363.821637	-11.514881
1364.442352	-11.513661
1365.063632	-11.510866
1365.685478	-11.506436
1366.307891	-11.500758
1366.930871	-11.493926
1367.554420	-11.485553
1368.178538	-11.475558
1368.803226	-11.464389
1369.428485	-11.452408
1370.054315	-11.439482
1370.680717	-11.425477
1371.307693	-11.410829
1371.935242	-11.396109
1372.563366	-11.381338
1373.192065	-11.366378
1373.821341	-11.351570
1374.451193	-11.337471
1375.081623	-11.324208
1375.712632	-11.311610
1376.344221	-11.299823
1376.976389	-11.289294
1377.609139	-11.280103
1378.242470	-11.272008
1378.876384	-11.264958
1379.510881	-11.259155
1380.145963	-11.254609
1380.781629	-11.250971
1381.417881	-11.247972
1382.054720	-11.245600
1382.692147	-11.243763
1383.330161	-11.242022
1383.968765	-11.240002
1384.607959	-11.237524
1385.247743	-11.234414
1385.888119	-11.230337
1386.529087	-11.224900
1387.170648	-11.217893
1387.812804	-11.209241
1388.455554	-11.198761
1389.098899	-11.186275
1389.742842	-11.171720
1390.387381	-11.155127
1391.032519	-11.136654
1391.678256	-11.116392
1392.324592	-11.094434
1392.971529	-11.071003
1393.619068	-11.046500
1394.267208	-11.021242
1394.915952	-10.995407
1395.565300	-10.969278
1396.215253	-10.943332
1396.865812	-10.917953
1397.516977	-10.893229
1398.168749	-10.869328
1398.821130	-10.846656
1399.474120	-10.825476
1400.127719	-10.805645
1400.781930	-10.787070
1401.436752	-10.769980
1402.092186	-10.754442
1402.748234	-10.739999
1403.404897	-10.726309
1404.062174	-10.713434
1404.720067	-10.701197
1405.378577	-10.688962
1406.037705	-10.676287
1406.697451	-10.663179
1407.357817	-10.649433
1408.018803	-10.634416
1408.680410	-10.617821
1409.342639	-10.599906
1410.005492	-10.580662
1410.668968	-10.559663
1411.333068	-10.537005
1411.997795	-10.513324
1412.663147	-10.488832
1413.329127	-10.463447
1413.995736	-10.437616
1414.662973	-10.412183
1415.330840	-10.387430
1415.999339	-10.363368
1416.668469	-10.340535
1417.338232	-10.319601
1418.008628	-10.300613
1418.679659	-10.283362
1419.351325	-10.268134
1420.023628	-10.255237
1420.696568	-10.244172
1421.370145	-10.234444
1422.044362	-10.226086
1422.719219	-10.218898
1423.394717	-10.212071
1424.070856	-10.205024
1424.747638	-10.197725
1425.425064	-10.189840
1426.103134	-10.180638
1426.781850	-10.169913
1427.461212	-10.157915
1428.141221	-10.144581
1428.821878	-10.129676
1429.503185	-10.113600
1430.185141	-10.097045
1430.867749	-10.080254
1431.551008	-10.063463
1432.234920	-10.047482
1432.919486	-10.033063
1433.604707	-10.020369
1434.290583	-10.009713
1434.977116	-10.001765
1435.664307	-9.996802
1436.352156	-9.994550
1437.040664	-9.994999
1437.729833	-9.998311
1438.419663	-10.004078
1439.110156	-10.011619
1439.801312	-10.020644
1440.493132	-10.030934
1441.185617	-10.041766
1441.878768	-10.052512
1442.572586	-10.063162
1443.267072	-10.073613
1443.962228	-10.083486
1444.658053	-10.092919
1445.354549	-10.102554
1446.051717	-10.112746
1446.749558	-10.123790
1447.448073	-10.136534
1448.147263	-10.151865
1448.847128	-10.170197
1449.547671	-10.191911
1450.248891	-10.217669
1450.950789	-10.247708
1451.653368	-10.281677
1452.356627	-10.319316
1453.060568	-10.360333
1453.765192	-10.403832
1454.470500	-10.448671
1455.176492	-10.493978
1455.883170	-10.538787
1456.590534	-10.581866
1457.298586	-10.622281
1458.007327	-10.659628
1458.716758	-10.693573
1459.426880	-10.723942
1460.137693	-10.751206
1460.849199	-10.776328
1461.561398	-10.800190
1462.274293	-10.823828
1462.987883	-10.848742
1463.702170	-10.876261
1464.417155	-10.907232
1465.132838	-10.942461
1465.849222	-10.982665
1466.566306	-11.027841
1467.284093	-11.077443
1468.002582	-11.130928
1468.721775	-11.187464
1469.441674	-11.245569
1470.162278	-11.303815
1470.883590	-11.361256
1471.605609	-11.416736
1472.328338	-11.469104
1473.051777	-11.518080
1473.775928	-11.563708
1474.500790	-11.605731
1475.226367	-11.644308
1475.952657	-11.680010
1476.679663	-11.712723
1477.407386	-11.741768
1478.135826	-11.766667
1478.864985	-11.786303
1479.594863	-11.798472
1480.325463	-11.801077
1481.056784	-11.792158
1481.788828	-11.769067
1482.521597	-11.729538
1483.255090	-11.672533
1483.989309	-11.597350
1484.724256	-11.503923
1485.459931	-11.393971
1486.196336	-11.270224
1486.933471	-11.135754
1487.671337	-10.994739
1488.409937	-10.852111
1489.149270	-10.712221
1489.889337	-10.579177
1490.630141	-10.457084
1491.371682	-10.348826
1492.113961	-10.256025
1492.856979	-10.179897
1493.600738	-10.120617
1494.345238	-10.077024
1495.090481	-10.047746
1495.836467	-10.031202
1496.583198	-10.025101
1497.330675	-10.027304
1498.078899	-10.036179
1498.827872	-10.049742
1499.577593	-10.065851
1500.328065	-10.082613
1501.079289	-10.097474
1501.831265	-10.106920
1502.583995	-10.107193
1503.337480	-10.093904
1504.091721	-10.061958
1504.846719	-10.006683
1505.602475	-9.924176
1506.358991	-9.811331
1507.116268	-9.666866
1507.874306	-9.491644
1508.633108	-9.288208
1509.392673	-9.061011
1510.153004	-8.816309
1510.914101	-8.561237
1511.675965	-8.303474
1512.438599	-8.051019
1513.202002	-7.811381
1513.966176	-7.591169
1514.731122	-7.396081
1515.496842	-7.230600
1516.263336	-7.097835
1517.030607	-6.999866
1517.798654	-6.937953
1518.567479	-6.912721
1519.337083	-6.924699
1520.107468	-6.974848
1520.878634	-7.064749
1521.650584	-7.196904
1522.423317	-7.374987
1523.196836	-7.603696
1523.971141	-7.888449
1524.746233	-8.235260
1525.522115	-8.650392
1526.298786	-9.139864
1527.076249	-9.709348
1527.854504	-10.364179
1528.633553	-11.108995
1529.413397	-11.947704
1530.194037	-12.883448
1530.975474	-13.916992
1531.757709	-15.042927
1532.540745	-16.241233
1533.324581	-17.458328
1534.109220	-18.576179
1534.894662	-19.393484
1535.680909	-19.690320
1536.467961	-19.399389
1537.255821	-18.681323
1538.044489	-17.781246
1538.833967	-16.883119
1539.624256	-16.085474
1540.415357	-15.431378
1541.207271	-14.935327
1542.000000	-14.598217
1542.793545	-14.415849
1543.587907	-14.383138
1544.383087	-14.496209
1545.179088	-14.755303
1545.975909	-15.167771
1546.773552	-15.750703
1547.572019	-16.535836
1548.371311	-17.577222
1549.171428	-18.964184
1549.972373	-20.852049
1550.774147	-23.540680
1551.576751	-27.686725
1552.380185	-33.902784
1553.184453	-30.920412
1553.989554	-25.125897
1554.795490	-21.400754
1555.602263	-18.769428
1556.409873	-16.764685
1557.218322	-15.160424
1558.027612	-13.832124
1558.837743	-12.705779
1559.648717	-11.735815
1560.460536	-10.893751
1561.273200	-10.161911
1562.086710	-9.528896
1562.901069	-8.986150
1563.716278	-8.526032
1564.532337	-8.140607
1565.349249	-7.821047
1566.167014	-7.558138
1566.985634	-7.343115
1567.805111	-7.168460
1568.625444	-7.028947
1569.446637	-6.922023
1570.268690	-6.847286
1571.091605	-6.805700
1571.915382	-6.798282
1572.740024	-6.824663
1573.565532	-6.882427
1574.391907	-6.966952
1575.219150	-7.071849
1576.047262	-7.190480
1576.876246	-7.317486
1577.706103	-7.449906
1578.536833	-7.587808
1579.368439	-7.733500
1580.200922	-7.889780
1581.034282	-8.058295
1581.868522	-8.237953
1582.703643	-8.424406
1583.539646	-8.611212
1584.376532	-8.791691
1585.214304	-8.961302
1586.052962	-9.119645
1586.892508	-9.270379
1587.732943	-9.419584
1588.574269	-9.573245
1589.416487	-9.734270
1590.259599	-9.901073
1591.103605	-10.068084
1591.948508	-10.227603
1592.794309	-10.373228
1593.641009	-10.502900
1594.488609	-10.619721
1595.337112	-10.730737
1596.186518	-10.843643
1597.036829	-10.962922
1597.888047	-11.087790
1598.740172	-11.212143
1599.593207	-11.326812
1600.447153	-11.423981
1601.302010	-11.500908
1602.157782	-11.561384
1603.014469	-11.614385
1603.872072	-11.669723
1604.730593	-11.733655
1605.590034	-11.806453
1606.450397	-11.882154
1607.311681	-11.951675
1608.173890	-12.007617
1609.037024	-12.048025
1609.901085	-12.078119
1610.766075	-12.108030
1611.631995	-12.147883
1612.498846	-12.203595
1613.366630	-12.273988
1614.235349	-12.351316
1615.105004	-12.425245
1615.975596	-12.487592
1616.847128	-12.536842
1617.719600	-12.579159
1618.593014	-12.624933
1619.467372	-12.683905
1620.342675	-12.760081
1621.218924	-12.849529
1622.096122	-12.942467
1622.974270	-13.027685
1623.853369	-13.098639
1624.733420	-13.157349
1625.614427	-13.213287
1626.496389	-13.278887
1627.379308	-13.363031
1628.263187	-13.466485
1629.148026	-13.581745
1630.033828	-13.696402
1630.920593	-13.799886
1631.808324	-13.889543
1632.697022	-13.972096
1633.586688	-14.060303
1634.477324	-14.165567
1635.368932	-14.291443
1636.261514	-14.431382
1637.155070	-14.571188
1638.049602	-14.696518
1638.945113	-14.800921
1639.841603	-14.889567
1640.739075	-14.976430
1641.637529	-15.075625
1642.536968	-15.193065
1643.437393	-15.322748
1644.338806	-15.449394
1645.241209	-15.557370
1646.144602	-15.640368
1647.048988	-15.705923
1647.954368	-15.771303
1648.860744	-15.852805
1649.768118	-15.956108
1650.676491	-16.072572
1651.585865	-16.183649
1652.496241	-16.272243
1653.407621	-16.333656
1654.320008	-16.378945
1655.233401	-16.427455
1656.147804	-16.493403
1657.063218	-16.576154
1657.979645	-16.659219
1658.897085	-16.719762
1659.815542	-16.743766
1660.735016	-16.735782
1661.655509	-16.716069
1662.577023	-16.706281
1663.499560	-16.714786
1664.423121	-16.731593
1665.347709	-16.735234
1666.273324	-16.708910
1667.199969	-16.653884
1668.127645	-16.589572
1669.056353	-16.540250
1669.986097	-16.518124
1670.916877	-16.515503
1671.848695	-16.510157
1672.781553	-16.481397
1673.715452	-16.426044
1674.650395	-16.360579
1675.586383	-16.308020
1676.523418	-16.279748
1677.461501	-16.266332
1678.400635	-16.243892
1679.340821	-16.191982
1680.282061	-16.110311
1681.224357	-16.019081
1682.167710	-15.942547
1683.112122	-15.890209
1684.057595	-15.849910
1685.004132	-15.798188
1685.951732	-15.720193
1686.900400	-15.623078
1687.850135	-15.530463
1688.800940	-15.462650
1689.752818	-15.420283
1690.705768	-15.383872
1691.659795	-15.330019
1692.614898	-15.251822
1693.571081	-15.164970
1694.528345	-15.093703
1695.486691	-15.049483
1696.446122	-15.021207
1697.406640	-14.984886
1698.368245	-14.925262
1699.330941	-14.850423
1700.294729	-14.784397
1701.259611	-14.745100
1702.225588	-14.728043
1703.192664	-14.709927
1704.160838	-14.669774
1705.130114	-14.608609
1706.100493	-14.548093
1707.071977	-14.508773
1708.044568	-14.489811
1709.018268	-14.469113
1709.993079	-14.424292
1710.969003	-14.355294
1711.946041	-14.284779
1712.924196	-14.235609
1713.903469	-14.208628
1714.883862	-14.182282
1715.865378	-14.134784
1716.848017	-14.067273
1717.831783	-14.003045
1718.816677	-13.963155
1719.802701	-13.944529
1720.789857	-13.922722
1721.778147	-13.877227
1722.767573	-13.813686
1723.758136	-13.757737
1724.749840	-13.727197
1725.742685	-13.713013
1726.736673	-13.688955
1727.731808	-13.640720
1728.728090	-13.582514
1729.725521	-13.541265
1730.724105	-13.526384
1731.723842	-13.518983
1732.724735	-13.492521
1733.726785	-13.443149
1734.729995	-13.394213
1735.734366	-13.368643
1736.739902	-13.362161
1737.746603	-13.347761
1738.754472	-13.307439
1739.763510	-13.254289
1740.773721	-13.216906
1741.785105	-13.205103
1742.797665	-13.198032
1743.811403	-13.169207
1744.826321	-13.119431
1745.842422	-13.076183
1746.859706	-13.059407
1747.878177	-13.056864
1748.897835	-13.039126
1749.918685	-12.996941
1750.940726	-12.953544
1751.963963	-12.934647
1752.988395	-12.935315
1754.014027	-12.925643
1755.040860	-12.889307
1756.068895	-12.845279
1757.098135	-12.822521
1758.128583	-12.821616
1759.160240	-12.813862
1760.193109	-12.779808
1761.227191	-12.736257
1762.262488	-12.713481
1763.299004	-12.713880
1764.336740	-12.708399
1765.375697	-12.676155
1766.415880	-12.633748
1767.457288	-12.611725
1768.499926	-12.611716
1769.543794	-12.604297
1770.588895	-12.571041
1771.635231	-12.531654
1772.682805	-12.515517
1773.731619	-12.519290
1774.781674	-12.511412
1775.832973	-12.477864
1776.885519	-12.442550
1777.939312	-12.431099
1778.994357	-12.432827
1780.050654	-12.417102
1781.108207	-12.380333
1782.167017	-12.351927
1783.227087	-12.349466
1784.288418	-12.352131
1785.351013	-12.332617
1786.414875	-12.299187
1787.480006	-12.281640
1788.546407	-12.283750
1789.614082	-12.277572
1790.683032	-12.248630
1791.753259	-12.219954
1792.824767	-12.215145
1793.897557	-12.220668
1794.971632	-12.208004
1796.046994	-12.180115
1797.123645	-12.165390
1798.201588	-12.169323
1799.280824	-12.165167
1800.361357	-12.139488
1801.443188	-12.116002
1802.526320	-12.115860
1803.610756	-12.122138
1804.696497	-12.108850
1805.783546	-12.085503
1806.871906	-12.079358
1807.961578	-12.086516
1809.052565	-12.078050
1810.144870	-12.051592
1811.238494	-12.036863
1812.333441	-12.043885
1813.429713	-12.045766
1814.527311	-12.026838
1815.626239	-12.010341
1816.726499	-12.014749
1817.828094	-12.018890
1818.931025	-12.000226
1820.035295	-11.977231
1821.140906	-11.976406
1822.247862	-11.984518
1823.356165	-11.973928
1824.465816	-11.954014
1825.576819	-11.951782
1826.689175	-11.959136
1827.802888	-11.947776
1828.917960	-11.924017
1830.034394	-11.917631
1831.152191	-11.925775
1832.271354	-11.919914
1833.391887	-11.901599
1834.513790	-11.897589
1835.637068	-11.904824
1836.761722	-11.895757
1837.887755	-11.874197
1839.015169	-11.869017
1840.143968	-11.877401
1841.274153	-11.871711
1842.405727	-11.855800
1843.538693	-11.855483
1844.673053	-11.863180
1845.808810	-11.852506
1846.945966	-11.834139
1848.084525	-11.835565
1849.224488	-11.845232
1850.365858	-11.837289
1851.508638	-11.825425
1852.652831	-11.831797
1853.798438	-11.837891
1854.945463	-11.823823
1856.093909	-11.812755
1857.243777	-11.822860
1858.395071	-11.829319
1859.547794	-11.818294
1860.701947	-11.815466
1861.857533	-11.826815
1863.014556	-11.824353
1864.173018	-11.809920
1865.332922	-11.813408
1866.494270	-11.826899
1867.657065	-11.822473
1868.821309	-11.814441
1869.987006	-11.824310
1871.154158	-11.829527
1872.322768	-11.816336
1873.492839	-11.814918
1874.664373	-11.831156
1875.837373	-11.832096
1877.011841	-11.821465
1878.187782	-11.829119
1879.365197	-11.838904
1880.544089	-11.827822
1881.724460	-11.824205
1882.906315	-11.841717
1884.089655	-11.845409
1885.274483	-11.834100
1886.460803	-11.841300
1887.648616	-11.852411
1888.837927	-11.842535
1890.028736	-11.841421
1891.221049	-11.860337
1892.414866	-11.861687
1893.610192	-11.851136
1894.807028	-11.862275
1896.005379	-11.871591
1897.205246	-11.860809
1898.406633	-11.866812
1899.609542	-11.886210
1900.813977	-11.880448
1902.019940	-11.873956
1903.227434	-11.891031
1904.436462	-11.894121
1905.647028	-11.885250
1906.859133	-11.901436
1908.072781	-11.913578
1909.287976	-11.901161
1910.504719	-11.907387
1911.723013	-11.924802
1912.942863	-11.918084
1914.164270	-11.921427
1915.387238	-11.942729
1916.611770	-11.938167
1917.837868	-11.933002
1919.065536	-11.954677
1920.294777	-11.958835
1921.525594	-11.953524
1922.757989	-11.974729
1923.991967	-11.981833
1925.227529	-11.972050
1926.464679	-11.991617
1927.703420	-12.006801
1928.943755	-11.999992
1930.185688	-12.017292
1931.429221	-12.032739
1932.674356	-12.024560
1933.921099	-12.042164
1935.169451	-12.063548
1936.419415	-12.058032
1937.670996	-12.073338
1938.924195	-12.093013
1940.179017	-12.087526
1941.435463	-12.105650
1942.693538	-12.128946
1943.953245	-12.123976
1945.214586	-12.139910
1946.477566	-12.160520
1947.742186	-12.157482
1949.008451	-12.178471
1950.276363	-12.198807
1951.545926	-12.193768
1952.817143	-12.214278
1954.090017	-12.232755
1955.364551	-12.231433
1956.640749	-12.256241
1957.918615	-12.270469
1959.198150	-12.268222
1960.479359	-12.294196
1961.762244	-12.307191
1963.046810	-12.311186
1964.333059	-12.337411
1965.620995	-12.342997
1966.910621	-12.351071
1968.201940	-12.379465
1969.494956	-12.384130
1970.789672	-12.397329
1972.086091	-12.419775
1973.384217	-12.422034
1974.684053	-12.444294
1975.985602	-12.464102
1977.288869	-12.466277
1978.593855	-12.490209
1979.900566	-12.503668
1981.209003	-12.513637
1982.519171	-12.540803
1983.831073	-12.547051
1985.144712	-12.561907
1986.460093	-12.587331
1987.777217	-12.594817
1989.096089	-12.617996
1990.416713	-12.635299
1991.739092	-12.644543
1993.063228	-12.673969
1994.389127	-12.687939
1995.716791	-12.704594
1997.046223	-12.730413
1998.377428	-12.741918
1999.710409	-12.770078
2001.045169	-12.791503
2002.381713	-12.805164
2003.720043	-12.835924
2005.060163	-12.852749
2006.402077	-12.877878
2007.745788	-12.904845
2009.091301	-12.918889
2010.438618	-12.951663
2011.787743	-12.973076
2013.138680	-12.995594
2014.491433	-13.025399
2015.846005	-13.041640
2017.202399	-13.075524
2018.560621	-13.098047
2019.920673	-13.119627
2021.282558	-13.151918
2022.646281	-13.169965
2024.011846	-13.204306
2025.379256	-13.225586
2026.748515	-13.249594
2028.119626	-13.283557
2029.492594	-13.301846
2030.867422	-13.336995
2032.244114	-13.356671
2033.622673	-13.386424
2035.003104	-13.418242
2036.385411	-13.436977
2037.769597	-13.473726
2039.155665	-13.492196
2040.543621	-13.528291
2041.933467	-13.552677
2043.325208	-13.577194
2044.718847	-13.613571
2046.114389	-13.632001
2047.511837	-13.671455
2048.911195	-13.689072
2050.312467	-13.725481
2051.715657	-13.753687
2053.120769	-13.779050
2054.527807	-13.816409
2055.936775	-13.836830
2057.347677	-13.880496
2058.760516	-13.899401
2060.175297	-13.940379
2061.592025	-13.968478
2063.010701	-14.003285
2064.431332	-14.039234
2065.853921	-14.067025
2067.278472	-14.113254
2068.704988	-14.137208
2070.133475	-14.185016
2071.563936	-14.211389
2072.996375	-14.259352
2074.430796	-14.289995
2075.867204	-14.332855
2077.305603	-14.372230
2078.745996	-14.410243
2080.188389	-14.455377
2081.632784	-14.488638
2083.079187	-14.541098
2084.527601	-14.571173
2085.978030	-14.624822
2087.430480	-14.656950
2088.884954	-14.710748
2090.341455	-14.744624
2091.799990	-14.795323
2093.260561	-14.833783
2094.723173	-14.881555
2096.187831	-14.922688
2097.654538	-14.967997
2099.123300	-15.013011
2100.594119	-15.054246
2102.067001	-15.102440
2103.541950	-15.142238
2105.018971	-15.191431
2106.498067	-15.229767
2107.979243	-15.281510
2109.462503	-15.319782
2110.947853	-15.371242
2112.435295	-15.408817
2113.924836	-15.462674
2115.416478	-15.500869
2116.910227	-15.556451
2118.406087	-15.589236
2119.904063	-15.649968
2121.404158	-15.687191
2122.906378	-15.741334
2124.410727	-15.782004
2125.917210	-15.836796
2127.425831	-15.878055
2128.936594	-15.934680
2130.449505	-15.975677
2131.964567	-16.034125
2133.481786	-16.077192
2135.001166	-16.134743
2136.522711	-16.180157
2138.046427	-16.242322
2139.572317	-16.287678
2141.100388	-16.351167
2142.630642	-16.399367
2144.163085	-16.465045
2145.697722	-16.515414
2147.234558	-16.582647
2148.773596	-16.636175
2150.314842	-16.703029
2151.858301	-16.761604
2153.403977	-16.825887
2154.951875	-16.889310
2156.502000	-16.951899
2158.054357	-17.020474
2159.608950	-17.079079
2161.165785	-17.153126
2162.724866	-17.208570
2164.286198	-17.285352
2165.849786	-17.338507
2167.415635	-17.416173
2168.983749	-17.470480
2170.554134	-17.545553
2172.126795	-17.602016
2173.701737	-17.670313
2175.278964	-17.732980
2176.858481	-17.793752
2178.440294	-17.863359
2180.024408	-17.917604
2181.610827	-17.991580
2183.199557	-18.042555
2184.790602	-18.116646
2186.383968	-18.171817
2187.979660	-18.243125
2189.577683	-18.305174
2191.178041	-18.369812
2192.780741	-18.439844
2194.385787	-18.500138
2195.993185	-18.574888
2197.602939	-18.636110
2199.215054	-18.703489
