# 2022-03-14_09.25.35
# shape = sech2
# FWHM_ps = 0.2
# carrier_nm = 1542
# frep_MHz = 12126
# pow_mW = 4500
# GDD = 0.0
# propa_len = 0.19
# untap_len = 0.01
# taper_len = 0.12
# waist_len = 0.02
# uptap_len = 0.02
# untap_scale = 1.0
# waist_scale = 0.1
# workingDir = NL_20110305_12 (Spirou)
# axis = slow
# window_ps = 10.0
# steps = 200
# points = 13000
# 
# wavelength [nm]	 power spectral density [dB]
1000.248639	-62.544114
1000.582480	-64.565370
1000.916545	-65.009805
1001.250832	-62.732081
1001.585343	-62.186207
1001.920077	-64.055705
1002.255035	-65.057351
1002.590218	-62.390472
1002.925624	-61.606895
1003.261255	-64.045988
1003.597111	-64.728385
1003.933192	-61.795369
1004.269497	-61.518816
1004.606029	-63.875890
1004.942785	-64.124589
1005.279768	-61.633484
1005.616977	-61.284567
1005.954412	-63.499614
1006.292074	-63.915816
1006.629962	-61.168927
1006.968077	-61.091145
1007.306420	-63.614898
1007.644990	-63.185699
1007.983787	-60.989559
1008.322813	-61.131531
1008.662067	-63.162334
1009.001549	-62.909034
1009.341259	-60.697288
1009.681199	-60.952010
1010.021367	-63.157653
1010.361765	-62.222673
1010.702392	-60.529962
1011.043250	-60.987062
1011.384337	-62.658145
1011.725654	-61.928710
1012.067202	-60.240934
1012.408980	-60.873790
1012.750989	-62.488533
1013.093230	-61.269470
1013.435702	-60.141296
1013.778405	-60.783114
1014.121341	-62.038273
1014.464508	-60.929755
1014.807908	-59.845274
1015.151540	-60.825621
1015.495405	-61.636933
1015.839503	-60.451079
1016.183835	-59.829042
1016.528400	-60.664426
1016.873198	-61.313033
1017.218231	-60.024392
1017.563498	-59.714799
1017.908999	-60.676293
1018.254735	-60.745711
1018.600707	-59.784741
1018.946913	-59.610672
1019.293354	-60.553157
1019.640032	-60.273618
1019.986945	-59.462997
1020.334094	-59.641556
1020.681480	-60.226578
1021.029102	-59.883051
1021.376961	-59.185737
1021.725058	-59.587439
1022.073391	-59.894595
1022.421962	-59.408395
1022.770772	-59.052698
1023.119819	-59.406139
1023.469104	-59.568775
1023.818628	-58.982477
1024.168391	-58.924360
1024.518393	-59.225079
1024.868634	-59.168445
1025.219115	-58.686103
1025.569836	-58.769555
1025.920796	-59.032783
1026.271997	-58.739628
1026.623438	-58.432157
1026.975121	-58.608604
1027.327044	-58.770259
1027.679208	-58.353307
1028.031614	-58.231477
1028.384262	-58.433156
1028.737152	-58.463221
1029.090284	-57.984086
1029.443659	-57.980888
1029.797276	-58.264571
1030.151137	-58.066107
1030.505240	-57.636102
1030.859587	-57.770998
1031.214178	-58.058434
1031.569013	-57.623771
1031.924093	-57.311744
1032.279417	-57.621024
1032.634985	-57.768341
1032.990799	-57.156765
1033.346858	-57.039769
1033.703162	-57.498761
1034.059712	-57.350409
1034.416509	-56.699373
1034.773551	-56.899496
1035.130841	-57.324321
1035.488377	-56.848001
1035.846160	-56.361542
1036.204190	-56.836583
1036.562468	-56.995110
1036.920994	-56.315617
1037.279768	-56.154184
1037.638790	-56.742366
1037.998061	-56.516354
1038.357581	-55.874962
1038.717350	-56.080327
1039.077368	-56.510066
1039.437636	-55.976871
1039.798154	-55.590825
1040.158922	-55.995742
1040.519940	-56.104291
1040.881209	-55.493870
1041.242729	-55.433697
1041.604501	-55.806968
1041.966524	-55.629331
1042.328798	-55.160476
1042.691325	-55.275043
1043.054103	-55.506311
1043.417135	-55.196420
1043.780419	-54.890961
1044.143956	-55.073185
1044.507746	-55.175754
1044.871791	-54.846098
1045.236088	-54.621141
1045.600641	-54.875023
1045.965447	-54.868289
1046.330508	-54.465169
1046.695824	-54.394090
1047.061395	-54.715209
1047.427222	-54.478532
1047.793304	-54.104887
1048.159642	-54.299557
1048.526237	-54.442278
1048.893088	-54.014826
1049.260196	-53.927461
1049.627561	-54.173640
1049.995183	-53.977110
1050.363063	-53.736666
1050.731201	-53.825459
1051.099597	-53.777745
1051.468251	-53.645794
1051.837164	-53.616726
1052.206336	-53.449036
1052.575767	-53.457957
1052.945458	-53.545803
1053.315409	-53.193644
1053.685619	-53.109979
1054.056090	-53.442446
1054.426821	-53.101048
1054.797814	-52.756750
1055.169067	-53.165061
1055.540582	-53.057468
1055.912359	-52.556556
1056.284398	-52.778575
1056.656698	-52.887199
1057.029262	-52.487762
1057.402088	-52.469166
1057.775177	-52.518204
1058.148530	-52.393186
1058.522146	-52.314743
1058.896027	-52.111099
1059.270171	-52.145729
1059.644580	-52.205154
1060.019254	-51.814140
1060.394193	-51.791920
1060.769397	-51.981009
1061.144867	-51.652076
1061.520602	-51.495317
1061.896604	-51.576616
1062.272872	-51.492455
1062.649407	-51.342362
1063.026210	-51.125899
1063.403279	-51.221817
1063.780616	-51.265457
1064.158221	-50.797160
1064.536094	-50.846582
1064.914235	-51.100281
1065.292645	-50.658015
1065.671325	-50.504094
1066.050273	-50.742037
1066.429491	-50.636745
1066.808979	-50.302524
1067.188738	-50.265369
1067.568766	-50.566396
1067.949066	-50.230902
1068.329636	-49.880958
1068.710478	-50.308451
1069.091592	-50.205999
1069.472977	-49.713115
1069.854635	-49.888559
1070.236565	-50.098245
1070.618768	-49.735259
1071.001243	-49.471409
1071.383993	-49.839704
1071.767016	-49.802852
1072.150313	-49.219774
1072.533884	-49.474362
1072.917730	-49.728586
1073.301850	-49.196272
1073.686246	-49.080139
1074.070917	-49.463132
1074.455864	-49.288992
1074.841087	-48.780729
1075.226586	-49.089282
1075.612362	-49.295133
1075.998415	-48.661505
1076.384745	-48.691599
1076.771353	-49.083561
1077.158238	-48.699272
1077.545401	-48.349294
1077.932843	-48.728935
1078.320564	-48.731004
1078.708564	-48.120916
1079.096842	-48.332999
1079.485401	-48.595717
1079.874240	-48.057744
1080.263358	-47.950430
1080.652757	-48.315161
1081.042438	-48.061523
1081.432399	-47.635571
1081.822641	-47.974440
1082.213166	-47.972461
1082.603972	-47.468192
1082.995061	-47.603692
1083.386433	-47.781679
1083.778087	-47.391246
1084.170025	-47.241961
1084.562246	-47.529346
1084.954751	-47.272995
1085.347541	-46.977502
1085.740615	-47.199075
1086.133973	-47.105342
1086.527617	-46.783678
1086.921546	-46.825679
1087.315761	-46.893554
1087.710262	-46.566277
1088.105050	-46.504143
1088.500124	-46.594271
1088.895485	-46.351678
1089.291134	-46.211357
1089.687070	-46.261259
1090.083294	-46.130170
1090.479806	-45.919501
1090.876607	-45.955402
1091.273696	-45.863093
1091.671075	-45.686917
1092.068744	-45.658660
1092.466702	-45.617130
1092.864950	-45.463419
1093.263489	-45.401292
1093.662319	-45.401332
1094.061440	-45.266851
1094.460852	-45.207069
1094.860555	-45.187230
1095.260551	-45.117999
1095.660840	-45.022552
1096.061421	-45.026247
1096.462295	-44.971539
1096.863462	-44.883216
1097.264923	-44.864073
1097.666678	-44.833803
1098.068727	-44.754793
1098.471071	-44.700879
1098.873710	-44.698810
1099.276644	-44.614394
1099.679874	-44.553509
1100.083400	-44.524934
1100.487222	-44.485011
1100.891340	-44.383402
1101.295756	-44.354171
1101.700468	-44.319298
1102.105478	-44.223006
1102.510787	-44.154226
1102.916393	-44.135060
1103.322298	-44.047576
1103.728502	-43.945322
1104.135005	-43.925683
1104.541807	-43.856288
1104.948909	-43.735592
1105.356312	-43.679547
1105.764015	-43.650122
1106.172019	-43.515785
1106.580324	-43.430154
1106.988931	-43.408385
1107.397840	-43.301680
1107.807051	-43.166554
1108.216564	-43.153898
1108.626380	-43.075953
1109.036500	-42.918045
1109.446923	-42.875924
1109.857649	-42.854083
1110.268680	-42.678045
1110.680016	-42.602821
1111.091657	-42.615861
1111.503602	-42.464851
1111.915854	-42.334896
1112.328411	-42.378328
1112.741275	-42.263464
1113.154445	-42.093342
1113.567922	-42.132311
1113.981706	-42.078956
1114.395798	-41.873765
1114.810198	-41.888168
1115.224906	-41.895993
1115.639923	-41.680170
1116.055249	-41.649049
1116.470884	-41.704788
1116.886829	-41.504705
1117.303084	-41.413970
1117.719650	-41.500901
1118.136526	-41.334200
1118.553713	-41.190134
1118.971212	-41.276241
1119.389022	-41.162998
1119.807145	-40.968286
1120.225580	-41.040592
1120.644328	-40.975343
1121.063389	-40.758831
1121.482763	-40.787133
1121.902452	-40.777215
1122.322454	-40.549852
1122.742771	-40.534926
1123.163404	-40.561025
1123.584351	-40.351470
1124.005614	-40.284221
1124.427193	-40.335651
1124.849089	-40.155761
1125.271301	-40.048732
1125.693830	-40.103926
1126.116677	-39.964363
1126.539842	-39.824946
1126.963324	-39.871862
1127.387126	-39.773352
1127.811246	-39.615370
1128.235685	-39.639365
1128.660444	-39.576991
1129.085522	-39.414336
1129.510922	-39.407887
1129.936641	-39.373533
1130.362682	-39.217407
1130.789044	-39.177372
1131.215728	-39.161251
1131.642734	-39.022827
1132.070063	-38.950228
1132.497714	-38.942691
1132.925689	-38.826945
1133.353987	-38.727829
1133.782610	-38.722520
1134.211556	-38.630927
1134.640827	-38.510933
1135.070424	-38.500924
1135.500345	-38.432805
1135.930593	-38.300994
1136.361166	-38.281427
1136.792067	-38.230440
1137.223294	-38.093967
1137.654848	-38.062448
1138.086730	-38.024036
1138.518940	-37.890930
1138.951479	-37.844551
1139.384346	-37.812168
1139.817543	-37.689895
1140.251069	-37.627211
1140.684925	-37.599774
1141.119111	-37.491912
1141.553628	-37.412115
1141.988475	-37.387884
1142.423655	-37.295589
1142.859166	-37.200406
1143.295009	-37.181499
1143.731185	-37.098384
1144.167694	-36.993376
1144.604536	-36.978566
1145.041711	-36.900137
1145.479221	-36.792251
1145.917065	-36.777734
1146.355245	-36.699345
1146.793759	-36.597148
1147.232609	-36.575374
1147.671795	-36.499448
1148.111317	-36.405489
1148.551177	-36.371826
1148.991373	-36.302002
1149.431907	-36.214884
1149.872779	-36.168075
1150.313989	-36.106845
1150.755538	-36.021687
1151.197426	-35.966859
1151.639653	-35.910632
1152.082220	-35.826849
1152.525128	-35.768248
1152.968376	-35.710974
1153.411966	-35.631760
1153.855897	-35.569545
1154.300169	-35.509381
1154.744784	-35.438466
1155.189742	-35.367741
1155.635042	-35.309083
1156.080687	-35.243916
1156.526674	-35.164642
1156.973007	-35.110887
1157.419683	-35.045938
1157.866705	-34.962799
1158.314072	-34.912214
1158.761786	-34.845613
1159.209845	-34.763597
1159.658251	-34.711212
1160.107004	-34.645300
1160.556104	-34.563897
1161.005553	-34.510658
1161.455349	-34.445618
1161.905494	-34.363873
1162.355989	-34.311787
1162.806832	-34.245339
1163.258026	-34.165876
1163.709570	-34.114142
1164.161464	-34.045437
1164.613710	-33.970999
1165.066307	-33.916446
1165.519256	-33.848548
1165.972558	-33.777629
1166.426212	-33.720603
1166.880219	-33.654205
1167.334580	-33.585856
1167.789295	-33.528057
1168.244364	-33.461020
1168.699788	-33.398238
1169.155567	-33.335959
1169.611702	-33.271965
1170.068193	-33.211807
1170.525041	-33.146580
1170.982245	-33.085615
1171.439807	-33.026665
1171.897726	-32.959181
1172.356004	-32.900728
1172.814640	-32.843426
1173.273635	-32.772152
1173.732989	-32.717965
1174.192703	-32.659850
1174.652778	-32.586407
1175.113213	-32.536536
1175.574009	-32.475758
1176.035167	-32.401058
1176.496687	-32.355851
1176.958569	-32.290292
1177.420814	-32.217547
1177.883422	-32.173481
1178.346394	-32.104677
1178.809730	-32.033677
1179.273430	-31.991390
1179.737496	-31.917782
1180.201927	-31.850203
1180.666723	-31.808278
1181.131886	-31.729646
1181.597416	-31.668425
1182.063312	-31.622558
1182.529576	-31.542409
1182.996209	-31.485877
1183.463209	-31.436179
1183.930579	-31.355593
1184.398317	-31.302932
1184.866426	-31.248944
1185.334904	-31.168922
1185.803754	-31.120321
1186.272974	-31.060265
1186.742566	-30.983425
1187.212529	-30.936579
1187.682865	-30.871498
1188.153574	-30.798244
1188.624656	-30.751930
1189.096112	-30.682269
1189.567942	-30.613539
1190.040147	-30.565836
1190.512726	-30.492632
1190.985681	-30.428499
1191.459012	-30.377894
1191.932720	-30.302322
1192.406804	-30.242926
1192.881265	-30.187314
1193.356104	-30.111580
1193.831322	-30.055844
1194.306918	-29.994136
1194.782893	-29.920483
1195.259248	-29.866085
1195.735982	-29.798962
1196.213097	-29.729186
1196.690593	-29.672986
1197.168471	-29.603056
1197.646730	-29.536899
1198.125371	-29.477402
1198.604395	-29.407207
1199.083803	-29.343092
1199.563594	-29.281201
1200.043769	-29.210973
1200.524329	-29.148801
1201.005273	-29.084495
1201.486604	-29.015498
1201.968320	-28.954351
1202.450422	-28.887599
1202.932912	-28.821669
1203.415789	-28.759325
1203.899054	-28.691856
1204.382707	-28.628611
1204.866748	-28.564363
1205.351179	-28.498017
1205.836000	-28.435378
1206.321211	-28.370795
1206.806812	-28.305142
1207.292805	-28.242748
1207.779189	-28.178907
1208.265965	-28.112871
1208.753134	-28.051613
1209.240696	-27.988361
1209.728651	-27.921591
1210.217000	-27.862563
1210.705744	-27.799120
1211.194883	-27.732437
1211.684417	-27.675635
1212.174347	-27.611160
1212.664673	-27.546443
1213.155396	-27.490321
1213.646516	-27.425280
1214.138034	-27.363572
1214.629951	-27.306537
1215.122266	-27.242000
1215.614980	-27.182423
1216.108095	-27.124942
1216.601609	-27.060173
1217.095524	-27.002907
1217.589841	-26.944337
1218.084559	-26.879499
1218.579679	-26.824817
1219.075202	-26.762925
1219.571128	-26.700897
1220.067458	-26.646256
1220.564191	-26.580697
1221.061330	-26.524429
1221.558874	-26.465413
1222.056823	-26.399706
1222.555178	-26.348410
1223.053940	-26.282630
1223.553109	-26.221993
1224.052686	-26.170702
1224.552671	-26.100560
1225.053065	-26.047509
1225.553867	-25.990293
1226.055079	-25.922459
1226.556702	-25.873627
1227.058735	-25.809427
1227.561179	-25.748525
1228.064035	-25.698356
1228.567303	-25.631047
1229.070983	-25.576127
1229.575077	-25.522372
1230.079585	-25.455688
1230.584506	-25.403378
1231.089842	-25.347131
1231.595594	-25.282371
1232.101761	-25.230163
1232.608345	-25.173561
1233.115345	-25.110200
1233.622762	-25.057532
1234.130597	-25.001946
1234.638851	-24.938971
1235.147523	-24.886667
1235.656615	-24.832047
1236.166126	-24.769527
1236.676058	-24.718118
1237.186411	-24.664125
1237.697185	-24.602387
1238.208381	-24.551902
1238.719999	-24.498482
1239.232040	-24.437417
1239.744505	-24.388116
1240.257394	-24.334643
1240.770708	-24.274549
1241.284446	-24.226396
1241.798610	-24.172423
1242.313201	-24.113717
1242.828218	-24.066391
1243.343662	-24.011747
1243.859534	-23.954770
1244.375834	-23.907914
1244.892563	-23.852586
1245.409721	-23.797640
1245.927309	-23.750658
1246.445327	-23.694959
1246.963777	-23.641935
1247.482657	-23.594281
1248.001970	-23.538662
1248.521716	-23.487070
1249.041894	-23.438423
1249.562506	-23.383315
1250.083553	-23.332479
1250.605034	-23.282959
1251.126950	-23.228478
1251.649302	-23.177964
1252.172091	-23.127915
1252.695316	-23.073934
1253.218979	-23.023617
1253.743079	-22.973365
1254.267619	-22.919616
1254.792597	-22.869622
1255.318015	-22.819202
1255.843874	-22.765554
1256.370173	-22.716096
1256.896913	-22.665343
1257.424095	-22.611898
1257.951720	-22.563100
1258.479787	-22.511804
1259.008298	-22.458873
1259.537254	-22.410769
1260.066654	-22.358770
1260.596499	-22.306944
1261.126790	-22.259301
1261.657527	-22.206745
1262.188711	-22.156565
1262.720342	-22.108934
1263.252422	-22.056277
1263.784950	-22.007943
1264.317928	-21.959822
1264.851355	-21.907689
1265.385232	-21.861044
1265.919560	-21.812109
1266.454340	-21.761235
1266.989572	-21.715745
1267.525256	-21.665977
1268.061394	-21.616998
1268.597985	-21.571812
1269.135031	-21.521679
1269.672531	-21.474804
1270.210487	-21.429168
1270.748899	-21.379461
1271.287768	-21.334393
1271.827094	-21.287933
1272.366877	-21.239439
1272.907119	-21.195504
1273.447820	-21.148250
1273.988981	-21.101505
1274.530601	-21.057863
1275.072683	-21.010325
1275.615226	-20.965418
1276.158230	-20.921403
1276.701697	-20.874333
1277.245627	-20.830897
1277.790021	-20.786237
1278.334879	-20.740320
1278.880202	-20.697727
1279.425991	-20.652580
1279.972245	-20.608167
1280.518966	-20.565713
1281.066155	-20.520530
1281.613811	-20.477506
1282.161936	-20.434711
1282.710529	-20.389990
1283.259593	-20.347930
1283.809126	-20.304581
1284.359131	-20.260691
1284.909607	-20.218989
1285.460555	-20.175174
1286.011976	-20.132256
1286.563870	-20.090294
1287.116237	-20.046359
1287.669080	-20.004180
1288.222397	-19.961566
1288.776191	-19.917852
1289.330460	-19.875956
1289.885207	-19.832595
1290.440431	-19.789360
1290.996133	-19.747191
1291.552314	-19.703318
1292.108975	-19.660546
1292.666115	-19.617684
1293.223737	-19.573748
1293.781839	-19.531095
1294.340424	-19.487553
1294.899491	-19.443818
1295.459041	-19.400918
1296.019075	-19.356944
1296.579593	-19.313405
1297.140597	-19.270108
1297.702086	-19.225921
1298.264061	-19.182474
1298.826524	-19.138722
1299.389474	-19.094464
1299.952912	-19.050986
1300.516839	-19.006765
1301.081255	-18.962600
1301.646162	-18.918878
1302.211559	-18.874321
1302.777448	-18.830242
1303.343829	-18.786118
1303.910702	-18.741383
1304.478069	-18.697284
1305.045930	-18.652693
1305.614285	-18.607899
1306.183136	-18.563643
1306.752483	-18.518561
1307.322326	-18.473886
1307.892666	-18.429204
1308.463504	-18.383910
1309.034841	-18.339306
1309.606677	-18.294080
1310.179012	-18.248926
1310.751849	-18.204069
1311.325186	-18.158560
1311.899025	-18.113610
1312.473366	-18.068323
1313.048211	-18.023001
1313.623559	-17.977997
1314.199412	-17.932587
1314.775770	-17.887600
1315.352634	-17.842440
1315.930004	-17.797374
1316.507881	-17.752546
1317.086266	-17.707531
1317.665159	-17.662929
1318.244562	-17.618190
1318.824474	-17.573679
1319.404897	-17.529371
1319.985831	-17.484978
1320.567276	-17.441011
1321.149234	-17.396958
1321.731706	-17.353131
1322.314691	-17.309511
1322.898190	-17.265860
1323.482205	-17.222471
1324.066736	-17.179154
1324.651783	-17.135881
1325.237347	-17.092792
1325.823430	-17.049777
1326.410031	-17.006754
1326.997151	-16.963992
1327.584791	-16.921194
1328.172952	-16.878465
1328.761634	-16.836065
1329.350839	-16.793434
1329.940566	-16.751212
1330.530817	-16.709054
1331.121592	-16.666827
1331.712891	-16.625177
1332.304716	-16.583283
1332.897068	-16.541796
1333.489946	-16.500607
1334.083352	-16.459269
1334.677287	-16.418589
1335.271750	-16.377821
1335.866744	-16.337315
1336.462268	-16.297239
1337.058323	-16.257031
1337.654910	-16.217312
1338.252029	-16.177671
1338.849682	-16.138109
1339.447869	-16.098925
1340.046591	-16.059697
1340.645848	-16.020657
1341.245641	-15.981857
1341.845972	-15.942960
1342.446840	-15.904349
1343.048246	-15.865813
1343.650191	-15.827229
1344.252677	-15.789001
1344.855702	-15.750648
1345.459269	-15.712493
1346.063379	-15.674553
1346.668030	-15.636495
1347.273226	-15.598855
1347.878965	-15.561148
1348.485250	-15.523643
1349.092080	-15.486417
1349.699456	-15.449132
1350.307380	-15.412246
1350.915851	-15.375403
1351.524871	-15.338720
1352.134441	-15.302336
1352.744560	-15.265932
1353.355231	-15.229810
1353.966453	-15.193801
1354.578227	-15.157810
1355.190555	-15.122102
1355.803436	-15.086324
1356.416872	-15.050697
1357.030863	-15.015221
1357.645411	-14.979610
1358.260515	-14.944336
1358.876177	-14.908895
1359.492397	-14.873646
1360.109176	-14.838510
1360.726516	-14.803304
1361.344416	-14.768403
1361.962877	-14.733446
1362.581901	-14.698661
1363.201487	-14.664061
1363.821637	-14.629463
1364.442352	-14.595096
1365.063632	-14.560875
1365.685478	-14.526620
1366.307891	-14.492755
1366.930871	-14.458729
1367.554420	-14.424975
1368.178538	-14.391330
1368.803226	-14.357567
1369.428485	-14.324204
1370.054315	-14.290585
1370.680717	-14.257262
1371.307693	-14.223943
1371.935242	-14.190624
1372.563366	-14.157529
1373.192065	-14.124405
1373.821341	-14.091416
1374.451193	-14.058592
1375.081623	-14.025798
1375.712632	-13.993177
1376.344221	-13.960751
1376.976389	-13.928275
1377.609139	-13.896183
1378.242470	-13.863982
1378.876384	-13.832027
1379.510881	-13.800205
1380.145963	-13.768342
1380.781629	-13.736783
1381.417881	-13.705165
1382.054720	-13.673704
1382.692147	-13.642411
1383.330161	-13.611102
1383.968765	-13.580027
1384.607959	-13.549063
1385.247743	-13.518141
1385.888119	-13.487561
1386.529087	-13.456937
1387.170648	-13.426611
1387.812804	-13.396438
1388.455554	-13.366327
1389.098899	-13.336565
1389.742842	-13.306792
1390.387381	-13.277298
1391.032519	-13.247951
1391.678256	-13.218706
1392.324592	-13.189710
1392.971529	-13.160825
1393.619068	-13.132105
1394.267208	-13.103638
1394.915952	-13.075261
1395.565300	-13.047160
1396.215253	-13.019241
1396.865812	-12.991469
1397.516977	-12.964008
1398.168749	-12.936632
1398.821130	-12.909540
1399.474120	-12.882626
1400.127719	-12.855875
1400.781930	-12.829399
1401.436752	-12.803054
1402.092186	-12.776968
1402.748234	-12.751099
1403.404897	-12.725428
1404.062174	-12.700036
1404.720067	-12.674849
1405.378577	-12.649896
1406.037705	-12.625208
1406.697451	-12.600693
1407.357817	-12.576453
1408.018803	-12.552415
1408.680410	-12.528582
1409.342639	-12.505030
1410.005492	-12.481615
1410.668968	-12.458504
1411.333068	-12.435531
1411.997795	-12.412809
1412.663147	-12.390266
1413.329127	-12.367928
1413.995736	-12.345779
1414.662973	-12.323842
1415.330840	-12.302052
1415.999339	-12.280481
1416.668469	-12.259018
1417.338232	-12.237725
1418.008628	-12.216560
1418.679659	-12.195498
1419.351325	-12.174605
1420.023628	-12.153797
1420.696568	-12.133163
1421.370145	-12.112636
1422.044362	-12.092242
1422.719219	-12.071938
1423.394717	-12.051729
1424.070856	-12.031548
1424.747638	-12.011466
1425.425064	-11.991360
1426.103134	-11.971376
1426.781850	-11.951367
1427.461212	-11.931468
1428.141221	-11.911567
1428.821878	-11.891721
1429.503185	-11.871856
1430.185141	-11.851998
1430.867749	-11.832066
1431.551008	-11.812136
1432.234920	-11.792102
1432.919486	-11.772077
1433.604707	-11.751963
1434.290583	-11.731833
1434.977116	-11.711630
1435.664307	-11.691349
1436.352156	-11.670956
1437.040664	-11.650436
1437.729833	-11.629740
1438.419663	-11.608912
1439.110156	-11.587894
1439.801312	-11.566764
1440.493132	-11.545510
1441.185617	-11.524156
1441.878768	-11.502743
1442.572586	-11.481224
1443.267072	-11.459638
1443.962228	-11.437933
1444.658053	-11.416104
1445.354549	-11.394146
1446.051717	-11.372046
1446.749558	-11.349825
1447.448073	-11.327512
1448.147263	-11.305100
1448.847128	-11.282655
1449.547671	-11.260135
1450.248891	-11.237583
1450.950789	-11.214960
1451.653368	-11.192267
1452.356627	-11.169502
1453.060568	-11.146676
1453.765192	-11.123818
1454.470500	-11.101005
1455.176492	-11.078276
1455.883170	-11.055741
1456.590534	-11.033431
1457.298586	-11.011405
1458.007327	-10.989655
1458.716758	-10.968146
1459.426880	-10.946802
1460.137693	-10.925539
1460.849199	-10.904244
1461.561398	-10.882852
1462.274293	-10.861305
1462.987883	-10.839614
1463.702170	-10.817831
1464.417155	-10.796055
1465.132838	-10.774421
1465.849222	-10.753077
1466.566306	-10.732147
1467.284093	-10.711747
1468.002582	-10.691918
1468.721775	-10.672667
1469.441674	-10.653948
1470.162278	-10.635656
1470.883590	-10.617690
1471.605609	-10.599915
1472.328338	-10.582233
1473.051777	-10.564573
1473.775928	-10.546913
1474.500790	-10.529298
1475.226367	-10.511829
1475.952657	-10.494651
1476.679663	-10.477968
1477.407386	-10.461977
1478.135826	-10.446902
1478.864985	-10.432931
1479.594863	-10.420208
1480.325463	-10.408830
1481.056784	-10.398803
1481.788828	-10.390083
1482.521597	-10.382566
1483.255090	-10.376108
1483.989309	-10.370583
1484.724256	-10.365864
1485.459931	-10.361892
1486.196336	-10.358685
1486.933471	-10.356346
1487.671337	-10.355130
1488.409937	-10.355364
1489.149270	-10.357512
1489.889337	-10.362052
1490.630141	-10.369494
1491.371682	-10.380293
1492.113961	-10.394876
1492.856979	-10.413573
1493.600738	-10.436697
1494.345238	-10.464415
1495.090481	-10.496854
1495.836467	-10.533945
1496.583198	-10.575561
1497.330675	-10.621461
1498.078899	-10.671472
1498.827872	-10.725514
1499.577593	-10.783723
1500.328065	-10.846375
1501.079289	-10.913911
1501.831265	-10.986799
1502.583995	-11.065629
1503.337480	-11.151117
1504.091721	-11.244312
1504.846719	-11.346695
1505.602475	-11.460267
1506.358991	-11.587528
1507.116268	-11.731338
1507.874306	-11.894733
1508.633108	-12.080735
1509.392673	-12.292237
1510.153004	-12.532062
1510.914101	-12.803241
1511.675965	-13.109449
1512.438599	-13.455593
1513.202002	-13.848144
1513.966176	-14.295263
1514.731122	-14.806244
1515.496842	-15.390624
1516.263336	-16.056827
1517.030607	-16.811030
1517.798654	-17.656535
1518.567479	-18.594764
1519.337083	-19.628347
1520.107468	-20.767013
1520.878634	-22.034216
1521.650584	-23.468889
1522.423317	-25.103603
1523.196836	-26.859299
1523.971141	-28.229582
1524.746233	-28.144310
1525.522115	-26.443469
1526.298786	-24.218072
1527.076249	-22.146916
1527.854504	-20.380579
1528.633553	-18.891360
1529.413397	-17.606844
1530.194037	-16.444062
1530.975474	-15.322627
1531.757709	-14.178660
1532.540745	-12.979569
1533.324581	-11.730016
1534.109220	-10.463652
1534.894662	-9.226672
1535.680909	-8.063716
1536.467961	-7.011123
1537.255821	-6.096088
1538.044489	-5.338628
1538.833967	-4.753972
1539.624256	-4.354534
1540.415357	-4.151153
1541.207271	-4.153864
1542.000000	-4.372367
1542.793545	-4.816583
1543.587907	-5.497562
1544.383087	-6.429157
1545.179088	-7.630933
1545.975909	-9.133163
1546.773552	-10.985332
1547.572019	-13.270158
1548.371311	-16.120615
1549.171428	-19.674673
1549.972373	-23.333027
1550.774147	-23.583705
1551.576751	-20.718499
1552.380185	-18.057628
1553.184453	-16.047138
1553.989554	-14.523753
1554.795490	-13.342277
1555.602263	-12.407788
1556.409873	-11.658078
1557.218322	-11.050125
1558.027612	-10.552177
1558.837743	-10.139440
1559.648717	-9.791903
1560.460536	-9.493407
1561.273200	-9.231355
1562.086710	-8.996604
1562.901069	-8.783245
1563.716278	-8.588095
1564.532337	-8.409954
1565.349249	-8.248722
1566.167014	-8.104602
1566.985634	-7.977517
1567.805111	-7.866827
1568.625444	-7.771332
1569.446637	-7.689478
1570.268690	-7.619642
1571.091605	-7.560387
1571.915382	-7.510583
1572.740024	-7.469408
1573.565532	-7.436224
1574.391907	-7.410432
1575.219150	-7.391367
1576.047262	-7.378274
1576.876246	-7.370362
1577.706103	-7.366894
1578.536833	-7.367280
1579.368439	-7.371102
1580.200922	-7.378118
1581.034282	-7.388214
1581.868522	-7.401372
1582.703643	-7.417650
1583.539646	-7.437173
1584.376532	-7.460137
1585.214304	-7.486778
1586.052962	-7.517342
1586.892508	-7.552031
1587.732943	-7.590962
1588.574269	-7.634131
1589.416487	-7.681400
1590.259599	-7.732488
1591.103605	-7.786985
1591.948508	-7.844355
1592.794309	-7.903955
1593.641009	-7.965061
1594.488609	-8.026890
1595.337112	-8.088652
1596.186518	-8.149590
1597.036829	-8.209045
1597.888047	-8.266495
1598.740172	-8.321604
1599.593207	-8.374228
1600.447153	-8.424429
1601.302010	-8.472444
1602.157782	-8.518660
1603.014469	-8.563561
1603.872072	-8.607682
1604.730593	-8.651541
1605.590034	-8.695588
1606.450397	-8.740158
1607.311681	-8.785432
1608.173890	-8.831430
1609.037024	-8.878003
1609.901085	-8.924869
1610.766075	-8.971638
1611.631995	-9.017877
1612.498846	-9.063161
1613.366630	-9.107142
1614.235349	-9.149596
1615.105004	-9.190463
1615.975596	-9.229855
1616.847128	-9.268041
1617.719600	-9.305409
1618.593014	-9.342397
1619.467372	-9.379426
1620.342675	-9.416822
1621.218924	-9.454769
1622.096122	-9.493270
1622.974270	-9.532160
1623.853369	-9.571133
1624.733420	-9.609810
1625.614427	-9.647814
1626.496389	-9.684846
1627.379308	-9.720737
1628.263187	-9.755486
1629.148026	-9.789238
1630.033828	-9.822252
1630.920593	-9.854834
1631.808324	-9.887267
1632.697022	-9.919754
1633.586688	-9.952382
1634.477324	-9.985120
1635.368932	-10.017846
1636.261514	-10.050390
1637.155070	-10.082593
1638.049602	-10.114342
1638.945113	-10.145609
1639.841603	-10.176436
1640.739075	-10.206927
1641.637529	-10.237206
1642.536968	-10.267385
1643.437393	-10.297543
1644.338806	-10.327715
1645.241209	-10.357907
1646.144602	-10.388110
1647.048988	-10.418331
1647.954368	-10.448605
1648.860744	-10.478993
1649.768118	-10.509576
1650.676491	-10.540428
1651.585865	-10.571595
1652.496241	-10.603084
1653.407621	-10.634855
1654.320008	-10.666840
1655.233401	-10.698962
1656.147804	-10.731167
1657.063218	-10.763434
1657.979645	-10.795787
1658.897085	-10.828275
1659.815542	-10.860954
1660.735016	-10.893858
1661.655509	-10.926991
1662.577023	-10.960317
1663.499560	-10.993778
1664.423121	-11.027318
1665.347709	-11.060897
1666.273324	-11.094510
1667.199969	-11.128178
1668.127645	-11.161941
1669.056353	-11.195832
1669.986097	-11.229868
1670.916877	-11.264036
1671.848695	-11.298307
1672.781553	-11.332651
1673.715452	-11.367048
1674.650395	-11.401506
1675.586383	-11.436048
1676.523418	-11.470703
1677.461501	-11.505489
1678.400635	-11.540397
1679.340821	-11.575398
1680.282061	-11.610450
1681.224357	-11.645518
1682.167710	-11.680582
1683.112122	-11.715645
1684.057595	-11.750721
1685.004132	-11.785831
1685.951732	-11.820992
1686.900400	-11.856222
1687.850135	-11.891538
1688.800940	-11.926956
1689.752818	-11.962494
1690.705768	-11.998165
1691.659795	-12.033971
1692.614898	-12.069911
1693.571081	-12.105984
1694.528345	-12.142197
1695.486691	-12.178569
1696.446122	-12.215133
1697.406640	-12.251921
1698.368245	-12.288954
1699.330941	-12.326237
1700.294729	-12.363746
1701.259611	-12.401449
1702.225588	-12.439302
1703.192664	-12.477266
1704.160838	-12.515315
1705.130114	-12.553441
1706.100493	-12.591653
1707.071977	-12.629979
1708.044568	-12.668455
1709.018268	-12.707121
1709.993079	-12.746004
1710.969003	-12.785108
1711.946041	-12.824416
1712.924196	-12.863889
1713.903469	-12.903489
1714.883862	-12.943185
1715.865378	-12.982964
1716.848017	-13.022836
1717.831783	-13.062834
1718.816677	-13.103015
1719.802701	-13.143456
1720.789857	-13.184242
1721.778147	-13.225452
1722.767573	-13.267141
1723.758136	-13.309325
1724.749840	-13.351979
1725.742685	-13.395052
1726.736673	-13.438482
1727.731808	-13.482206
1728.728090	-13.526162
1729.725521	-13.570294
1730.724105	-13.614566
1731.723842	-13.658977
1732.724735	-13.703567
1733.726785	-13.748397
1734.729995	-13.793531
1735.734366	-13.839020
1736.739902	-13.884906
1737.746603	-13.931220
1738.754472	-13.977978
1739.763510	-14.025164
1740.773721	-14.072723
1741.785105	-14.120569
1742.797665	-14.168617
1743.811403	-14.216801
1744.826321	-14.265085
1745.842422	-14.313452
1746.859706	-14.361889
1747.878177	-14.410392
1748.897835	-14.458975
1749.918685	-14.507690
1750.940726	-14.556632
1751.963963	-14.605919
1752.988395	-14.655662
1754.014027	-14.705940
1755.040860	-14.756788
1756.068895	-14.808217
1757.098135	-14.860236
1758.128583	-14.912864
1759.160240	-14.966122
1760.193109	-15.020009
1761.227191	-15.074484
1762.262488	-15.129470
1763.299004	-15.184880
1764.336740	-15.240650
1765.375697	-15.296745
1766.415880	-15.353161
1767.457288	-15.409898
1768.499926	-15.466944
1769.543794	-15.524267
1770.588895	-15.581837
1771.635231	-15.639653
1772.682805	-15.697760
1773.731619	-15.756229
1774.781674	-15.815132
1775.832973	-15.874510
1776.885519	-15.934368
1777.939312	-15.994691
1778.994357	-16.055457
1780.050654	-16.116653
1781.108207	-16.178281
1782.167017	-16.240373
1783.227087	-16.302980
1784.288418	-16.366146
1785.351013	-16.429881
1786.414875	-16.494142
1787.480006	-16.558862
1788.546407	-16.623978
1789.614082	-16.689456
1790.683032	-16.755300
1791.753259	-16.821546
1792.824767	-16.888252
1793.897557	-16.955462
1794.971632	-17.023176
1796.046994	-17.091346
1797.123645	-17.159917
1798.201588	-17.228875
1799.280824	-17.298263
1800.361357	-17.368146
1801.443188	-17.438568
1802.526320	-17.509547
1803.610756	-17.581087
1804.696497	-17.653185
1805.783546	-17.725809
1806.871906	-17.798883
1807.961578	-17.872336
1809.052565	-17.946173
1810.144870	-18.020521
1811.238494	-18.095551
1812.333441	-18.171364
1813.429713	-18.247923
1814.527311	-18.325118
1815.626239	-18.402878
1816.726499	-18.481215
1817.828094	-18.560162
1818.931025	-18.639675
1820.035295	-18.719640
1821.140906	-18.799971
1822.247862	-18.880696
1823.356165	-18.961929
1824.465816	-19.043773
1825.576819	-19.126234
1826.689175	-19.209248
1827.802888	-19.292759
1828.917960	-19.376778
1830.034394	-19.461346
1831.152191	-19.546434
1832.271354	-19.631915
1833.391887	-19.717640
1834.513790	-19.803572
1835.637068	-19.889843
1836.761722	-19.976682
1837.887755	-20.064265
1839.015169	-20.152595
1840.143968	-20.241524
1841.274153	-20.330877
1842.405727	-20.420588
1843.538693	-20.510705
1844.673053	-20.601290
1845.808810	-20.692315
1846.945966	-20.783690
1848.084525	-20.875383
1849.224488	-20.967518
1850.365858	-21.060334
1851.508638	-21.154026
1852.652831	-21.248607
1853.798438	-21.343921
1854.945463	-21.439804
1856.093909	-21.536248
1857.243777	-21.633425
1858.395071	-21.731548
1859.547794	-21.830694
1860.701947	-21.930722
1861.857533	-22.031335
1863.014556	-22.132266
1864.173018	-22.233482
1865.332922	-22.335218
1866.494270	-22.437765
1867.657065	-22.541162
1868.821309	-22.645064
1869.987006	-22.748973
1871.154158	-22.852675
1872.322768	-22.956488
1873.492839	-23.061069
1874.664373	-23.166914
1875.837373	-23.274036
1877.011841	-23.382085
1878.187782	-23.490698
1879.365197	-23.599661
1880.544089	-23.708850
1881.724460	-23.818161
1882.906315	-23.927567
1884.089655	-24.037140
1885.274483	-24.146901
1886.460803	-24.256668
1887.648616	-24.366154
1888.837927	-24.475311
1890.028736	-24.584536
1891.221049	-24.694459
1892.414866	-24.805565
1893.610192	-24.918077
1894.807028	-25.032090
1896.005379	-25.147576
1897.205246	-25.264160
1898.406633	-25.381148
1899.609542	-25.498008
1900.813977	-25.614865
1902.019940	-25.732380
1903.227434	-25.851015
1904.436462	-25.970413
1905.647028	-26.089598
1906.859133	-26.208031
1908.072781	-26.326451
1909.287976	-26.446381
1910.504719	-26.568583
1911.723013	-26.692292
1912.942863	-26.816310
1914.164270	-26.940707
1915.387238	-27.066899
1916.611770	-27.195903
1917.837868	-27.326847
1919.065536	-27.457548
1920.294777	-27.586563
1921.525594	-27.714508
1922.757989	-27.843231
1923.991967	-27.973686
1925.227529	-28.104770
1926.464679	-28.234362
1927.703420	-28.361573
1928.943755	-28.487767
1930.185688	-28.615245
1931.429221	-28.745047
1932.674356	-28.876259
1933.921099	-29.007462
1935.169451	-29.138528
1936.419415	-29.270731
1937.670996	-29.405154
1938.924195	-29.541289
1940.179017	-29.677367
1941.435463	-29.811999
1942.693538	-29.945271
1943.953245	-30.078359
1945.214586	-30.212262
1946.477566	-30.346952
1947.742186	-30.481635
1949.008451	-30.615862
1950.276363	-30.750297
1951.545926	-30.885946
1952.817143	-31.022724
1954.090017	-31.159507
1955.364551	-31.296028
1956.640749	-31.434164
1957.918615	-31.576626
1959.198150	-31.724297
1960.479359	-31.875134
1961.762244	-32.025981
1963.046810	-32.175682
1964.333059	-32.326063
1965.620995	-32.479344
1966.910621	-32.634956
1968.201940	-32.790005
1969.494956	-32.942727
1970.789672	-33.094265
1972.086091	-33.246443
1973.384217	-33.398985
1974.684053	-33.549880
1975.985602	-33.698210
1977.288869	-33.845885
1978.593855	-33.996232
1979.900566	-34.150580
1981.209003	-34.306396
1982.519171	-34.459736
1983.831073	-34.610025
1985.144712	-34.761093
1986.460093	-34.916407
1987.777217	-35.074318
1989.096089	-35.229695
1990.416713	-35.380132
1991.739092	-35.529338
1993.063228	-35.683496
1994.389127	-35.844298
1995.716791	-36.006117
1997.046223	-36.161186
1998.377428	-36.307642
1999.710409	-36.450933
2001.045169	-36.596746
2002.381713	-36.744976
2003.720043	-36.892292
2005.060163	-37.038902
2006.402077	-37.189835
2007.745788	-37.349109
2009.091301	-37.514763
2010.438618	-37.681810
2011.787743	-37.849469
2013.138680	-38.022120
2014.491433	-38.202151
2015.846005	-38.384892
2017.202399	-38.562957
2018.560621	-38.735190
2019.920673	-38.910268
2021.282558	-39.099268
2022.646281	-39.302455
2024.011846	-39.506366
2025.379256	-39.698538
2026.748515	-39.881685
2028.119626	-40.066500
2029.492594	-40.254988
2030.867422	-40.439063
2032.244114	-40.614312
2033.622673	-40.787413
2035.003104	-40.967332
2036.385411	-41.152760
2037.769597	-41.331788
2039.155665	-41.494924
2040.543621	-41.646604
2041.933467	-41.800322
2043.325208	-41.963053
2044.718847	-42.128810
2046.114389	-42.287216
2047.511837	-42.435754
2048.911195	-42.582544
2050.312467	-42.736669
2051.715657	-42.897143
2053.120769	-43.057054
2054.527807	-43.216276
2055.936775	-43.378096
2057.347677	-43.536020
2058.760516	-43.682791
2060.175297	-43.831034
2061.592025	-44.002449
2063.010701	-44.197392
2064.431332	-44.394985
2065.853921	-44.582918
2067.278472	-44.771886
2068.704988	-44.979087
2070.133475	-45.205658
2071.563936	-45.430872
2072.996375	-45.637287
2074.430796	-45.843019
2075.867204	-46.083933
2077.305603	-46.356046
2078.745996	-46.609759
2080.188389	-46.818639
2081.632784	-47.016707
2083.079187	-47.247274
2084.527601	-47.507917
2085.978030	-47.761658
2087.430480	-47.986181
2088.884954	-48.197214
2090.341455	-48.420651
2091.799990	-48.651262
2093.260561	-48.852545
2094.723173	-49.009701
2096.187831	-49.163361
2097.654538	-49.351078
2099.123300	-49.545861
2100.594119	-49.706046
2102.067001	-49.851524
2103.541950	-50.020127
2105.018971	-50.189914
2106.498067	-50.305654
2107.979243	-50.370645
2109.462503	-50.457961
2110.947853	-50.621441
2112.435295	-50.826735
2113.924836	-51.003209
2115.416478	-51.150313
2116.910227	-51.314187
2118.406087	-51.488748
2119.904063	-51.644101
2121.404158	-51.809941
2122.906378	-52.028199
2124.410727	-52.276444
2125.917210	-52.519164
2127.425831	-52.757766
2128.936594	-52.994883
2130.449505	-53.231213
2131.964567	-53.479387
2133.481786	-53.733560
2135.001166	-53.991856
2136.522711	-54.303962
2138.046427	-54.683323
2139.572317	-55.034630
2141.100388	-55.312462
2142.630642	-55.631148
2144.163085	-56.047547
2145.697722	-56.438094
2147.234558	-56.748135
2148.773596	-57.087453
2150.314842	-57.452089
2151.858301	-57.713998
2153.403977	-57.877701
2154.951875	-58.067261
2156.502000	-58.370315
2158.054357	-58.730208
2159.608950	-58.909330
2161.165785	-58.835776
2162.724866	-58.820271
2164.286198	-59.043159
2165.849786	-59.258476
2167.415635	-59.221338
2168.983749	-59.089950
2170.554134	-59.065854
2172.126795	-59.078783
2173.701737	-59.018748
2175.278964	-59.010248
2176.858481	-59.227212
2178.440294	-59.577464
2180.024408	-59.739694
2181.610827	-59.623240
2183.199557	-59.529345
2184.790602	-59.682094
2186.383968	-59.990731
2187.979660	-60.285200
2189.577683	-60.572079
2191.178041	-60.894065
2192.780741	-61.117493
2194.385787	-61.181719
2195.993185	-61.412855
2197.602939	-62.124049
2199.215054	-63.034478
