# 2022-03-21_14.51.51
# shape = sech2
# FWHM_ps = 0.1
# carrier_nm = 1542
# frep_MHz = 12126
# pow_mW = 8000
# GDD = 0.0
# propa_len = 0.15222222222222223
# untap_len = 0.01
# taper_len = 0.09222222222222223
# waist_len = 0.02
# uptap_len = 0.02
# untap_scale = 1.0
# waist_scale = 0.3666666666666667
# workingDir = NL_20110305_12 (Spirou)
# axis = slow
# window_ps = 10.0
# steps = 200
# points = 13000
# 
# wavelength [nm]	 power spectral density [dB]
1000.248639	-62.465936
1000.582480	-62.444055
1000.916545	-62.263762
1001.250832	-61.887599
1001.585343	-61.357961
1001.920077	-60.755972
1002.255035	-60.161132
1002.590218	-59.634717
1002.925624	-59.222216
1003.261255	-58.961076
1003.597111	-58.886007
1003.933192	-59.032676
1004.269497	-59.442034
1004.606029	-60.165588
1004.942785	-61.274128
1005.279768	-62.874822
1005.616977	-65.135555
1005.954412	-68.246948
1006.292074	-71.517710
1006.629962	-70.781323
1006.968077	-67.164581
1007.306420	-64.109302
1007.644990	-61.847796
1007.983787	-60.174259
1008.322813	-58.942048
1008.662067	-58.064734
1009.001549	-57.492037
1009.341259	-57.196150
1009.681199	-57.164681
1010.021367	-57.396261
1010.361765	-57.899747
1010.702392	-58.697530
1011.043250	-59.831455
1011.384337	-61.374175
1011.725654	-63.453641
1012.067202	-66.287534
1012.408980	-70.059379
1012.750989	-72.843191
1013.093230	-70.202298
1013.435702	-66.566867
1013.778405	-63.874464
1014.121341	-61.943706
1014.464508	-60.552772
1014.807908	-59.566129
1015.151540	-58.903373
1015.495405	-58.514510
1015.839503	-58.368148
1016.183835	-58.447835
1016.528400	-58.749933
1016.873198	-59.282729
1017.218231	-60.070361
1017.563498	-61.160286
1017.908999	-62.631113
1018.254735	-64.600955
1018.600707	-67.203604
1018.946913	-70.207644
1019.293354	-71.309766
1019.640032	-68.887903
1019.986945	-65.982142
1020.334094	-63.734046
1020.681480	-62.117928
1021.029102	-61.006772
1021.376961	-60.304960
1021.725058	-59.948329
1022.073391	-59.895541
1022.421962	-60.119339
1022.770772	-60.600649
1023.119819	-61.327242
1023.469104	-62.290726
1023.818628	-63.473780
1024.168391	-64.825063
1024.518393	-66.218085
1024.868634	-67.402952
1025.219115	-68.055135
1025.569836	-68.039297
1025.920796	-67.563234
1026.271997	-66.936803
1026.623438	-66.355132
1026.975121	-65.889500
1027.327044	-65.528388
1027.679208	-65.204554
1028.031614	-64.823879
1028.384262	-64.305601
1028.737152	-63.622562
1029.090284	-62.817037
1029.443659	-61.976035
1029.797276	-61.188374
1030.151137	-60.521037
1030.505240	-60.020816
1030.859587	-59.723510
1031.214178	-59.660094
1031.569013	-59.861997
1031.924093	-60.368891
1032.279417	-61.238712
1032.634985	-62.560531
1032.990799	-64.471808
1033.346858	-67.140255
1033.703162	-70.248657
1034.059712	-70.662582
1034.416509	-67.410439
1034.773551	-64.178131
1035.130841	-61.710735
1035.488377	-59.859860
1035.846160	-58.473519
1036.204190	-57.455949
1036.562468	-56.749772
1036.920994	-56.321205
1037.279768	-56.151641
1037.638790	-56.232736
1037.998061	-56.563801
1038.357581	-57.151824
1038.717350	-58.014006
1039.077368	-59.181342
1039.437636	-60.700187
1039.798154	-62.619733
1040.158922	-64.899418
1040.519940	-66.979142
1040.881209	-67.235016
1041.242729	-65.332027
1041.604501	-62.939858
1041.966524	-60.850341
1042.328798	-59.158938
1042.691325	-57.816939
1043.054103	-56.767864
1043.417135	-55.966975
1043.780419	-55.380656
1044.143956	-54.984507
1044.507746	-54.762435
1044.871791	-54.706359
1045.236088	-54.816425
1045.600641	-55.101956
1045.965447	-55.582953
1046.330508	-56.291785
1046.695824	-57.274964
1047.061395	-58.593845
1047.427222	-60.314805
1047.793304	-62.436930
1048.159642	-64.544080
1048.526237	-65.170624
1048.893088	-63.564922
1049.260196	-61.258723
1049.627561	-59.210149
1049.995183	-57.568406
1050.363063	-56.286667
1050.731201	-55.301428
1051.099597	-54.562925
1051.468251	-54.036505
1051.837164	-53.699540
1052.206336	-53.537915
1052.575767	-53.542405
1052.945458	-53.705087
1053.315409	-54.016117
1053.685619	-54.461046
1054.056090	-55.018218
1054.426821	-55.655352
1054.797814	-56.325148
1055.169067	-56.962547
1055.540582	-57.489904
1055.912359	-57.835144
1056.284398	-57.955031
1056.656698	-57.842654
1057.029262	-57.512716
1057.402088	-56.987237
1057.775177	-56.300136
1058.148530	-55.507267
1058.522146	-54.680777
1058.896027	-53.890728
1059.270171	-53.191198
1059.644580	-52.618041
1060.019254	-52.193349
1060.394193	-51.929882
1060.769397	-51.832624
1061.144867	-51.898172
1061.520602	-52.114087
1061.896604	-52.460008
1062.272872	-52.910861
1062.649407	-53.440032
1063.026210	-54.018661
1063.403279	-54.608883
1063.780616	-55.154558
1064.158221	-55.579099
1064.536094	-55.799644
1064.914235	-55.755705
1065.292645	-55.436024
1065.671325	-54.886518
1066.050273	-54.195928
1066.429491	-53.468380
1066.808979	-52.796615
1067.188738	-52.245793
1067.568766	-51.848949
1067.949066	-51.609802
1068.329636	-51.509367
1068.710478	-51.515296
1069.091592	-51.593539
1069.472977	-51.720155
1069.854635	-51.888990
1070.236565	-52.112202
1070.618768	-52.414780
1071.001243	-52.826792
1071.383993	-53.375279
1071.767016	-54.073190
1072.150313	-54.897769
1072.533884	-55.749532
1072.917730	-56.407324
1073.301850	-56.581020
1073.686246	-56.153790
1074.070917	-55.323744
1074.455864	-54.393128
1074.841087	-53.559276
1075.226586	-52.896401
1075.612362	-52.403243
1075.998415	-52.039561
1076.384745	-51.747704
1076.771353	-51.470114
1077.158238	-51.167927
1077.545401	-50.835945
1077.932843	-50.504740
1078.320564	-50.228309
1078.708564	-50.066570
1079.096842	-50.072652
1079.485401	-50.287718
1079.874240	-50.740298
1080.263358	-51.445101
1080.652757	-52.394752
1081.042438	-53.533885
1081.432399	-54.704367
1081.822641	-55.594776
1082.213166	-55.862586
1082.603972	-55.476727
1082.995061	-54.755814
1083.386433	-54.023076
1083.778087	-53.432886
1084.170025	-52.999643
1084.562246	-52.649025
1084.954751	-52.257081
1085.347541	-51.705949
1085.740615	-50.954465
1086.133973	-50.064752
1086.527617	-49.156157
1086.921546	-48.343134
1087.315761	-47.707477
1087.710262	-47.300075
1088.105050	-47.151419
1088.500124	-47.279977
1088.895485	-47.695045
1089.291134	-48.391188
1089.687070	-49.326726
1090.083294	-50.372797
1090.479806	-51.243225
1090.876607	-51.547340
1091.273696	-51.136924
1091.671075	-50.298152
1092.068744	-49.420009
1092.466702	-48.735729
1092.864950	-48.335279
1093.263489	-48.227770
1093.662319	-48.364979
1094.061440	-48.628590
1094.460852	-48.810102
1094.860555	-48.658493
1095.260551	-48.050718
1095.660840	-47.106892
1096.061421	-46.066890
1096.462295	-45.124784
1096.863462	-44.389141
1097.264923	-43.911245
1097.666678	-43.714904
1098.068727	-43.812868
1098.471071	-44.211977
1098.873710	-44.907352
1099.276644	-45.857711
1099.679874	-46.923275
1100.083400	-47.772005
1100.487222	-47.939652
1100.891340	-47.279534
1101.295756	-46.161937
1101.700468	-45.018680
1102.105478	-44.077234
1102.510787	-43.416793
1102.916393	-43.052231
1103.322298	-42.972851
1103.728502	-43.151394
1104.135005	-43.535546
1104.541807	-44.026178
1104.948909	-44.454548
1105.356312	-44.604713
1105.764015	-44.333269
1106.172019	-43.692447
1106.580324	-42.879069
1106.988931	-42.088595
1107.397840	-41.447846
1107.807051	-41.024930
1108.216564	-40.855790
1108.626380	-40.963124
1109.036500	-41.366429
1109.446923	-42.085326
1109.857649	-43.134089
1110.268680	-44.493547
1110.680016	-46.018640
1111.091657	-47.241373
1111.503602	-47.411365
1111.915854	-46.406116
1112.328411	-44.931542
1112.741275	-43.547045
1113.154445	-42.449551
1113.567922	-41.675201
1113.981706	-41.215048
1114.395798	-41.052123
1114.810198	-41.168743
1115.224906	-41.541719
1115.639923	-42.127613
1116.055249	-42.834695
1116.470884	-43.486770
1116.886829	-43.828689
1117.303084	-43.662675
1117.719650	-43.029219
1118.136526	-42.160791
1118.553713	-41.286039
1118.971212	-40.542440
1119.389022	-39.993954
1119.807145	-39.665556
1120.225580	-39.564408
1120.644328	-39.688077
1121.063389	-40.023316
1121.482763	-40.535529
1121.902452	-41.146692
1122.322454	-41.706337
1122.742771	-41.993105
1123.163404	-41.817505
1123.584351	-41.179594
1124.005614	-40.264965
1124.427193	-39.285617
1124.849089	-38.381546
1125.271301	-37.621596
1125.693830	-37.032696
1126.116677	-36.621970
1126.539842	-36.388300
1126.963324	-36.327003
1127.387126	-36.430525
1127.811246	-36.686348
1128.235685	-37.072156
1128.660444	-37.547979
1129.085522	-38.046783
1129.510922	-38.470389
1129.936641	-38.705578
1130.362682	-38.669970
1130.789044	-38.360573
1131.215728	-37.853713
1131.642734	-37.256287
1132.070063	-36.659985
1132.497714	-36.125518
1132.925689	-35.686500
1133.353987	-35.358000
1133.782610	-35.143438
1134.211556	-35.038730
1134.640827	-35.033964
1135.070424	-35.113465
1135.500345	-35.255484
1135.930593	-35.432415
1136.361166	-35.612014
1136.792067	-35.760566
1137.223294	-35.848914
1137.654848	-35.859806
1138.086730	-35.792364
1138.518940	-35.661200
1138.951479	-35.491564
1139.384346	-35.313054
1139.817543	-35.153762
1140.251069	-35.036605
1140.684925	-34.978620
1141.119111	-34.991702
1141.553628	-35.082666
1141.988475	-35.252426
1142.423655	-35.495365
1142.859166	-35.798686
1143.295009	-36.140398
1143.731185	-36.486623
1144.167694	-36.792151
1144.604536	-37.007451
1145.041711	-37.090665
1145.479221	-37.020064
1145.917065	-36.802115
1146.355245	-36.469677
1146.793759	-36.069257
1147.232609	-35.645959
1147.671795	-35.235756
1148.111317	-34.865055
1148.551177	-34.551794
1148.991373	-34.305589
1149.431907	-34.128632
1149.872779	-34.018084
1150.313989	-33.967799
1150.755538	-33.967669
1151.197426	-34.002241
1151.639653	-34.051260
1152.082220	-34.091923
1152.525128	-34.100503
1152.968376	-34.053448
1153.411966	-33.930886
1153.855897	-33.722574
1154.300169	-33.431242
1154.744784	-33.070207
1155.189742	-32.658532
1155.635042	-32.217756
1156.080687	-31.769652
1156.526674	-31.333380
1156.973007	-30.923144
1157.419683	-30.548232
1157.866705	-30.214813
1158.314072	-29.927247
1158.761786	-29.687946
1159.209845	-29.496945
1159.658251	-29.352463
1160.107004	-29.252062
1160.556104	-29.193085
1161.005553	-29.171960
1161.455349	-29.183427
1161.905494	-29.220765
1162.355989	-29.276718
1162.806832	-29.343942
1163.258026	-29.414603
1163.709570	-29.480096
1164.161464	-29.531880
1164.613710	-29.562998
1165.066307	-29.568949
1165.519256	-29.547474
1165.972558	-29.498199
1166.426212	-29.422931
1166.880219	-29.326084
1167.334580	-29.214232
1167.789295	-29.094780
1168.244364	-28.974817
1168.699788	-28.860841
1169.155567	-28.759011
1169.611702	-28.675091
1170.068193	-28.613913
1170.525041	-28.578842
1170.982245	-28.571781
1171.439807	-28.593542
1171.897726	-28.644066
1172.356004	-28.722134
1172.814640	-28.824833
1173.273635	-28.947239
1173.732989	-29.082521
1174.192703	-29.222200
1174.652778	-29.356270
1175.113213	-29.473309
1175.574009	-29.561057
1176.035167	-29.607791
1176.496687	-29.604174
1176.958569	-29.544782
1177.420814	-29.428720
1177.883422	-29.259375
1178.346394	-29.043703
1178.809730	-28.791282
1179.273430	-28.513111
1179.737496	-28.220238
1180.201927	-27.922529
1180.666723	-27.627942
1181.131886	-27.342369
1181.597416	-27.069871
1182.063312	-26.813029
1182.529576	-26.573234
1182.996209	-26.350886
1183.463209	-26.145546
1183.930579	-25.956062
1184.398317	-25.780672
1184.866426	-25.617054
1185.334904	-25.462384
1185.803754	-25.313448
1186.272974	-25.166904
1186.742566	-25.019598
1187.212529	-24.868863
1187.682865	-24.712639
1188.153574	-24.549438
1188.624656	-24.378231
1189.096112	-24.198417
1189.567942	-24.009933
1190.040147	-23.813435
1190.512726	-23.610424
1190.985681	-23.403175
1191.459012	-23.194479
1191.932720	-22.987268
1192.406804	-22.784298
1192.881265	-22.587971
1193.356104	-22.400303
1193.831322	-22.222985
1194.306918	-22.057423
1194.782893	-21.904708
1195.259248	-21.765528
1195.735982	-21.640058
1196.213097	-21.527905
1196.690593	-21.428128
1197.168471	-21.339337
1197.646730	-21.259841
1198.125371	-21.187796
1198.604395	-21.121315
1199.083803	-21.058546
1199.563594	-20.997715
1200.043769	-20.937189
1200.524329	-20.875580
1201.005273	-20.811867
1201.486604	-20.745493
1201.968320	-20.676418
1202.450422	-20.605098
1202.932912	-20.532392
1203.415789	-20.459420
1203.899054	-20.387415
1204.382707	-20.317585
1204.866748	-20.251012
1205.351179	-20.188582
1205.836000	-20.130964
1206.321211	-20.078596
1206.806812	-20.031667
1207.292805	-19.990111
1207.779189	-19.953621
1208.265965	-19.921669
1208.753134	-19.893526
1209.240696	-19.868319
1209.728651	-19.845084
1210.217000	-19.822833
1210.705744	-19.800614
1211.194883	-19.777574
1211.684417	-19.753001
1212.174347	-19.726350
1212.664673	-19.697267
1213.155396	-19.665586
1213.646516	-19.631321
1214.138034	-19.594617
1214.629951	-19.555697
1215.122266	-19.514814
1215.614980	-19.472183
1216.108095	-19.427954
1216.601609	-19.382194
1217.095524	-19.334890
1217.589841	-19.285961
1218.084559	-19.235290
1218.579679	-19.182740
1219.075202	-19.128176
1219.571128	-19.071486
1220.067458	-19.012611
1220.564191	-18.951557
1221.061330	-18.888407
1221.558874	-18.823319
1222.056823	-18.756508
1222.555178	-18.688207
1223.053940	-18.618642
1223.553109	-18.548009
1224.052686	-18.476446
1224.552671	-18.404016
1225.053065	-18.330696
1225.553867	-18.256370
1226.055079	-18.180841
1226.556702	-18.103856
1227.058735	-18.025122
1227.561179	-17.944339
1228.064035	-17.861221
1228.567303	-17.775511
1229.070983	-17.686982
1229.575077	-17.595465
1230.079585	-17.500857
1230.584506	-17.403138
1231.089842	-17.302377
1231.595594	-17.198718
1232.101761	-17.092359
1232.608345	-16.983533
1233.115345	-16.872491
1233.622762	-16.759485
1234.130597	-16.644769
1234.638851	-16.528594
1235.147523	-16.411201
1235.656615	-16.292800
1236.166126	-16.173574
1236.676058	-16.053682
1237.186411	-15.933264
1237.697185	-15.812453
1238.208381	-15.691372
1238.719999	-15.570144
1239.232040	-15.448884
1239.744505	-15.327716
1240.257394	-15.206777
1240.770708	-15.086220
1241.284446	-14.966206
1241.798610	-14.846885
1242.313201	-14.728393
1242.828218	-14.610835
1243.343662	-14.494287
1243.859534	-14.378796
1244.375834	-14.264382
1244.892563	-14.151041
1245.409721	-14.038751
1245.927309	-13.927478
1246.445327	-13.817188
1246.963777	-13.707850
1247.482657	-13.599439
1248.001970	-13.491933
1248.521716	-13.385321
1249.041894	-13.279603
1249.562506	-13.174796
1250.083553	-13.070929
1250.605034	-12.968035
1251.126950	-12.866153
1251.649302	-12.765318
1252.172091	-12.665557
1252.695316	-12.566890
1253.218979	-12.469316
1253.743079	-12.372806
1254.267619	-12.277311
1254.792597	-12.182761
1255.318015	-12.089077
1255.843874	-11.996173
1256.370173	-11.903958
1256.896913	-11.812333
1257.424095	-11.721195
1257.951720	-11.630444
1258.479787	-11.539988
1259.008298	-11.449742
1259.537254	-11.359631
1260.066654	-11.269588
1260.596499	-11.179563
1261.126790	-11.089529
1261.657527	-10.999486
1262.188711	-10.909458
1262.720342	-10.819486
1263.252422	-10.729631
1263.784950	-10.639966
1264.317928	-10.550582
1264.851355	-10.461570
1265.385232	-10.373018
1265.919560	-10.285006
1266.454340	-10.197604
1266.989572	-10.110878
1267.525256	-10.024883
1268.061394	-9.939671
1268.597985	-9.855283
1269.135031	-9.771755
1269.672531	-9.689120
1270.210487	-9.607411
1270.748899	-9.526651
1271.287768	-9.446855
1271.827094	-9.368026
1272.366877	-9.290168
1272.907119	-9.213276
1273.447820	-9.137344
1273.988981	-9.062358
1274.530601	-8.988301
1275.072683	-8.915156
1275.615226	-8.842916
1276.158230	-8.771576
1276.701697	-8.701137
1277.245627	-8.631608
1277.790021	-8.563006
1278.334879	-8.495361
1278.880202	-8.428709
1279.425991	-8.363090
1279.972245	-8.298543
1280.518966	-8.235103
1281.066155	-8.172809
1281.613811	-8.111695
1282.161936	-8.051781
1282.710529	-7.993076
1283.259593	-7.935579
1283.809126	-7.879285
1284.359131	-7.824179
1284.909607	-7.770243
1285.460555	-7.717454
1286.011976	-7.665790
1286.563870	-7.615230
1287.116237	-7.565754
1287.669080	-7.517343
1288.222397	-7.469983
1288.776191	-7.423670
1289.330460	-7.378412
1289.885207	-7.334225
1290.440431	-7.291130
1290.996133	-7.249157
1291.552314	-7.208343
1292.108975	-7.168733
1292.666115	-7.130376
1293.223737	-7.093324
1293.781839	-7.057623
1294.340424	-7.023314
1294.899491	-6.990431
1295.459041	-6.958991
1296.019075	-6.929001
1296.579593	-6.900452
1297.140597	-6.873327
1297.702086	-6.847602
1298.264061	-6.823243
1298.826524	-6.800218
1299.389474	-6.778501
1299.952912	-6.758069
1300.516839	-6.738912
1301.081255	-6.721036
1301.646162	-6.704470
1302.211559	-6.689257
1302.777448	-6.675457
1303.343829	-6.663142
1303.910702	-6.652397
1304.478069	-6.643311
1305.045930	-6.635973
1305.614285	-6.630465
1306.183136	-6.626862
1306.752483	-6.625230
1307.322326	-6.625622
1307.892666	-6.628069
1308.463504	-6.632582
1309.034841	-6.639158
1309.606677	-6.647788
1310.179012	-6.658453
1310.751849	-6.671131
1311.325186	-6.685798
1311.899025	-6.702439
1312.473366	-6.721055
1313.048211	-6.741648
1313.623559	-6.764234
1314.199412	-6.788847
1314.775770	-6.815540
1315.352634	-6.844383
1315.930004	-6.875444
1316.507881	-6.908793
1317.086266	-6.944498
1317.665159	-6.982615
1318.244562	-7.023181
1318.824474	-7.066214
1319.404897	-7.111712
1319.985831	-7.159653
1320.567276	-7.209993
1321.149234	-7.262661
1321.731706	-7.317566
1322.314691	-7.374613
1322.898190	-7.433710
1323.482205	-7.494776
1324.066736	-7.557745
1324.651783	-7.622586
1325.237347	-7.689310
1325.823430	-7.757968
1326.410031	-7.828649
1326.997151	-7.901488
1327.584791	-7.976669
1328.172952	-8.054413
1328.761634	-8.134967
1329.350839	-8.218592
1329.940566	-8.305554
1330.530817	-8.396108
1331.121592	-8.490466
1331.712891	-8.588784
1332.304716	-8.691160
1332.897068	-8.797617
1333.489946	-8.908085
1334.083352	-9.022400
1334.677287	-9.140312
1335.271750	-9.261485
1335.866744	-9.385496
1336.462268	-9.511865
1337.058323	-9.640080
1337.654910	-9.769631
1338.252029	-9.900022
1338.849682	-10.030817
1339.447869	-10.161688
1340.046591	-10.292444
1340.645848	-10.423043
1341.245641	-10.553615
1341.845972	-10.684480
1342.446840	-10.816139
1343.048246	-10.949240
1343.650191	-11.084564
1344.252677	-11.223003
1344.855702	-11.365522
1345.459269	-11.513102
1346.063379	-11.666705
1346.668030	-11.827249
1347.273226	-11.995551
1347.878965	-12.172261
1348.485250	-12.357842
1349.092080	-12.552561
1349.699456	-12.756467
1350.307380	-12.969371
1350.915851	-13.190837
1351.524871	-13.420188
1352.134441	-13.656506
1352.744560	-13.898619
1353.355231	-14.145127
1353.966453	-14.394446
1354.578227	-14.644876
1355.190555	-14.894657
1355.803436	-15.142075
1356.416872	-15.385558
1357.030863	-15.623739
1357.645411	-15.855490
1358.260515	-16.079974
1358.876177	-16.296707
1359.492397	-16.505587
1360.109176	-16.706877
1360.726516	-16.901182
1361.344416	-17.089392
1361.962877	-17.272598
1362.581901	-17.451991
1363.201487	-17.628789
1363.821637	-17.804126
1364.442352	-17.978939
1365.063632	-18.153906
1365.685478	-18.329414
1366.307891	-18.505542
1366.930871	-18.682064
1367.554420	-18.858483
1368.178538	-19.034005
1368.803226	-19.207525
1369.428485	-19.377678
1370.054315	-19.542913
1370.680717	-19.701544
1371.307693	-19.851783
1371.935242	-19.991810
1372.563366	-20.119797
1373.192065	-20.233955
1373.821341	-20.332665
1374.451193	-20.414579
1375.081623	-20.478618
1375.712632	-20.523976
1376.344221	-20.550127
1376.976389	-20.556765
1377.609139	-20.543810
1378.242470	-20.511504
1378.876384	-20.460460
1379.510881	-20.391581
1380.145963	-20.305995
1380.781629	-20.205013
1381.417881	-20.090078
1382.054720	-19.962789
1382.692147	-19.824960
1383.330161	-19.678586
1383.968765	-19.525699
1384.607959	-19.368245
1385.247743	-19.207991
1385.888119	-19.046492
1386.529087	-18.885152
1387.170648	-18.725314
1387.812804	-18.568252
1388.455554	-18.415087
1389.098899	-18.266672
1389.742842	-18.123534
1390.387381	-17.985947
1391.032519	-17.854089
1391.678256	-17.728150
1392.324592	-17.608355
1392.971529	-17.494883
1393.619068	-17.387721
1394.267208	-17.286642
1394.915952	-17.191306
1395.565300	-17.101388
1396.215253	-17.016680
1396.865812	-16.937104
1397.516977	-16.862595
1398.168749	-16.792993
1398.821130	-16.728035
1399.474120	-16.667436
1400.127719	-16.611046
1400.781930	-16.558982
1401.436752	-16.511550
1402.092186	-16.469057
1402.748234	-16.431614
1403.404897	-16.399035
1404.062174	-16.370941
1404.720067	-16.347046
1405.378577	-16.327372
1406.037705	-16.312314
1406.697451	-16.302527
1407.357817	-16.298630
1408.018803	-16.300921
1408.680410	-16.309332
1409.342639	-16.323565
1410.005492	-16.343333
1410.668968	-16.368562
1411.333068	-16.399417
1411.997795	-16.436115
1412.663147	-16.478698
1413.329127	-16.526900
1413.995736	-16.580275
1414.662973	-16.638498
1415.330840	-16.701591
1415.999339	-16.769975
1416.668469	-16.844287
1417.338232	-16.924934
1418.008628	-17.011687
1418.679659	-17.103627
1419.351325	-17.199447
1420.023628	-17.297990
1420.696568	-17.398821
1421.370145	-17.502449
1422.044362	-17.610022
1422.719219	-17.722722
1423.394717	-17.841121
1424.070856	-17.964837
1424.747638	-18.092779
1425.425064	-18.223837
1426.103134	-18.357639
1426.781850	-18.494965
1427.461212	-18.637510
1428.141221	-18.787094
1428.821878	-18.944692
1429.503185	-19.109792
1430.185141	-19.280523
1430.867749	-19.454575
1431.551008	-19.630509
1432.234920	-19.808861
1432.919486	-19.992394
1433.604707	-20.185240
1434.290583	-20.391330
1434.977116	-20.612755
1435.664307	-20.848800
1436.352156	-21.096192
1437.040664	-21.350606
1437.729833	-21.608935
1438.419663	-21.871301
1439.110156	-22.141806
1439.801312	-22.427567
1440.493132	-22.736235
1441.185617	-23.073074
1441.878768	-23.438793
1442.572586	-23.828901
1443.267072	-24.235168
1443.962228	-24.649116
1444.658053	-25.066431
1445.354549	-25.490447
1446.051717	-25.932867
1446.749558	-26.411241
1447.448073	-26.944113
1448.147263	-27.545631
1448.847128	-28.221252
1449.547671	-28.965323
1450.248891	-29.761626
1450.950789	-30.588223
1451.653368	-31.426992
1452.356627	-32.275444
1453.060568	-33.154503
1453.765192	-34.107088
1454.470500	-35.188105
1455.176492	-36.448822
1455.883170	-37.914739
1456.590534	-39.545831
1457.298586	-41.161980
1458.007327	-42.378198
1458.716758	-42.781544
1459.426880	-42.348051
1460.137693	-41.389094
1460.849199	-40.156135
1461.561398	-38.765361
1462.274293	-37.300287
1462.987883	-35.856179
1463.702170	-34.523132
1464.417155	-33.365688
1465.132838	-32.418946
1465.849222	-31.693628
1466.566306	-31.181390
1467.284093	-30.856291
1468.002582	-30.672608
1468.721775	-30.562501
1469.441674	-30.440531
1470.162278	-30.224024
1470.883590	-29.867120
1471.605609	-29.384514
1472.328338	-28.841630
1473.051777	-28.321228
1473.775928	-27.895130
1474.500790	-27.612943
1475.226367	-27.501627
1475.952657	-27.566525
1476.679663	-27.788005
1477.407386	-28.111572
1478.135826	-28.435101
1478.864985	-28.612142
1479.594863	-28.503341
1480.325463	-28.066523
1481.056784	-27.390824
1481.788828	-26.628464
1482.521597	-25.912727
1483.255090	-25.329196
1483.989309	-24.923614
1484.724256	-24.716405
1485.459931	-24.711984
1486.196336	-24.901027
1486.933471	-25.255316
1487.671337	-25.714538
1488.409937	-26.168195
1489.149270	-26.452511
1489.889337	-26.403282
1490.630141	-25.963048
1491.371682	-25.227850
1492.113961	-24.367010
1492.856979	-23.525391
1493.600738	-22.792152
1494.345238	-22.212761
1495.090481	-21.807781
1495.836467	-21.585931
1496.583198	-21.551395
1497.330675	-21.707541
1498.078899	-22.058555
1498.827872	-22.609590
1499.577593	-23.364882
1500.328065	-24.321932
1501.079289	-25.456738
1501.831265	-26.690956
1502.583995	-27.837614
1503.337480	-28.582660
1504.091721	-28.658893
1504.846719	-28.128159
1505.602475	-27.312038
1506.358991	-26.499260
1507.116268	-25.846884
1507.874306	-25.424621
1508.633108	-25.265981
1509.392673	-25.397764
1510.153004	-25.857038
1510.914101	-26.705500
1511.675965	-28.048271
1512.438599	-30.056022
1513.202002	-32.888760
1513.966176	-35.466059
1514.731122	-33.579392
1515.496842	-29.527043
1516.263336	-26.134597
1517.030607	-23.472361
1517.798654	-21.332836
1518.567479	-19.569672
1519.337083	-18.090036
1520.107468	-16.833475
1520.878634	-15.758887
1521.650584	-14.837089
1522.423317	-14.046482
1523.196836	-13.370401
1523.971141	-12.795398
1524.746233	-12.310039
1525.522115	-11.904038
1526.298786	-11.567585
1527.076249	-11.290805
1527.854504	-11.063355
1528.633553	-10.874194
1529.413397	-10.711559
1530.194037	-10.563227
1530.975474	-10.417140
1531.757709	-10.262364
1532.540745	-10.090243
1533.324581	-9.895490
1534.109220	-9.676904
1534.894662	-9.437475
1535.680909	-9.183818
1536.467961	-8.925120
1537.255821	-8.671923
1538.044489	-8.435007
1538.833967	-8.224567
1539.624256	-8.049723
1540.415357	-7.918329
1541.207271	-7.836992
1542.000000	-7.811218
1542.793545	-7.845627
1543.587907	-7.944192
1544.383087	-8.110487
1545.179088	-8.347928
1545.975909	-8.660023
1546.773552	-9.050614
1547.572019	-9.524147
1548.371311	-10.085982
1549.171428	-10.742766
1549.972373	-11.502927
1550.774147	-12.377332
1551.576751	-13.380235
1552.380185	-14.530667
1553.184453	-15.854505
1553.989554	-17.387539
1554.795490	-19.179767
1555.602263	-21.299620
1556.409873	-23.826777
1557.218322	-26.763621
1558.027612	-29.543590
1558.837743	-30.265227
1559.648717	-28.610992
1560.460536	-26.562819
1561.273200	-24.901049
1562.086710	-23.670808
1562.901069	-22.798995
1563.716278	-22.218663
1564.532337	-21.882233
1565.349249	-21.758078
1566.167014	-21.826346
1566.985634	-22.076209
1567.805111	-22.504343
1568.625444	-23.114409
1569.446637	-23.917584
1570.268690	-24.934435
1571.091605	-26.198824
1571.915382	-27.765874
1572.740024	-29.728760
1573.565532	-32.258314
1574.391907	-35.716395
1575.219150	-41.104966
1576.047262	-53.503394
1576.876246	-46.319896
1577.706103	-39.800273
1578.536833	-36.601291
1579.368439	-34.709814
1580.200922	-33.560576
1581.034282	-32.922852
1581.868522	-32.687877
1582.703643	-32.805614
1583.539646	-33.262681
1584.376532	-34.076942
1585.214304	-35.303346
1586.052962	-37.054564
1586.892508	-39.551006
1587.732943	-43.209432
1588.574269	-48.017636
1589.416487	-47.140340
1590.259599	-42.309401
1591.103605	-38.832576
1591.948508	-36.395970
1592.794309	-34.612647
1593.641009	-33.273932
1594.488609	-32.262097
1595.337112	-31.505535
1596.186518	-30.958007
1597.036829	-30.588285
1597.888047	-30.374766
1598.740172	-30.302375
1599.593207	-30.360395
1600.447153	-30.540934
1601.302010	-30.837421
1602.157782	-31.242782
1603.014469	-31.746954
1603.872072	-32.332474
1604.730593	-32.967362
1605.590034	-33.596230
1606.450397	-34.133872
1607.311681	-34.473842
1608.173890	-34.525640
1609.037024	-34.266034
1609.901085	-33.755580
1610.766075	-33.100809
1611.631995	-32.404115
1612.498846	-31.739348
1613.366630	-31.151458
1614.235349	-30.664657
1615.105004	-30.290156
1615.975596	-30.031148
1616.847128	-29.885288
1617.719600	-29.845284
1618.593014	-29.898109
1619.467372	-30.022981
1620.342675	-30.188637
1621.218924	-30.351380
1622.096122	-30.456618
1622.974270	-30.447675
1623.853369	-30.282190
1624.733420	-29.948459
1625.614427	-29.469722
1626.496389	-28.892474
1627.379308	-28.268238
1628.263187	-27.640266
1629.148026	-27.038469
1630.033828	-26.479912
1630.920593	-25.971336
1631.808324	-25.511740
1632.697022	-25.094657
1633.586688	-24.710242
1634.477324	-24.347132
1635.368932	-23.994098
1636.261514	-23.641484
1637.155070	-23.282461
1638.049602	-22.913895
1638.945113	-22.536558
1639.841603	-22.154559
1640.739075	-21.774038
1641.637529	-21.401731
1642.536968	-21.043885
1643.437393	-20.705529
1644.338806	-20.389985
1645.241209	-20.098583
1646.144602	-19.830700
1647.048988	-19.584130
1647.954368	-19.355656
1648.860744	-19.141637
1649.768118	-18.938521
1650.676491	-18.743329
1651.585865	-18.554100
1652.496241	-18.370192
1653.407621	-18.192257
1654.320008	-18.021878
1655.233401	-17.861083
1656.147804	-17.711910
1657.063218	-17.576051
1657.979645	-17.454531
1658.897085	-17.347479
1659.815542	-17.254099
1660.735016	-17.172900
1661.655509	-17.102074
1662.577023	-17.039858
1663.499560	-16.984799
1664.423121	-16.935986
1665.347709	-16.893255
1666.273324	-16.857218
1667.199969	-16.829008
1668.127645	-16.809908
1669.056353	-16.801039
1669.986097	-16.803150
1670.916877	-16.816467
1671.848695	-16.840603
1672.781553	-16.874611
1673.715452	-16.917233
1674.650395	-16.967208
1675.586383	-17.023508
1676.523418	-17.085440
1677.461501	-17.152640
1678.400635	-17.225039
1679.340821	-17.302714
1680.282061	-17.385649
1681.224357	-17.473501
1682.167710	-17.565522
1683.112122	-17.660644
1684.057595	-17.757662
1685.004132	-17.855374
1685.951732	-17.952677
1686.900400	-18.048691
1687.850135	-18.142809
1688.800940	-18.234536
1689.752818	-18.323183
1690.705768	-18.407625
1691.659795	-18.486288
1692.614898	-18.557235
1693.571081	-18.618253
1694.528345	-18.667030
1695.486691	-18.701476
1696.446122	-18.720015
1697.406640	-18.721608
1698.368245	-18.705560
1699.330941	-18.671428
1700.294729	-18.619065
1701.259611	-18.548612
1702.225588	-18.460430
1703.192664	-18.355175
1704.160838	-18.233968
1705.130114	-18.098408
1706.100493	-17.950332
1707.071977	-17.791559
1708.044568	-17.623771
1709.018268	-17.448451
1709.993079	-17.266800
1710.969003	-17.079734
1711.946041	-16.888060
1712.924196	-16.692661
1713.903469	-16.494538
1714.883862	-16.294729
1715.865378	-16.094263
1716.848017	-15.894168
1717.831783	-15.695428
1718.816677	-15.498899
1719.802701	-15.305310
1720.789857	-15.115341
1721.778147	-14.929648
1722.767573	-14.748783
1723.758136	-14.573118
1724.749840	-14.402881
1725.742685	-14.238179
1726.736673	-14.078954
1727.731808	-13.924992
1728.728090	-13.776053
1729.725521	-13.631926
1730.724105	-13.492380
1731.723842	-13.357084
1732.724735	-13.225634
1733.726785	-13.097567
1734.729995	-12.972264
1735.734366	-12.848926
1736.739902	-12.726665
1737.746603	-12.604541
1738.754472	-12.481472
1739.763510	-12.356214
1740.773721	-12.227458
1741.785105	-12.093844
1742.797665	-11.953953
1743.811403	-11.806404
1744.826321	-11.650010
1745.842422	-11.483816
1746.859706	-11.307083
1747.878177	-11.119341
1748.897835	-10.920446
1749.918685	-10.710551
1750.940726	-10.490094
1751.963963	-10.259834
1752.988395	-10.020861
1754.014027	-9.774531
1755.040860	-9.522439
1756.068895	-9.266386
1757.098135	-9.008345
1758.128583	-8.750404
1759.160240	-8.494707
1760.193109	-8.243410
1761.227191	-7.998630
1762.262488	-7.762404
1763.299004	-7.536661
1764.336740	-7.323235
1765.375697	-7.123894
1766.415880	-6.940360
1767.457288	-6.774327
1768.499926	-6.627494
1769.543794	-6.501580
1770.588895	-6.398321
1771.635231	-6.319468
1772.682805	-6.266811
1773.731619	-6.242181
1774.781674	-6.247452
1775.832973	-6.284587
1776.885519	-6.355705
1777.939312	-6.463135
1778.994357	-6.609490
1780.050654	-6.797765
1781.108207	-7.031430
1782.167017	-7.314506
1783.227087	-7.651688
1784.288418	-8.048504
1785.351013	-8.511501
1786.414875	-9.048513
1787.480006	-9.669063
1788.546407	-10.384874
1789.614082	-11.210519
1790.683032	-12.164225
1791.753259	-13.268589
1792.824767	-14.550276
1793.897557	-16.035564
1794.971632	-17.731112
1796.046994	-19.556878
1797.123645	-21.170162
1798.201588	-21.833440
1799.280824	-21.109027
1800.361357	-19.570322
1801.443188	-17.908383
1802.526320	-16.408618
1803.610756	-15.130789
1804.696497	-14.064755
1805.783546	-13.185892
1806.871906	-12.470614
1807.961578	-11.899752
1809.052565	-11.458587
1810.144870	-11.136142
1811.238494	-10.924428
1812.333441	-10.817757
1813.429713	-10.812179
1814.527311	-10.904989
1815.626239	-11.094207
1816.726499	-11.377910
1817.828094	-11.753295
1818.931025	-12.215224
1820.035295	-12.753868
1821.140906	-13.351105
1822.247862	-13.975599
1823.356165	-14.577686
1824.465816	-15.088209
1825.576819	-15.428873
1826.689175	-15.538546
1827.802888	-15.403398
1828.917960	-15.065134
1830.034394	-14.598907
1831.152191	-14.082150
1832.271354	-13.575938
1833.391887	-13.121344
1834.513790	-12.743210
1835.637068	-12.455298
1836.761722	-12.264396
1837.887755	-12.172902
1839.015169	-12.180128
1840.143968	-12.282636
1841.274153	-12.473770
1842.405727	-12.742416
1843.538693	-13.071118
1844.673053	-13.433880
1845.808810	-13.794657
1846.945966	-14.108527
1848.084525	-14.328142
1849.224488	-14.416061
1850.365858	-14.358238
1851.508638	-14.169978
1852.652831	-13.889701
1853.798438	-13.565275
1854.945463	-13.241684
1856.093909	-12.954576
1857.243777	-12.728923
1858.395071	-12.580212
1859.547794	-12.516184
1860.701947	-12.538043
1861.857533	-12.640842
1863.014556	-12.813129
1864.173018	-13.036073
1865.332922	-13.282785
1866.494270	-13.519129
1867.657065	-13.707559
1868.821309	-13.814796
1869.987006	-13.821548
1871.154158	-13.729363
1872.322768	-13.560097
1873.492839	-13.348369
1874.664373	-13.131712
1875.837373	-12.943033
1877.011841	-12.806871
1878.187782	-12.738420
1879.365197	-12.743700
1880.544089	-12.819820
1881.724460	-12.954915
1882.906315	-13.128030
1884.089655	-13.309958
1885.274483	-13.466457
1886.460803	-13.564889
1887.648616	-13.583350
1888.837927	-13.518326
1890.028736	-13.386235
1891.221049	-13.217773
1892.414866	-13.048639
1893.610192	-12.911291
1894.807028	-12.829997
1896.005379	-12.818688
1897.205246	-12.880181
1898.406633	-13.005725
1899.609542	-13.174717
1900.813977	-13.355573
1902.019940	-13.509647
1903.227434	-13.599781
1904.436462	-13.602198
1905.647028	-13.516141
1906.859133	-13.364807
1908.072781	-13.186849
1909.287976	-13.024179
1910.504719	-12.912248
1911.723013	-12.874787
1912.942863	-12.921661
1914.164270	-13.047854
1915.387238	-13.232631
1916.611770	-13.439808
1917.837868	-13.621833
1919.065536	-13.730776
1920.294777	-13.735312
1921.525594	-13.635106
1922.757989	-13.461859
1923.991967	-13.266091
1925.227529	-13.099599
1926.464679	-13.002968
1927.703420	-12.999827
1928.943755	-13.094873
1930.185688	-13.272736
1931.429221	-13.497317
1932.674356	-13.714503
1933.921099	-13.863388
1935.169451	-13.897872
1936.419415	-13.808994
1937.670996	-13.630617
1938.924195	-13.423163
1940.179017	-13.249261
1941.435463	-13.156437
1942.693538	-13.169721
1943.953245	-13.289507
1945.214586	-13.490641
1946.477566	-13.723118
1947.742186	-13.919629
1949.008451	-14.016063
1950.276363	-13.980941
1951.545926	-13.833504
1952.817143	-13.633480
1954.090017	-13.452075
1955.364551	-13.346632
1956.640749	-13.348278
1957.918615	-13.458313
1959.198150	-13.647777
1960.479359	-13.860376
1961.762244	-14.024851
1963.046810	-14.081641
1964.333059	-14.013753
1965.620995	-13.857087
1966.910621	-13.679820
1968.201940	-13.549777
1969.494956	-13.511549
1970.789672	-13.577215
1972.086091	-13.724909
1973.384217	-13.902946
1974.684053	-14.043823
1975.985602	-14.091665
1977.288869	-14.032122
1978.593855	-13.900804
1979.900566	-13.761726
1981.209003	-13.674930
1982.519171	-13.673919
1983.831073	-13.756865
1985.144712	-13.887943
1986.460093	-14.009045
1987.777217	-14.064464
1989.096089	-14.031060
1990.416713	-13.932419
1991.739092	-13.823610
1993.063228	-13.759847
1994.389127	-13.770827
1995.716791	-13.849298
1997.046223	-13.953538
1998.377428	-14.025016
1999.710409	-14.020022
2001.045169	-13.938545
2002.381713	-13.825730
2003.720043	-13.743773
2005.060163	-13.737471
2006.402077	-13.812157
2007.745788	-13.928277
2009.091301	-14.015643
2010.438618	-14.011110
2011.787743	-13.903283
2013.138680	-13.744968
2014.491433	-13.619411
2015.846005	-13.592390
2017.202399	-13.680387
2018.560621	-13.839077
2019.920673	-13.974699
2021.282558	-13.991077
2022.646281	-13.859451
2024.011846	-13.646691
2025.379256	-13.467362
2026.748515	-13.413074
2028.119626	-13.510413
2029.492594	-13.707342
2030.867422	-13.885337
2032.244114	-13.918550
2033.622673	-13.769230
2035.003104	-13.524521
2036.385411	-13.325458
2037.769597	-13.274591
2039.155665	-13.390686
2040.543621	-13.600969
2041.933467	-13.766573
2043.325208	-13.764181
2044.718847	-13.587756
2046.114389	-13.353753
2047.511837	-13.201376
2048.911195	-13.204002
2050.312467	-13.339911
2051.715657	-13.505654
2053.120769	-13.574708
2054.527807	-13.491968
2055.936775	-13.318788
2057.347677	-13.171226
2058.760516	-13.127763
2060.175297	-13.186209
2061.592025	-13.275588
2063.010701	-13.310482
2064.431332	-13.259532
2065.853921	-13.166209
2067.278472	-13.098986
2068.704988	-13.088374
2070.133475	-13.107056
2071.563936	-13.102101
2072.996375	-13.051338
2074.430796	-12.988435
2075.867204	-12.967112
2077.305603	-13.002638
2078.745996	-13.047244
2080.188389	-13.027362
2081.632784	-12.921177
2083.079187	-12.793964
2084.527601	-12.741929
2085.978030	-12.804770
2087.430480	-12.921591
2088.884954	-12.966168
2090.341455	-12.863401
2091.799990	-12.679078
2093.260561	-12.558563
2094.723173	-12.592159
2096.187831	-12.739352
2097.654538	-12.849915
2099.123300	-12.794855
2100.594119	-12.610309
2102.067001	-12.459389
2103.541950	-12.463865
2105.018971	-12.601116
2106.498067	-12.722344
2107.979243	-12.690600
2109.462503	-12.533611
2110.947853	-12.406202
2112.435295	-12.416456
2113.924836	-12.527983
2115.416478	-12.601831
2116.910227	-12.546340
2118.406087	-12.423307
2119.904063	-12.362597
2121.404158	-12.409499
2122.906378	-12.482975
2124.410727	-12.474170
2125.917210	-12.384268
2127.425831	-12.319767
2128.936594	-12.351363
2130.449505	-12.425726
2131.964567	-12.428829
2133.481786	-12.338012
2135.001166	-12.259454
2136.522711	-12.288605
2138.046427	-12.386451
2139.572317	-12.417661
2141.100388	-12.325810
2142.630642	-12.219480
2144.163085	-12.228709
2145.697722	-12.339928
2147.234558	-12.406392
2148.773596	-12.335440
2150.314842	-12.221456
2151.858301	-12.212319
2153.403977	-12.315369
2154.951875	-12.390716
2156.502000	-12.338684
2158.054357	-12.241394
2159.608950	-12.234536
2161.165785	-12.317794
2162.724866	-12.364595
2164.286198	-12.309338
2165.849786	-12.242679
2167.415635	-12.261748
2168.983749	-12.325084
2170.554134	-12.323823
2172.126795	-12.259664
2173.701737	-12.240268
2175.278964	-12.299080
2176.858481	-12.337897
2178.440294	-12.287495
2180.024408	-12.232049
2181.610827	-12.271762
2183.199557	-12.353971
2184.790602	-12.349312
2186.383968	-12.271455
2187.979660	-12.262384
2189.577683	-12.356655
2191.178041	-12.419135
2192.780741	-12.365949
2194.385787	-12.313034
2195.993185	-12.375249
2197.602939	-12.473139
2199.215054	-12.460726
