# 2022-03-22_10.07.21
# shape = sech2
# FWHM_ps = 0.11
# carrier_nm = 1542
# frep_MHz = 12126
# pow_mW = 8000
# GDD = 0.0
# propa_len = 0.11866666666666668
# untap_len = 0.01
# taper_len = 0.05866666666666667
# waist_len = 0.02
# uptap_len = 0.02
# untap_scale = 1.0
# waist_scale = 0.33684210526315794
# workingDir = NL_20110305_12 (Spirou)
# axis = slow
# window_ps = 10.0
# steps = 200
# points = 21700
# 
# wavelength [nm]	 power spectral density [dB]
600.043425	-126.304677
600.163550	-126.325812
600.283723	-126.282456
600.403943	-126.178343
600.524212	-126.023086
600.644529	-125.829109
600.764895	-125.610644
600.885308	-125.382304
601.005770	-125.157123
601.126280	-124.945536
601.246839	-124.754935
601.367446	-124.589158
601.488101	-124.448024
601.608804	-124.327207
601.729557	-124.218719
601.850357	-124.112113
601.971206	-123.995968
602.092104	-123.859940
602.213050	-123.697310
602.334045	-123.506987
602.455089	-123.294293
602.576181	-123.070036
602.697322	-122.848428
602.818511	-122.644735
602.939749	-122.472821
603.061036	-122.343582
603.182372	-122.264456
603.303757	-122.238875
603.425191	-122.266066
603.546673	-122.341511
603.668204	-122.457368
603.789785	-122.603046
603.911414	-122.766751
604.033092	-122.937793
604.154820	-123.108630
604.276596	-123.276840
604.398422	-123.446557
604.520297	-123.627566
604.642220	-123.833011
604.764193	-124.076344
604.886216	-124.367092
605.008287	-124.706262
605.130408	-125.082158
605.252578	-125.466349
605.374798	-125.812286
605.497066	-126.061281
605.619385	-126.159469
605.741752	-126.080876
605.864169	-125.841245
605.986636	-125.490753
606.109152	-125.091716
606.231718	-124.699183
606.354333	-124.351722
606.476998	-124.070594
606.599712	-123.863619
606.722476	-123.728847
606.845290	-123.657137
606.968154	-123.634874
607.091067	-123.646807
607.214030	-123.678187
607.337043	-123.716760
607.460106	-123.755041
607.583219	-123.790839
607.706381	-123.826119
607.829594	-123.865084
607.952856	-123.912040
608.076169	-123.969561
608.199531	-124.036766
608.322944	-124.108678
608.446407	-124.176689
608.569920	-124.229465
608.693483	-124.254703
608.817096	-124.241005
608.940759	-124.179362
609.064473	-124.064812
609.188237	-123.897705
609.312051	-123.683610
609.435916	-123.432261
609.559831	-123.156112
609.683796	-122.868920
609.807812	-122.583893
609.931878	-122.312245
610.055995	-122.062631
610.180162	-121.840478
610.304380	-121.648162
610.428648	-121.485273
610.552967	-121.348941
610.677337	-121.235134
610.801757	-121.140187
610.926228	-121.061814
611.050750	-120.999786
611.175323	-120.956624
611.299946	-120.937669
611.424620	-120.950463
611.549345	-121.003622
611.674121	-121.105802
611.798948	-121.265004
611.923826	-121.487819
612.048755	-121.778865
612.173734	-122.140751
612.298765	-122.573937
612.423847	-123.076823
612.548980	-123.645889
612.674165	-124.275480
612.799400	-124.957357
612.924687	-125.679837
613.050025	-126.425487
613.175414	-127.167264
613.300854	-127.862721
613.426346	-128.447246
613.551889	-128.834755
613.677484	-128.937842
613.803130	-128.707744
613.928827	-128.166049
614.054576	-127.395178
614.180377	-126.496934
614.306229	-125.557355
614.432132	-124.635086
614.558087	-123.765031
614.684094	-122.965193
614.810153	-122.242727
614.936263	-121.598609
615.062425	-121.030312
615.188639	-120.533258
615.314904	-120.102273
615.441222	-119.732482
615.567591	-119.419302
615.694012	-119.158907
615.820486	-118.948823
615.947011	-118.787732
616.073588	-118.674980
616.200217	-118.610392
616.326898	-118.594033
616.453632	-118.626062
616.580417	-118.706939
616.707255	-118.837326
616.834144	-119.017553
616.961086	-119.247649
617.088081	-119.527409
617.215127	-119.855513
617.342226	-120.227678
617.469378	-120.633617
617.596581	-121.052749
617.723837	-121.448976
617.851146	-121.767023
617.978507	-121.936915
618.105920	-121.893039
618.233386	-121.604270
618.360905	-121.093556
618.488476	-120.427379
618.616100	-119.685965
618.743777	-118.939066
618.871506	-118.236814
618.999288	-117.611370
619.127123	-117.082082
619.255011	-116.660315
619.382951	-116.353103
619.510945	-116.165665
619.638991	-116.102902
619.767090	-116.170525
619.895243	-116.376019
620.023448	-116.729401
620.151706	-117.244426
620.280017	-117.940033
620.408382	-118.842555
620.536799	-119.989779
620.665270	-121.438194
620.793794	-123.275905
620.922371	-125.645617
621.051002	-128.769570
621.179686	-132.738507
621.308423	-135.098270
621.437213	-132.330407
621.566057	-129.005089
621.694954	-126.549805
621.823905	-124.763490
621.952909	-123.433784
622.081967	-122.424766
622.211079	-121.649038
622.340244	-121.047635
622.469462	-120.578374
622.598735	-120.210297
622.728061	-119.920859
622.857441	-119.694510
622.986874	-119.522919
623.116361	-119.404781
623.245903	-119.344989
623.375498	-119.354115
623.505147	-119.446938
623.634850	-119.640320
623.764606	-119.951147
623.894417	-120.393436
624.024282	-120.974228
624.154201	-121.685771
624.284174	-122.490084
624.414202	-123.294704
624.544283	-123.932500
624.674419	-124.194918
624.804609	-123.959876
624.934853	-123.298637
625.065151	-122.404506
625.195504	-121.453054
625.325911	-120.547944
625.456373	-119.734949
625.586889	-119.028419
625.717460	-118.429043
625.848085	-117.933146
625.978764	-117.536576
626.109498	-117.235876
626.240287	-117.028130
626.371131	-116.909725
626.502029	-116.875270
626.632982	-116.916211
626.763989	-117.019575
626.895052	-117.167746
627.026169	-117.338871
627.157341	-117.508831
627.288568	-117.655237
627.419850	-117.761943
627.551187	-117.822209
627.682579	-117.839817
627.814026	-117.826944
627.945528	-117.800850
628.077085	-117.780565
628.208697	-117.784285
628.340364	-117.828971
628.472087	-117.930885
628.603865	-118.106591
628.735698	-118.374431
628.867586	-118.755833
628.999530	-119.277064
629.131529	-119.971662
629.263584	-120.884698
629.395694	-122.081131
629.527859	-123.660779
629.660080	-125.787256
629.792357	-128.731165
629.924689	-132.675566
630.057077	-134.641176
630.189520	-130.903660
630.322019	-127.076900
630.454574	-124.261237
630.587184	-122.158100
630.719851	-120.543245
630.852573	-119.285397
630.985351	-118.305611
631.118185	-117.553618
631.251075	-116.995489
631.384021	-116.607217
631.517023	-116.371108
631.650081	-116.273512
631.783195	-116.303657
631.916365	-116.452835
632.049592	-116.714313
632.182874	-117.083660
632.316213	-117.559076
632.449608	-118.141273
632.583059	-118.832145
632.716567	-119.632097
632.850131	-120.534217
632.983751	-121.511186
633.117428	-122.491006
633.251161	-123.327948
633.384951	-123.808579
633.518797	-123.761346
633.652700	-123.209675
633.786660	-122.354113
633.920676	-121.412315
634.054749	-120.527875
634.188879	-119.774802
634.323065	-119.187189
634.457308	-118.781325
634.591608	-118.567816
634.725965	-118.557578
634.860379	-118.765382
634.994850	-119.212800
635.129377	-119.931436
635.263962	-120.966442
635.398604	-122.378691
635.533303	-124.227803
635.668058	-126.439934
635.802872	-128.219987
635.937742	-127.733988
636.072669	-125.305578
636.207654	-122.687244
636.342696	-120.432574
636.477796	-118.551426
636.612953	-116.971914
636.748167	-115.631520
636.883439	-114.486478
637.018768	-113.507777
637.154155	-112.676256
637.289599	-111.978544
637.425101	-111.404528
637.560660	-110.945704
637.696277	-110.593879
637.831952	-110.340617
637.967685	-110.177090
638.103475	-110.094417
638.239324	-110.084170
638.375230	-110.138903
638.511194	-110.252726
638.647215	-110.421663
638.783295	-110.643590
638.919433	-110.917747
639.055629	-111.243676
639.191883	-111.620057
639.328195	-112.043475
639.464565	-112.507524
639.600994	-113.002123
639.737481	-113.513496
639.874025	-114.024787
640.010629	-114.517319
640.147290	-114.972159
640.284010	-115.371268
640.420789	-115.698164
640.557625	-115.937451
640.694521	-116.074535
640.831474	-116.097783
640.968487	-116.003222
641.105558	-115.799239
641.242687	-115.508788
641.379876	-115.167369
641.517123	-114.817849
641.654429	-114.504608
641.791793	-114.268837
641.929216	-114.146159
642.066699	-114.166688
642.204240	-114.355597
642.341840	-114.733875
642.479499	-115.318918
642.617217	-116.122825
642.754994	-117.146210
642.892830	-118.363426
643.030726	-119.692285
643.168680	-120.951077
643.306694	-121.859462
643.444767	-122.199777
643.582899	-122.037214
643.721091	-121.651339
643.859342	-121.302993
643.997652	-121.152361
644.136022	-121.295544
644.274451	-121.817241
644.412940	-122.834803
644.551488	-124.542041
644.690096	-127.224281
644.828763	-130.455698
644.967490	-129.258563
645.106277	-124.679236
645.245124	-120.936603
645.384030	-118.137488
645.522997	-116.006927
645.662023	-114.367878
645.801109	-113.114457
645.940255	-112.180411
646.079460	-111.522193
646.218726	-111.110561
646.358052	-110.926828
646.497438	-110.961489
646.636884	-111.214761
646.776391	-111.698690
646.915957	-112.440958
647.055584	-113.492925
647.195271	-114.946490
647.335019	-116.973244
647.474826	-119.936468
647.614695	-124.838990
647.754623	-136.874971
647.894612	-129.259610
648.034662	-122.240032
648.174772	-118.595045
648.314943	-116.262240
648.455174	-114.655136
648.595466	-113.518311
648.735819	-112.710345
648.876233	-112.138125
649.016707	-111.731909
649.157242	-111.436033
649.297838	-111.206889
649.438495	-111.014087
649.579213	-110.841992
649.719992	-110.689765
649.860832	-110.569230
650.001733	-110.500931
650.142695	-110.510430
650.283718	-110.625610
650.424803	-110.874677
650.565949	-111.284154
650.707156	-111.875316
650.848424	-112.654126
650.989754	-113.585336
651.131145	-114.537366
651.272597	-115.214291
651.414111	-115.232654
651.555687	-114.482784
651.697324	-113.270301
651.839022	-111.965778
651.980782	-110.779783
652.122604	-109.793145
652.264488	-109.026694
652.406433	-108.480354
652.548441	-108.149952
652.690510	-108.033258
652.832640	-108.131252
652.974833	-108.446364
653.117088	-108.976492
653.259405	-109.700199
653.401784	-110.544263
653.544224	-111.330521
653.686727	-111.754347
653.829293	-111.545464
653.971920	-110.747175
654.114609	-109.667839
654.257361	-108.593135
654.400175	-107.676424
654.543052	-106.977519
654.685991	-106.511568
654.828992	-106.276113
654.972056	-106.262489
655.115183	-106.458940
655.258372	-106.849641
655.401623	-107.410182
655.544937	-108.098118
655.688314	-108.837975
655.831754	-109.508494
655.975256	-109.956811
656.118822	-110.066487
656.262450	-109.841915
656.406141	-109.407681
656.549894	-108.923086
656.693711	-108.513940
656.837591	-108.259118
656.981534	-108.203549
657.125540	-108.373026
657.269610	-108.784369
657.413742	-109.450729
657.557938	-110.382451
657.702196	-111.581883
657.846519	-113.024788
657.990904	-114.606569
658.135353	-116.032330
658.279866	-116.772787
658.424441	-116.477196
658.569081	-115.440122
658.713784	-114.176063
658.858550	-112.977153
659.003381	-111.942361
659.148274	-111.089929
659.293232	-110.413768
659.438253	-109.903335
659.583339	-109.549859
659.728488	-109.348315
659.873701	-109.298193
660.018978	-109.404418
660.164318	-109.677810
660.309723	-110.135163
660.455192	-110.798830
660.600725	-111.694084
660.746323	-112.840917
660.891984	-114.228273
661.037710	-115.740275
661.183500	-117.005791
661.329354	-117.388983
661.475272	-116.639423
661.621255	-115.268387
661.767303	-113.823740
661.913415	-112.542134
662.059591	-111.482439
662.205833	-110.646598
662.352138	-110.027791
662.498509	-109.624654
662.644944	-109.443101
662.791443	-109.493309
662.938008	-109.783045
663.084638	-110.303804
663.231332	-111.001014
663.378091	-111.718571
663.524915	-112.150630
663.671804	-111.960025
663.818759	-111.106156
663.965778	-109.889455
664.112863	-108.628245
664.260012	-107.493687
664.407227	-106.545395
664.554507	-105.791056
664.701853	-105.220878
664.849264	-104.823182
664.996740	-104.591184
665.144282	-104.525361
665.291889	-104.633247
665.439561	-104.927516
665.587300	-105.421497
665.735103	-106.120525
665.882973	-107.004114
666.030908	-107.989908
666.178909	-108.880473
666.326976	-109.363361
666.475109	-109.210122
666.623307	-108.523460
666.771571	-107.617741
666.919902	-106.748380
667.068298	-106.040591
667.216761	-105.535228
667.365289	-105.233553
667.513884	-105.119943
667.662545	-105.171220
667.811272	-105.359270
667.960065	-105.649249
668.108925	-105.994183
668.257851	-106.329915
668.406843	-106.576070
668.555902	-106.652191
668.705027	-106.511719
668.854219	-106.170166
669.003478	-105.698480
669.152803	-105.188815
669.302195	-104.723004
669.451653	-104.359807
669.601179	-104.136396
669.750771	-104.074671
669.900430	-104.187401
670.050156	-104.482678
670.199949	-104.967165
670.349808	-105.649156
670.499735	-106.541169
670.649729	-107.662353
670.799790	-109.040939
670.949918	-110.714157
671.100114	-112.716688
671.250377	-115.021924
671.400707	-117.319398
671.551104	-118.637013
671.701569	-118.173134
671.852101	-116.759071
672.002700	-115.360512
672.153368	-114.280053
672.304102	-113.536301
672.454905	-113.079783
672.605775	-112.847065
672.756713	-112.767417
672.907718	-112.759541
673.058791	-112.730847
673.209933	-112.588263
673.361142	-112.262951
673.512419	-111.736222
673.663764	-111.044090
673.815177	-110.254604
673.966658	-109.438743
674.118207	-108.653642
674.269825	-107.939201
674.421510	-107.320961
674.573264	-106.814374
674.725086	-106.427964
674.876977	-106.165365
675.028936	-106.026381
675.180963	-106.006725
675.333059	-106.097000
675.485224	-106.281738
675.637457	-106.539351
675.789758	-106.843503
675.942129	-107.167485
676.094568	-107.492091
676.247075	-107.814298
676.399652	-108.152182
676.552298	-108.543720
676.705012	-109.040634
676.857795	-109.702021
677.010648	-110.591387
677.163569	-111.777131
677.316560	-113.330258
677.469619	-115.293913
677.622748	-117.510351
677.775946	-119.043155
677.929214	-118.408448
678.082551	-116.279595
678.235957	-114.073953
678.389432	-112.213566
678.542977	-110.703327
678.696592	-109.477661
678.850276	-108.475024
679.004030	-107.648034
679.157853	-106.962724
679.311746	-106.395719
679.465709	-105.932147
679.619742	-105.564021
679.773844	-105.288738
679.928017	-105.107954
680.082259	-105.026910
680.236571	-105.054056
680.390954	-105.201040
680.545406	-105.484000
680.699929	-105.925786
680.854522	-106.558497
681.009185	-107.427558
681.163918	-108.596947
681.318722	-110.152201
681.473596	-112.179971
681.628540	-114.593047
681.783555	-116.348071
681.938641	-115.475187
682.093797	-112.994160
682.249023	-110.667338
682.404321	-108.880775
682.559689	-107.602898
682.715128	-106.761722
682.870637	-106.303681
683.026218	-106.197258
683.181869	-106.430509
683.337591	-107.010800
683.493385	-107.968185
683.649249	-109.360256
683.805185	-111.267768
683.961191	-113.697929
684.117269	-115.967139
684.273418	-115.805408
684.429639	-113.285774
684.585930	-110.657287
684.742294	-108.559871
684.898728	-106.971867
685.055234	-105.796279
685.211812	-104.950188
685.368461	-104.366609
685.525182	-103.986987
685.681975	-103.756189
685.838839	-103.622233
685.995775	-103.540929
686.152783	-103.482680
686.309863	-103.437153
686.467014	-103.411563
686.624238	-103.422725
686.781534	-103.486667
686.938902	-103.609306
687.096342	-103.780801
687.253854	-103.975792
687.411438	-104.160172
687.569095	-104.304497
687.726824	-104.399140
687.884626	-104.462329
688.042499	-104.535710
688.200446	-104.671753
688.358465	-104.921361
688.516556	-105.326576
688.674720	-105.917079
688.832957	-106.706834
688.991266	-107.688413
689.149649	-108.822240
689.308104	-110.023767
689.466632	-111.165428
689.625233	-112.120559
689.783906	-112.835331
689.942653	-113.341319
690.101473	-113.661943
690.260367	-113.714160
690.419333	-113.354411
690.578372	-112.573480
690.737485	-111.574159
690.896672	-110.615989
691.055931	-109.875758
691.215264	-109.424958
691.374671	-109.241819
691.534151	-109.201504
691.693704	-109.061528
691.853332	-108.544512
692.013033	-107.563721
692.172807	-106.307737
692.332656	-105.041580
692.492578	-103.940119
692.652575	-103.076279
692.812645	-102.459111
692.972789	-102.060697
693.133007	-101.827352
693.293300	-101.684590
693.453666	-101.547565
693.614107	-101.343397
693.774622	-101.038115
693.935211	-100.646727
694.095875	-100.216682
694.256613	-99.800419
694.417426	-99.435810
694.578313	-99.140117
694.739274	-98.913104
694.900311	-98.743940
695.061421	-98.618608
695.222607	-98.525657
695.383868	-98.459273
695.545203	-98.419020
695.706613	-98.407125
695.868098	-98.425991
696.029658	-98.476906
696.191293	-98.560582
696.353003	-98.679864
696.514789	-98.842507
696.676649	-99.062597
696.838585	-99.359331
697.000596	-99.752721
697.162682	-100.256884
697.324844	-100.870813
697.487081	-101.565971
697.649394	-102.273584
697.811782	-102.881270
697.974246	-103.260456
698.136786	-103.331943
698.299401	-103.114131
698.462092	-102.693792
698.624859	-102.157233
698.787702	-101.553838
698.950621	-100.903403
699.113616	-100.218469
699.276686	-99.520202
699.439833	-98.840925
699.603056	-98.215764
699.766355	-97.673028
699.929731	-97.227910
700.093183	-96.880017
700.256711	-96.614546
700.420315	-96.405947
700.583996	-96.223973
700.747754	-96.041662
700.911588	-95.842659
701.075499	-95.624239
701.239486	-95.394434
701.403550	-95.165036
701.567691	-94.944721
701.731909	-94.735552
701.896203	-94.533834
702.060575	-94.334760
702.225024	-94.138176
702.389549	-93.952514
702.554152	-93.795541
702.718832	-93.691479
702.883589	-93.666449
703.048424	-93.744259
703.213335	-93.943297
703.378324	-94.275145
703.543391	-94.743580
703.708535	-95.343009
703.873757	-96.056691
704.039056	-96.855055
704.204433	-97.694609
704.369887	-98.520508
704.535420	-99.275931
704.701030	-99.917688
704.866718	-100.429381
705.032484	-100.822149
705.198328	-101.122174
705.364250	-101.353464
705.530250	-101.526078
705.696328	-101.633555
705.862485	-101.659009
706.028720	-101.587738
706.195033	-101.420672
706.361424	-101.180602
706.527894	-100.906786
706.694442	-100.642070
706.861069	-100.419600
707.027775	-100.251200
707.194559	-100.119111
707.361422	-99.972418
707.528363	-99.734985
707.695384	-99.334528
707.862483	-98.743183
708.029661	-97.997922
708.196918	-97.180343
708.364254	-96.377105
708.531670	-95.653319
708.699164	-95.045884
708.866738	-94.567284
709.034391	-94.210647
709.202123	-93.953746
709.369935	-93.762918
709.537826	-93.599079
709.705796	-93.426810
709.873847	-93.224393
710.041976	-92.990195
710.210186	-92.741051
710.378475	-92.503520
710.546844	-92.303535
710.715292	-92.158613
710.883821	-92.074104
711.052429	-92.043823
711.221118	-92.053382
711.389887	-92.085125
711.558735	-92.123864
711.727664	-92.161699
711.896673	-92.199391
712.065763	-92.243284
712.234932	-92.299625
712.404183	-92.368895
712.573513	-92.442589
712.742924	-92.503960
712.912416	-92.532563
713.081988	-92.511514
713.251641	-92.434601
713.421375	-92.309102
713.591190	-92.153232
713.761085	-91.990736
713.931061	-91.846037
714.101119	-91.741251
714.271257	-91.694999
714.441476	-91.721447
714.611777	-91.827846
714.782159	-92.010135
714.952622	-92.246449
715.123166	-92.489995
715.293792	-92.668704
715.464499	-92.702434
715.635288	-92.540230
715.806158	-92.193996
715.977110	-91.734592
716.148143	-91.254807
716.319259	-90.834163
716.490456	-90.524520
716.661735	-90.351576
716.833096	-90.321737
717.004538	-90.428461
717.176063	-90.657465
717.347670	-90.991662
717.519359	-91.415165
717.691130	-91.914280
717.862984	-92.472927
718.034920	-93.059809
718.206938	-93.607557
718.379039	-93.997366
718.551222	-94.084688
718.723488	-93.788578
718.895836	-93.168465
719.068267	-92.384536
719.240781	-91.597060
719.413377	-90.912850
719.586057	-90.385726
719.758819	-90.033714
719.931664	-89.853132
720.104593	-89.826427
720.277604	-89.926431
720.450699	-90.118752
720.623876	-90.364299
720.797137	-90.623464
720.970482	-90.860652
721.143910	-91.047450
721.317421	-91.163336
721.491016	-91.194043
721.664694	-91.130048
721.838456	-90.968057
722.012302	-90.714764
722.186231	-90.388761
722.360244	-90.018117
722.534342	-89.634772
722.708523	-89.268419
722.882788	-88.942270
723.057137	-88.671866
723.231570	-88.466786
723.406088	-88.333361
723.580689	-88.277148
723.755375	-88.304572
723.930146	-88.422824
724.105000	-88.637290
724.279940	-88.946371
724.454963	-89.333620
724.630072	-89.758221
724.805265	-90.149362
724.980543	-90.416059
725.155905	-90.483909
725.331353	-90.342793
725.506885	-90.058954
725.682503	-89.737311
725.858205	-89.473882
726.033993	-89.331650
726.209865	-89.336704
726.385823	-89.480217
726.561866	-89.719421
726.737995	-89.980377
726.914209	-90.172692
727.090508	-90.223246
727.266893	-90.114653
727.443364	-89.893886
727.619920	-89.641776
727.796562	-89.433858
727.973290	-89.319393
728.150103	-89.318032
728.327003	-89.423277
728.503988	-89.607104
728.681060	-89.825227
728.858218	-90.024764
729.035461	-90.155988
729.212791	-90.185504
729.390208	-90.104471
729.567710	-89.927163
729.745299	-89.681491
729.922975	-89.398256
730.100737	-89.104217
730.278586	-88.818926
730.456521	-88.553784
730.634543	-88.312190
730.812652	-88.090323
730.990848	-87.878969
731.169130	-87.667311
731.347500	-87.448258
731.525957	-87.223498
731.704500	-87.005606
731.883131	-86.815981
732.061850	-86.679106
732.240655	-86.615081
732.419548	-86.631987
732.598528	-86.718923
732.777596	-86.840343
732.956751	-86.935739
733.135994	-86.932203
733.315325	-86.773172
733.494744	-86.449754
733.674250	-86.007041
733.853844	-85.519324
734.033526	-85.058602
734.213296	-84.677024
734.393154	-84.404157
734.573101	-84.251352
734.753135	-84.217476
734.933258	-84.293644
735.113469	-84.466404
735.293769	-84.719698
735.474157	-85.035272
735.654633	-85.391358
735.835198	-85.760535
736.015852	-86.108530
736.196594	-86.396777
736.377426	-86.590971
736.558346	-86.673819
736.739355	-86.654428
736.920453	-86.566416
737.101640	-86.456059
737.282916	-86.368559
737.464282	-86.339342
737.645736	-86.391615
737.827280	-86.538039
738.008914	-86.783376
738.190637	-87.126517
738.372449	-87.561522
738.554351	-88.076595
738.736342	-88.650023
738.918424	-89.243804
739.100595	-89.798728
739.282855	-90.238143
739.465206	-90.489221
739.647647	-90.518297
739.830178	-90.351148
740.012799	-90.057358
740.195510	-89.714821
740.378311	-89.382496
740.561203	-89.092120
740.744185	-88.852034
740.927258	-88.654921
741.110421	-88.486479
741.293674	-88.333631
741.477018	-88.190769
741.660453	-88.061693
741.843979	-87.957045
742.027596	-87.887985
742.211303	-87.857786
742.395102	-87.854402
742.578991	-87.846835
742.762972	-87.788558
742.947044	-87.631274
743.131207	-87.346594
743.315461	-86.942217
743.499807	-86.459224
743.684244	-85.953070
743.868773	-85.473676
744.053394	-85.055157
744.238106	-84.714855
744.422910	-84.456836
744.607805	-84.276589
744.792793	-84.164842
744.977872	-84.109739
745.163044	-84.097684
745.348307	-84.112563
745.533663	-84.134676
745.719111	-84.141787
745.904651	-84.113096
746.090283	-84.035832
746.276008	-83.911658
746.461826	-83.757920
746.647735	-83.601853
746.833738	-83.471019
747.019833	-83.384124
747.206021	-83.344843
747.392302	-83.339896
747.578676	-83.342349
747.765143	-83.320620
747.951703	-83.251425
748.138356	-83.130877
748.325102	-82.976828
748.511941	-82.820707
748.698874	-82.694056
748.885900	-82.617530
749.073019	-82.595287
749.260232	-82.614521
749.447539	-82.650197
749.634939	-82.674048
749.822433	-82.665281
750.010021	-82.619052
750.197703	-82.547385
750.385479	-82.472313
750.573348	-82.416552
750.761312	-82.396430
750.949370	-82.419340
751.137523	-82.485392
751.325769	-82.590884
751.514110	-82.731180
751.702545	-82.900959
751.891075	-83.091229
752.079700	-83.284777
752.268419	-83.453580
752.457233	-83.563288
752.646142	-83.586742
752.835145	-83.521035
753.024244	-83.395466
753.213437	-83.262737
753.402726	-83.180133
753.592110	-83.192497
753.781589	-83.322180
753.971163	-83.564427
754.160833	-83.885545
754.350598	-84.226419
754.540459	-84.517370
754.730415	-84.705746
754.920467	-84.782909
755.110615	-84.787293
755.300858	-84.780601
755.491198	-84.818623
755.681633	-84.934470
755.872164	-85.135543
756.062792	-85.408299
756.253515	-85.726802
756.444335	-86.062846
756.635252	-86.395113
756.826264	-86.714083
757.017373	-87.020815
757.208579	-87.320470
757.399881	-87.615362
757.591280	-87.901526
757.782776	-88.169448
757.974368	-88.407462
758.166058	-88.605427
758.357844	-88.756226
758.549728	-88.853862
758.741708	-88.888375
758.933786	-88.840408
759.125961	-88.680231
759.318233	-88.376144
759.510603	-87.913103
759.703071	-87.309891
759.895635	-86.620234
760.088298	-85.916164
760.281058	-85.266157
760.473916	-84.721315
760.666872	-84.310818
760.859926	-84.041685
761.053078	-83.900147
761.246328	-83.853320
761.439676	-83.852550
761.633122	-83.842992
761.826667	-83.779317
762.020310	-83.640548
762.214052	-83.434600
762.407892	-83.188612
762.601831	-82.932922
762.795868	-82.690153
762.990004	-82.473042
763.184239	-82.287896
763.378573	-82.140238
763.573006	-82.038758
763.767538	-81.994839
763.962169	-82.018614
764.156900	-82.113644
764.351729	-82.272315
764.546658	-82.473552
764.741687	-82.685102
764.936815	-82.872245
765.132042	-83.010782
765.327370	-83.097894
765.522797	-83.153819
765.718324	-83.212270
765.913950	-83.306220
766.109677	-83.457209
766.305504	-83.670888
766.501431	-83.937899
766.697458	-84.238342
766.893586	-84.548748
767.089814	-84.849755
767.286142	-85.130118
767.482571	-85.384706
767.679100	-85.609113
767.875730	-85.793848
768.072461	-85.922742
768.269293	-85.979354
768.466225	-85.957378
768.663259	-85.868537
768.860393	-85.742410
769.057629	-85.617512
769.254966	-85.530188
769.452404	-85.506537
769.649944	-85.558720
769.847585	-85.684693
770.045328	-85.869118
770.243172	-86.085259
770.441118	-86.299597
770.639166	-86.478842
770.837315	-86.597832
771.035567	-86.646120
771.233920	-86.630142
771.432376	-86.569389
771.630934	-86.488856
771.829594	-86.412353
772.028356	-86.357900
772.227220	-86.335170
772.426188	-86.344780
772.625257	-86.378474
772.824430	-86.420654
773.023705	-86.451613
773.223083	-86.452944
773.422563	-86.413834
773.622147	-86.335583
773.821834	-86.231526
774.021624	-86.122048
774.221517	-86.027811
774.421513	-85.963556
774.621613	-85.934744
774.821816	-85.937798
775.022122	-85.963084
775.222532	-86.000451
775.423046	-86.045196
775.623664	-86.101194
775.824385	-86.180431
776.025211	-86.298353
776.226140	-86.466336
776.427173	-86.684029
776.628311	-86.933091
776.829553	-87.175955
777.030899	-87.363831
777.232350	-87.455215
777.433905	-87.438909
777.635564	-87.345211
777.837328	-87.234464
778.039197	-87.173524
778.241171	-87.215888
778.443250	-87.390347
778.645433	-87.694273
778.847722	-88.087701
779.050116	-88.489491
779.252615	-88.790838
779.455219	-88.901452
779.657929	-88.807945
779.860744	-88.586372
780.063665	-88.353310
780.266691	-88.210237
780.469823	-88.217486
780.673061	-88.390830
780.876405	-88.701474
781.079855	-89.073204
781.283410	-89.388882
781.487072	-89.527595
781.690840	-89.432580
781.894715	-89.151030
782.098695	-88.797154
782.302783	-88.484941
782.506976	-88.289790
782.711277	-88.242413
782.915684	-88.335164
783.120198	-88.527586
783.324818	-88.751017
783.529546	-88.920919
783.734381	-88.965114
783.939322	-88.857229
784.144372	-88.628478
784.349528	-88.347539
784.554792	-88.087346
784.760163	-87.903146
784.965642	-87.826076
785.171228	-87.862948
785.376922	-87.995593
785.582724	-88.178495
785.788634	-88.339544
785.994651	-88.393729
786.200777	-88.275937
786.407011	-87.979206
786.613353	-87.561857
786.819804	-87.115684
787.026363	-86.727241
787.233030	-86.457013
787.439806	-86.334229
787.646691	-86.357649
787.853684	-86.495850
788.060786	-86.687494
788.267997	-86.850693
788.475317	-86.910648
788.682746	-86.839283
788.890285	-86.674913
789.097932	-86.502432
789.305689	-86.414853
789.513555	-86.485399
789.721531	-86.756021
789.929617	-87.230789
790.137812	-87.861754
790.346117	-88.523209
790.554531	-89.005147
790.763056	-89.102518
790.971691	-88.786306
791.180436	-88.236671
791.389291	-87.687675
791.598256	-87.307924
791.807332	-87.190640
792.016518	-87.383375
792.225815	-87.910866
792.435222	-88.780360
792.644740	-89.965590
792.854369	-91.354542
793.064109	-92.658396
793.273960	-93.429746
793.483922	-93.461402
793.693995	-93.082676
793.904180	-92.771395
794.114475	-92.834008
794.324882	-93.443602
794.535401	-94.749560
794.746031	-96.946299
794.956774	-100.147342
795.167627	-102.643245
795.378593	-100.497189
795.589671	-97.263260
795.800861	-95.025714
796.012162	-93.728126
796.223577	-93.191921
796.435103	-93.296050
796.646742	-93.912911
796.858493	-94.752845
797.070357	-95.157435
797.282334	-94.460871
797.494423	-92.945442
797.706626	-91.360864
797.918941	-90.111192
798.131369	-89.314819
798.343911	-88.992156
798.556566	-89.141217
798.769334	-89.749363
798.982215	-90.758512
799.195210	-91.948176
799.408319	-92.741420
799.621541	-92.454446
799.834877	-91.242236
800.048327	-89.837474
800.261890	-88.688062
800.475568	-87.937814
800.689360	-87.615736
800.903266	-87.726830
801.117287	-88.281805
801.331422	-89.305096
801.545671	-90.822983
801.760036	-92.787378
801.974514	-94.773449
802.189108	-95.544341
802.403816	-94.460652
802.618640	-92.739239
802.833578	-91.288324
803.048632	-90.318182
803.263800	-89.830104
803.479085	-89.799615
803.694484	-90.217219
803.909999	-91.095331
804.125630	-92.464602
804.341376	-94.342121
804.557239	-96.567397
804.773217	-98.284633
804.989311	-98.098863
805.205521	-96.521261
805.421847	-94.934237
805.638290	-93.826536
805.854849	-93.254834
806.071524	-93.198267
806.288316	-93.640578
806.505225	-94.560151
806.722250	-95.821030
806.939393	-96.840107
807.156652	-96.483981
807.374028	-94.651463
807.591521	-92.473588
807.809132	-90.618117
808.026859	-89.249082
808.244705	-88.382509
808.462667	-88.017868
808.680748	-88.172699
808.898946	-88.891254
809.117261	-90.232467
809.335695	-92.148950
809.554246	-93.873422
809.772916	-93.392133
809.991704	-90.971810
810.210610	-88.555875
810.429634	-86.733987
810.648777	-85.516235
810.868039	-84.840197
811.087419	-84.663346
811.306918	-84.973891
811.526535	-85.789814
811.746272	-87.150706
811.966127	-89.065216
812.186102	-91.237868
812.406196	-92.348147
812.626409	-91.180179
812.846742	-89.121665
813.067194	-87.394217
813.287766	-86.252133
813.508457	-85.692932
813.729269	-85.699958
813.950200	-86.291292
814.171251	-87.535759
814.392422	-89.564350
814.613714	-92.505736
814.835126	-95.654593
815.056658	-95.504735
815.278311	-92.785456
815.500084	-90.639259
815.721978	-89.481822
815.943993	-89.215338
816.166128	-89.801550
816.388385	-91.330294
816.610762	-94.116566
816.833261	-99.082113
817.055881	-108.001501
817.278623	-102.152987
817.501486	-97.168595
817.724471	-94.971266
817.947577	-94.294461
818.170805	-94.709421
818.394155	-95.902631
818.617627	-97.025831
818.841221	-96.503230
819.064937	-94.522063
819.288775	-92.560320
819.512736	-91.189781
819.736819	-90.462640
819.961025	-90.312311
820.185354	-90.612691
820.409805	-91.092469
820.634379	-91.223307
820.859076	-90.486461
821.083897	-89.008312
821.308840	-87.342899
821.533907	-85.865451
821.759097	-84.712706
821.984411	-83.911668
822.209848	-83.449313
822.435409	-83.291208
822.661093	-83.375136
822.886902	-83.590873
823.112834	-83.768781
823.338891	-83.724336
823.565072	-83.377656
823.791377	-82.825167
824.017807	-82.258602
824.244361	-81.849847
824.471039	-81.711622
824.697843	-81.910092
824.924771	-82.485315
825.151824	-83.460237
825.379002	-84.825508
825.606306	-86.475186
825.833734	-88.065705
826.061288	-88.985577
826.288967	-88.957600
826.516772	-88.480445
826.744703	-88.149951
826.972759	-88.262542
827.200941	-88.914330
827.429249	-90.047767
827.657683	-91.230944
827.886243	-91.358448
828.114930	-89.877811
828.343743	-87.811658
828.572682	-85.997966
828.801748	-84.661752
829.030941	-83.811032
829.260260	-83.405290
829.489706	-83.382834
829.719280	-83.636310
829.948980	-83.961344
830.178808	-84.039812
830.408763	-83.599688
830.638845	-82.676738
830.869055	-81.559283
831.099393	-80.513230
831.329858	-79.677336
831.560451	-79.099721
831.791173	-78.785093
832.022022	-78.721323
832.252999	-78.892940
832.484105	-79.288976
832.715339	-79.909084
832.946702	-80.769330
833.178193	-81.906724
833.409813	-83.383383
833.641561	-85.291686
833.873439	-87.761542
834.105445	-90.961914
834.337581	-95.017726
834.569846	-99.434249
834.802241	-102.174027
835.034764	-103.226238
835.267418	-102.215422
835.500201	-96.924736
835.733114	-91.719822
835.966157	-87.747346
836.199329	-84.752924
836.432632	-82.489927
836.666065	-80.795696
836.899629	-79.560516
837.133323	-78.703820
837.367147	-78.157652
837.601102	-77.854266
837.835188	-77.718093
838.069405	-77.663941
838.303752	-77.606972
838.538231	-77.486818
838.772841	-77.292338
839.007582	-77.065510
839.242455	-76.880907
839.477459	-76.819549
839.712595	-76.953649
839.947863	-77.345338
840.183263	-78.051870
840.418794	-79.131575
840.654458	-80.647087
840.890254	-82.652712
841.126182	-85.117275
841.362242	-87.645515
841.598435	-89.180979
841.834761	-89.309412
842.071220	-89.217417
842.307811	-89.913338
842.544536	-91.686180
842.781393	-92.749146
843.018384	-89.466737
843.255508	-85.251085
843.492765	-82.008379
843.730156	-79.666647
843.967681	-78.032080
844.205339	-76.979876
844.443132	-76.440221
844.681058	-76.379662
844.919118	-76.787118
845.157313	-77.654779
845.395642	-78.925454
845.634105	-80.335724
845.872703	-81.169783
846.111436	-80.697341
846.350303	-79.311293
846.589306	-77.850815
846.828443	-76.713337
847.067716	-75.994972
847.307124	-75.702216
847.546667	-75.831590
847.786345	-76.395142
848.026160	-77.433962
848.266110	-79.033431
848.506195	-81.344691
848.746417	-84.557281
848.986775	-88.136277
849.227269	-88.134626
849.467899	-85.004679
849.708666	-82.420538
849.949569	-80.751424
850.190609	-79.816761
850.431785	-79.491021
850.673099	-79.722552
850.914549	-80.521098
851.156137	-81.962534
851.397861	-84.212137
851.639723	-87.502788
851.881723	-91.111671
852.123860	-90.132753
852.366135	-86.436584
852.608547	-83.609021
852.851098	-81.700339
853.093786	-80.465322
853.336613	-79.753752
853.579578	-79.488352
853.822681	-79.634119
854.065923	-80.166327
854.309304	-81.005912
854.552823	-81.858814
854.796481	-82.031794
855.040278	-80.948200
855.284215	-79.044411
855.528290	-77.063624
855.772505	-75.356068
856.016859	-74.009388
856.261353	-73.025857
856.505987	-72.390597
856.750760	-72.092241
856.995673	-72.129236
857.240727	-72.512738
857.485920	-73.269629
857.731254	-74.446720
857.976729	-76.113614
858.222343	-78.346397
858.468099	-81.082927
858.713995	-83.438979
858.960032	-83.447362
859.206211	-81.753048
859.452530	-80.212815
859.698991	-79.321509
859.945593	-79.046799
860.192336	-79.194296
860.439222	-79.339675
860.686248	-78.834236
860.933417	-77.416650
861.180728	-75.561466
861.428181	-73.797065
861.675776	-72.361125
861.923514	-71.317187
862.171394	-70.669158
862.419417	-70.407764
862.667582	-70.524408
862.915890	-71.011089
863.164342	-71.847895
863.412936	-72.964009
863.661674	-74.145539
863.910555	-74.931262
864.159579	-74.830904
864.408747	-73.919442
864.658059	-72.717399
864.907515	-71.611428
865.157114	-70.756175
865.406858	-70.192002
865.656746	-69.921662
865.906778	-69.939428
866.156955	-70.237977
866.407277	-70.804690
866.657743	-71.608901
866.908354	-72.577621
867.159110	-73.565734
867.410011	-74.363663
867.661057	-74.814808
867.912249	-74.975080
868.163586	-75.090057
868.415069	-75.432012
868.666697	-76.211782
868.918472	-77.552017
869.170392	-79.274436
869.422458	-80.070764
869.674671	-78.319172
869.927030	-75.461275
870.179536	-72.923375
870.432188	-70.951078
870.684987	-69.489749
870.937933	-68.462756
871.191026	-67.813234
871.444266	-67.505397
871.697653	-67.521409
871.951188	-67.859188
872.204870	-68.532246
872.458700	-69.572205
872.712677	-71.035154
872.966803	-73.014714
873.221076	-75.667263
873.475498	-79.248804
873.730068	-83.977282
873.984787	-87.624726
874.239654	-85.837150
874.494669	-83.618475
874.749834	-82.557682
875.005147	-82.165784
875.260610	-81.613123
875.516222	-80.182455
875.771983	-78.071716
876.027894	-75.918117
876.283954	-74.062006
876.540164	-72.582841
876.796524	-71.464706
877.053033	-70.669548
877.309693	-70.160644
877.566503	-69.909035
877.823464	-69.894866
878.080575	-70.106702
878.337837	-70.539220
878.595249	-71.188388
878.852813	-72.041741
879.110528	-73.060842
879.368393	-74.152530
879.626410	-75.141425
879.884579	-75.802770
880.142899	-76.011817
880.401371	-75.868428
880.659994	-75.604335
880.918770	-75.419520
881.177698	-75.427907
881.436778	-75.675298
881.696010	-76.157248
881.955395	-76.808361
882.214933	-77.453722
882.474623	-77.766788
882.734467	-77.415929
882.994463	-76.412299
883.254613	-75.109639
883.514916	-73.856054
883.775372	-72.849530
884.035982	-72.187099
884.296746	-71.928305
884.557664	-72.134811
884.818735	-72.900374
885.079961	-74.393187
885.341341	-76.948390
885.602876	-81.221979
885.864565	-85.439663
886.126409	-80.577371
886.388407	-76.002544
886.650561	-73.111318
886.912870	-71.261211
887.175334	-70.128937
887.437953	-69.553466
887.700728	-69.448393
887.963658	-69.762420
888.226745	-70.454445
888.489987	-71.464320
888.753385	-72.663706
889.016940	-73.794068
889.280651	-74.504493
889.544518	-74.638957
889.808543	-74.441706
890.072723	-74.311810
890.337061	-74.560637
890.601556	-75.427958
890.866208	-77.207966
891.131017	-80.426408
891.395984	-85.151916
891.661109	-82.776627
891.926391	-77.305562
892.191831	-73.641812
892.457429	-71.180228
892.723186	-69.519117
892.989100	-68.463520
893.255173	-67.917512
893.521405	-67.839504
893.787796	-68.225651
894.054345	-69.107882
894.321053	-70.564269
894.587921	-72.747075
894.854948	-75.935660
895.122134	-80.427453
895.389480	-83.485188
895.656986	-80.376588
895.924651	-77.326175
896.192477	-75.601071
896.460463	-74.878250
896.728609	-74.950713
896.996915	-75.709281
897.265382	-77.012640
897.534010	-78.374364
897.802799	-78.628005
898.071749	-77.241231
898.340860	-75.288494
898.610132	-73.591756
898.879566	-72.354848
899.149162	-71.577754
899.418919	-71.227169
899.688838	-71.277821
899.958919	-71.721451
900.229162	-72.570795
900.499568	-73.866292
900.770136	-75.690664
901.040867	-78.195117
901.311761	-81.612488
901.582817	-85.783388
901.854037	-86.935071
902.125420	-83.831645
902.396966	-81.090994
902.668676	-79.302374
902.940550	-78.210859
903.212587	-77.594937
903.484788	-77.261475
903.757153	-77.006229
904.029683	-76.630865
904.302377	-76.028294
904.575236	-75.246736
904.848259	-74.435559
905.121447	-73.741893
905.394800	-73.261485
905.668319	-73.040445
905.942002	-73.088940
906.215852	-73.391490
906.489866	-73.911582
906.764047	-74.594947
907.038393	-75.381861
907.312906	-76.225811
907.587584	-77.100908
907.862429	-77.970490
908.137441	-78.692824
908.412619	-78.941249
908.687964	-78.404018
908.963476	-77.197429
909.239155	-75.752202
909.515002	-74.392762
909.791015	-73.241851
910.067197	-72.299093
910.343546	-71.506966
910.620063	-70.792124
910.896748	-70.099929
911.173601	-69.421037
911.450623	-68.796235
911.727813	-68.298836
912.005171	-68.013066
912.282699	-68.024382
912.560395	-68.423999
912.838261	-69.326716
913.116296	-70.903423
913.394500	-73.417738
913.672874	-76.944236
913.951418	-78.182923
914.230131	-74.331150
914.509015	-70.648730
914.788068	-68.023654
915.067292	-66.176907
915.346687	-64.894414
915.626252	-64.044907
915.905988	-63.544020
916.185895	-63.332952
916.465973	-63.366974
916.746223	-63.609317
917.026644	-64.027741
917.307236	-64.592722
917.588000	-65.277263
917.868937	-66.057505
918.150045	-66.911915
918.431325	-67.815563
918.712778	-68.721549
918.994404	-69.519934
919.276202	-69.987967
919.558173	-69.832199
919.840317	-68.933985
920.122634	-67.511378
920.405125	-65.906004
920.687789	-64.359360
920.970627	-62.992100
921.253639	-61.855691
921.536824	-60.971071
921.820184	-60.347932
922.103718	-59.994153
922.387427	-59.920655
922.671310	-60.144784
922.955368	-60.694495
923.239601	-61.614399
923.524009	-62.974938
923.808592	-64.884548
924.093351	-67.476816
924.378285	-70.612207
924.663396	-72.232714
924.948682	-70.099554
925.234144	-67.185062
925.519782	-64.896029
925.805597	-63.225525
926.091589	-62.031727
926.377757	-61.211896
926.664102	-60.703013
926.950624	-60.470034
927.237323	-60.497224
927.524200	-60.782401
927.811255	-61.332020
928.098487	-62.154249
928.385897	-63.244323
928.673485	-64.548082
928.961251	-65.882964
929.249196	-66.855196
929.537319	-67.038959
929.825621	-66.472393
930.114102	-65.610988
930.402762	-64.834050
930.691601	-64.311940
930.980620	-64.094278
931.269818	-64.179895
931.559196	-64.542068
931.848753	-65.126616
932.138491	-65.832100
932.428409	-66.484037
932.718508	-66.849252
933.008787	-66.753929
933.299246	-66.226937
933.589887	-65.463573
933.880709	-64.668563
934.171712	-63.976997
934.462896	-63.463297
934.754262	-63.170576
935.045810	-63.132034
935.337539	-63.384762
935.629451	-63.980144
935.921545	-64.996977
936.213822	-66.565060
936.506281	-68.909902
936.798922	-72.390335
937.091747	-76.503633
937.384755	-75.138997
937.677946	-70.869700
937.971321	-67.780193
938.264879	-65.699036
938.558621	-64.314172
938.852547	-63.446042
939.146657	-62.992238
939.440952	-62.892751
939.735431	-63.113601
940.030095	-63.639839
940.324943	-64.474062
940.619977	-65.640024
940.915196	-67.193135
941.210600	-69.242950
941.506189	-71.999345
941.801965	-75.835252
942.097926	-80.543693
942.394074	-79.885308
942.690407	-75.552754
942.986927	-72.385544
943.283634	-70.209515
943.580527	-68.677430
943.877608	-67.588948
944.174875	-66.821918
944.472330	-66.291704
944.769972	-65.932010
945.067802	-65.688126
945.365820	-65.518059
945.664026	-65.396111
945.962420	-65.315921
946.261002	-65.290519
946.559773	-65.346789
946.858733	-65.518587
947.157881	-65.841060
947.457219	-66.347213
947.756746	-67.065566
948.056462	-68.013854
948.356368	-69.178706
948.656464	-70.455773
948.956749	-71.523358
949.257225	-71.805327
949.557891	-70.985064
949.858748	-69.462680
950.159796	-67.788798
950.461034	-66.243014
950.762463	-64.912736
951.064084	-63.812260
951.365896	-62.935234
951.667900	-62.271835
951.970095	-61.813897
952.272483	-61.555979
952.575063	-61.495010
952.877835	-61.629277
953.180799	-61.958066
953.483956	-62.480374
953.787307	-63.192202
954.090850	-64.081733
954.394586	-65.119249
954.698516	-66.238117
955.002640	-67.307676
955.306957	-68.123308
955.611469	-68.475066
955.916174	-68.297051
956.221074	-67.720009
956.526169	-66.945067
956.831458	-66.122554
957.136942	-65.331940
957.442622	-64.606936
957.748496	-63.959558
958.054567	-63.393860
958.360833	-62.912437
958.667294	-62.518904
958.973952	-62.218256
959.280806	-62.016427
959.587857	-61.919503
959.895104	-61.933412
960.202548	-62.063794
960.510189	-62.315439
960.818027	-62.691675
961.126062	-63.194208
961.434295	-63.822613
961.742726	-64.572689
962.051355	-65.434257
962.360182	-66.387470
962.669207	-67.395294
962.978431	-68.391508
963.287854	-69.266807
963.597475	-69.869523
963.907296	-70.051591
964.217315	-69.756936
964.527535	-69.065205
964.837954	-68.132071
965.148573	-67.102713
965.459392	-66.075429
965.770411	-65.106901
966.081630	-64.226925
966.393051	-63.449980
966.704672	-62.782279
967.016494	-62.225312
967.328517	-61.777861
967.640742	-61.437225
967.953169	-61.199681
968.265797	-61.061119
968.578627	-61.017981
968.891660	-61.068042
969.204895	-61.211389
969.518332	-61.451826
969.831972	-61.797758
970.145816	-62.262374
970.459862	-62.863029
970.774112	-63.618660
971.088565	-64.541699
971.403223	-65.617127
971.718084	-66.751617
972.033149	-67.686240
972.348419	-67.989855
972.663893	-67.402323
972.979572	-66.173527
973.295456	-64.743164
973.611546	-63.383434
973.927840	-62.197498
974.244340	-61.206934
974.561046	-60.402993
974.877958	-59.767858
975.195076	-59.282452
975.512401	-58.929245
975.829932	-58.693043
976.147670	-58.560889
976.465615	-58.521671
976.783767	-58.565125
977.102126	-58.680192
977.420693	-58.852856
977.739468	-59.064391
978.058451	-59.289491
978.377642	-59.495643
978.697041	-59.645649
979.016649	-59.703366
979.336466	-59.642662
979.656492	-59.456092
979.976727	-59.157839
980.297171	-58.778705
980.617825	-58.356425
980.938689	-57.926420
981.259763	-57.516647
981.581048	-57.146411
981.902542	-56.827458
982.224248	-56.566324
982.546164	-56.366576
982.868291	-56.230182
983.190630	-56.158338
983.513180	-56.151790
983.835942	-56.210551
984.158916	-56.333664
984.482101	-56.519183
984.805500	-56.764207
985.129110	-57.064751
985.452934	-57.415314
985.776970	-57.808087
986.101220	-58.231638
986.425683	-58.669353
986.750359	-59.098259
987.075250	-59.488368
987.400354	-59.803457
987.725673	-60.003749
988.051206	-60.051094
988.376954	-59.917572
988.702916	-59.594461
989.029094	-59.097123
989.355487	-58.461368
989.682095	-57.732779
990.008919	-56.955806
990.335959	-56.166848
990.663216	-55.392344
990.990688	-54.650149
991.318377	-53.951643
991.646283	-53.303964
991.974406	-52.711469
992.302746	-52.176335
992.631304	-51.699086
992.960079	-51.278790
993.289072	-50.913353
993.618283	-50.600024
993.947713	-50.335872
994.277361	-50.118315
994.607227	-49.945533
994.937313	-49.816621
995.267618	-49.731630
995.598142	-49.691441
995.928886	-49.697601
996.259849	-49.752250
996.591033	-49.858198
996.922437	-50.018964
997.254061	-50.238783
997.585906	-50.522644
997.917972	-50.876104
998.250260	-51.304940
998.582768	-51.814835
998.915498	-52.410895
999.248450	-53.097045
999.581624	-53.875101
999.915020	-54.743340
1000.248639	-55.693988
1000.582480	-56.708342
1000.916545	-57.749126
1001.250832	-58.750644
1001.585343	-59.612385
1001.920077	-60.213340
1002.255035	-60.460785
1002.590218	-60.347396
1002.925624	-59.954746
1003.261255	-59.398520
1003.597111	-58.776401
1003.933192	-58.149525
1004.269497	-57.547496
1004.606029	-56.978981
1004.942785	-56.440615
1005.279768	-55.923421
1005.616977	-55.416543
1005.954412	-54.909875
1006.292074	-54.395582
1006.629962	-53.868619
1006.968077	-53.327076
1007.306420	-52.772045
1007.644990	-52.207275
1007.983787	-51.638637
1008.322813	-51.073716
1008.662067	-50.521137
1009.001549	-49.989866
1009.341259	-49.488588
1009.681199	-49.025101
1010.021367	-48.605993
1010.361765	-48.236581
1010.702392	-47.921085
1011.043250	-47.662913
1011.384337	-47.465023
1011.725654	-47.330331
1012.067202	-47.262000
1012.408980	-47.263837
1012.750989	-47.340598
1013.093230	-47.498285
1013.435702	-47.744493
1013.778405	-48.088932
1014.121341	-48.544173
1014.464508	-49.126742
1014.807908	-49.858881
1015.151540	-50.771061
1015.495405	-51.905917
1015.839503	-53.323050
1016.183835	-55.100079
1016.528400	-57.297808
1016.873198	-59.707548
1017.218231	-60.961059
1017.563498	-59.433740
1017.908999	-56.675313
1018.254735	-54.106011
1018.600707	-51.954178
1018.946913	-50.160662
1019.293354	-48.646161
1019.640032	-47.349106
1019.986945	-46.224934
1020.334094	-45.241216
1020.681480	-44.373868
1021.029102	-43.604560
1021.376961	-42.918949
1021.725058	-42.305587
1022.073391	-41.755135
1022.421962	-41.259812
1022.770772	-40.812976
1023.119819	-40.408820
1023.469104	-40.042115
1023.818628	-39.708033
1024.168391	-39.402046
1024.518393	-39.119858
1024.868634	-38.857416
1025.219115	-38.610922
1025.569836	-38.376886
1025.920796	-38.152191
1026.271997	-37.934154
1026.623438	-37.720578
1026.975121	-37.509797
1027.327044	-37.300701
1027.679208	-37.092767
1028.031614	-36.886036
1028.384262	-36.681094
1028.737152	-36.479017
1029.090284	-36.281258
1029.443659	-36.089564
1029.797276	-35.905867
1030.151137	-35.732181
1030.505240	-35.570508
1030.859587	-35.422777
1031.214178	-35.290775
1031.569013	-35.176096
1031.924093	-35.080108
1032.279417	-35.003909
1032.634985	-34.948292
1032.990799	-34.913735
1033.346858	-34.900397
1033.703162	-34.908096
1034.059712	-34.936295
1034.416509	-34.984072
1034.773551	-35.050071
1035.130841	-35.132443
1035.488377	-35.228789
1035.846160	-35.336076
1036.204190	-35.450609
1036.562468	-35.568020
1036.920994	-35.683321
1037.279768	-35.791040
1037.638790	-35.885452
1037.998061	-35.960885
1038.357581	-36.012102
1038.717350	-36.034734
1039.077368	-36.025692
1039.437636	-35.983495
1039.798154	-35.908446
1040.158922	-35.802592
1040.519940	-35.669497
1040.881209	-35.513853
1041.242729	-35.341019
1041.604501	-35.156582
1041.966524	-34.965990
1042.328798	-34.774298
1042.691325	-34.586009
1043.054103	-34.404982
1043.417135	-34.234424
1043.780419	-34.076908
1044.143956	-33.934411
1044.507746	-33.808356
1044.871791	-33.699673
1045.236088	-33.608852
1045.600641	-33.536004
1045.965447	-33.480909
1046.330508	-33.443050
1046.695824	-33.421652
1047.061395	-33.415729
1047.427222	-33.424099
1047.793304	-33.445417
1048.159642	-33.478205
1048.526237	-33.520891
1048.893088	-33.571857
1049.260196	-33.629482
1049.627561	-33.692199
1049.995183	-33.758577
1050.363063	-33.827404
1050.731201	-33.897745
1051.099597	-33.968991
1051.468251	-34.040897
1051.837164	-34.113634
1052.206336	-34.187782
1052.575767	-34.264289
1052.945458	-34.344412
1053.315409	-34.429664
1053.685619	-34.521753
1054.056090	-34.622501
1054.426821	-34.733752
1054.797814	-34.857290
1055.169067	-34.994770
1055.540582	-35.147644
1055.912359	-35.317074
1056.284398	-35.503839
1056.656698	-35.708234
1057.029262	-35.929946
1057.402088	-36.167877
1057.775177	-36.419912
1058.148530	-36.682639
1058.522146	-36.951026
1058.896027	-37.218118
1059.270171	-37.474779
1059.644580	-37.709633
1060.019254	-37.909388
1060.394193	-38.059701
1060.769397	-38.146663
1061.144867	-38.158730
1061.520602	-38.088687
1061.896604	-37.935005
1062.272872	-37.702081
1062.649407	-37.399272
1063.026210	-37.039107
1063.403279	-36.635292
1063.780616	-36.201037
1064.158221	-35.747974
1064.536094	-35.285682
1064.914235	-34.821654
1065.292645	-34.361507
1065.671325	-33.909271
1066.050273	-33.467707
1066.429491	-33.038588
1066.808979	-32.622960
1067.188738	-32.221337
1067.568766	-31.833845
1067.949066	-31.460315
1068.329636	-31.100351
1068.710478	-30.753387
1069.091592	-30.418740
1069.472977	-30.095635
1069.854635	-29.783235
1070.236565	-29.480676
1070.618768	-29.187111
1071.001243	-28.901742
1071.383993	-28.623851
1071.767016	-28.352847
1072.150313	-28.088304
1072.533884	-27.829971
1072.917730	-27.577771
1073.301850	-27.331798
1073.686246	-27.092283
1074.070917	-26.859554
1074.455864	-26.633982
1074.841087	-26.415944
1075.226586	-26.205783
1075.612362	-26.003765
1075.998415	-25.810044
1076.384745	-25.624635
1076.771353	-25.447399
1077.158238	-25.278035
1077.545401	-25.116094
1077.932843	-24.960995
1078.320564	-24.812047
1078.708564	-24.668483
1079.096842	-24.529496
1079.485401	-24.394269
1079.874240	-24.262005
1080.263358	-24.131962
1080.652757	-24.003481
1081.042438	-23.875998
1081.432399	-23.749033
1081.822641	-23.622186
1082.213166	-23.495122
1082.603972	-23.367559
1082.995061	-23.239252
1083.386433	-23.109987
1083.778087	-22.979565
1084.170025	-22.847808
1084.562246	-22.714562
1084.954751	-22.579709
1085.347541	-22.443186
1085.740615	-22.305001
1086.133973	-22.165268
1086.527617	-22.024217
1086.921546	-21.882208
1087.315761	-21.739736
1087.710262	-21.597422
1088.105050	-21.455996
1088.500124	-21.316262
1088.895485	-21.179066
1089.291134	-21.045256
1089.687070	-20.915632
1090.083294	-20.790913
1090.479806	-20.671702
1090.876607	-20.558456
1091.273696	-20.451468
1091.671075	-20.350852
1092.068744	-20.256553
1092.466702	-20.168354
1092.864950	-20.085876
1093.263489	-20.008606
1093.662319	-19.935923
1094.061440	-19.867136
1094.460852	-19.801522
1094.860555	-19.738375
1095.260551	-19.677038
1095.660840	-19.616940
1096.061421	-19.557624
1096.462295	-19.498768
1096.863462	-19.440188
1097.264923	-19.381833
1097.666678	-19.323771
1098.068727	-19.266164
1098.471071	-19.209240
1098.873710	-19.153262
1099.276644	-19.098505
1099.679874	-19.045232
1100.083400	-18.993670
1100.487222	-18.943995
1100.891340	-18.896327
1101.295756	-18.850730
1101.700468	-18.807214
1102.105478	-18.765756
1102.510787	-18.726321
1102.916393	-18.688893
1103.322298	-18.653490
1103.728502	-18.620201
1104.135005	-18.589207
1104.541807	-18.560792
1104.948909	-18.535354
1105.356312	-18.513404
1105.764015	-18.495544
1106.172019	-18.482448
1106.580324	-18.474841
1106.988931	-18.473472
1107.397840	-18.479079
1107.807051	-18.492355
1108.216564	-18.513915
1108.626380	-18.544271
1109.036500	-18.583799
1109.446923	-18.632707
1109.857649	-18.691016
1110.268680	-18.758546
1110.680016	-18.834906
1111.091657	-18.919503
1111.503602	-19.011547
1111.915854	-19.110078
1112.328411	-19.213986
1112.741275	-19.322065
1113.154445	-19.433078
1113.567922	-19.545831
1113.981706	-19.659236
1114.395798	-19.772385
1114.810198	-19.884610
1115.224906	-19.995536
1115.639923	-20.105119
1116.055249	-20.213658
1116.470884	-20.321797
1116.886829	-20.430518
1117.303084	-20.541116
1117.719650	-20.655128
1118.136526	-20.774257
1118.553713	-20.900278
1118.971212	-21.034952
1119.389022	-21.179923
1119.807145	-21.336624
1120.225580	-21.506188
1120.644328	-21.689384
1121.063389	-21.886551
1121.482763	-22.097558
1121.902452	-22.321729
1122.322454	-22.557758
1122.742771	-22.803596
1123.163404	-23.056359
1123.584351	-23.312261
1124.005614	-23.566601
1124.427193	-23.813833
1124.849089	-24.047755
1125.271301	-24.261864
1125.693830	-24.449829
1126.116677	-24.606030
1126.539842	-24.726087
1126.963324	-24.807305
1127.387126	-24.848910
1127.811246	-24.852035
1128.235685	-24.819499
1128.660444	-24.755416
1129.085522	-24.664694
1129.510922	-24.552540
1129.936641	-24.424009
1130.362682	-24.283636
1130.789044	-24.135146
1131.215728	-23.981306
1131.642734	-23.823882
1132.070063	-23.663676
1132.497714	-23.500618
1132.925689	-23.333924
1133.353987	-23.162310
1133.782610	-22.984234
1134.211556	-22.798079
1134.640827	-22.602322
1135.070424	-22.395712
1135.500345	-22.177388
1135.930593	-21.946959
1136.361166	-21.704511
1136.792067	-21.450582
1137.223294	-21.186153
1137.654848	-20.912628
1138.086730	-20.631740
1138.518940	-20.345434
1138.951479	-20.055768
1139.384346	-19.764831
1139.817543	-19.474643
1140.251069	-19.187077
1140.684925	-18.903797
1141.119111	-18.626228
1141.553628	-18.355536
1141.988475	-18.092618
1142.423655	-17.838115
1142.859166	-17.592444
1143.295009	-17.355821
1143.731185	-17.128281
1144.167694	-16.909704
1144.604536	-16.699838
1145.041711	-16.498335
1145.479221	-16.304760
1145.917065	-16.118605
1146.355245	-15.939303
1146.793759	-15.766257
1147.232609	-15.598863
1147.671795	-15.436514
1148.111317	-15.278609
1148.551177	-15.124572
1148.991373	-14.973873
1149.431907	-14.826030
1149.872779	-14.680609
1150.313989	-14.537229
1150.755538	-14.395571
1151.197426	-14.255383
1151.639653	-14.116474
1152.082220	-13.978713
1152.525128	-13.842029
1152.968376	-13.706404
1153.411966	-13.571861
1153.855897	-13.438465
1154.300169	-13.306313
1154.744784	-13.175528
1155.189742	-13.046242
1155.635042	-12.918590
1156.080687	-12.792711
1156.526674	-12.668753
1156.973007	-12.546857
1157.419683	-12.427153
1157.866705	-12.309764
1158.314072	-12.194806
1158.761786	-12.082387
1159.209845	-11.972603
1159.658251	-11.865536
1160.107004	-11.761266
1160.556104	-11.659862
1161.005553	-11.561377
1161.455349	-11.465849
1161.905494	-11.373294
1162.355989	-11.283718
1162.806832	-11.197108
1163.258026	-11.113439
1163.709570	-11.032666
1164.161464	-10.954733
1164.613710	-10.879569
1165.066307	-10.807091
1165.519256	-10.737213
1165.972558	-10.669833
1166.426212	-10.604840
1166.880219	-10.542116
1167.334580	-10.481542
1167.789295	-10.422991
1168.244364	-10.366331
1168.699788	-10.311430
1169.155567	-10.258163
1169.611702	-10.206407
1170.068193	-10.156047
1170.525041	-10.106973
1170.982245	-10.059082
1171.439807	-10.012282
1171.897726	-9.966486
1172.356004	-9.921620
1172.814640	-9.877621
1173.273635	-9.834431
1173.732989	-9.792001
1174.192703	-9.750291
1174.652778	-9.709274
1175.113213	-9.668931
1175.574009	-9.629241
1176.035167	-9.590193
1176.496687	-9.551787
1176.958569	-9.514027
1177.420814	-9.476924
1177.883422	-9.440496
1178.346394	-9.404771
1178.809730	-9.369771
1179.273430	-9.335515
1179.737496	-9.302026
1180.201927	-9.269331
1180.666723	-9.237452
1181.131886	-9.206409
1181.597416	-9.176220
1182.063312	-9.146898
1182.529576	-9.118451
1182.996209	-9.090885
1183.463209	-9.064203
1183.930579	-9.038399
1184.398317	-9.013466
1184.866426	-8.989404
1185.334904	-8.966207
1185.803754	-8.943876
1186.272974	-8.922412
1186.742566	-8.901813
1187.212529	-8.882090
1187.682865	-8.863266
1188.153574	-8.845370
1188.624656	-8.828428
1189.096112	-8.812476
1189.567942	-8.797558
1190.040147	-8.783725
1190.512726	-8.771024
1190.985681	-8.759503
1191.459012	-8.749206
1191.932720	-8.740177
1192.406804	-8.732449
1192.881265	-8.726051
1193.356104	-8.721008
1193.831322	-8.717341
1194.306918	-8.715066
1194.782893	-8.714190
1195.259248	-8.714716
1195.735982	-8.716644
1196.213097	-8.719973
1196.690593	-8.724705
1197.168471	-8.730837
1197.646730	-8.738362
1198.125371	-8.747279
1198.604395	-8.757575
1199.083803	-8.769228
1199.563594	-8.782226
1200.043769	-8.796554
1200.524329	-8.812184
1201.005273	-8.829093
1201.486604	-8.847255
1201.968320	-8.866641
1202.450422	-8.887216
1202.932912	-8.908955
1203.415789	-8.931832
1203.899054	-8.955815
1204.382707	-8.980877
1204.866748	-9.007001
1205.351179	-9.034158
1205.836000	-9.062310
1206.321211	-9.091428
1206.806812	-9.121488
1207.292805	-9.152450
1207.779189	-9.184270
1208.265965	-9.216908
1208.753134	-9.250323
1209.240696	-9.284469
1209.728651	-9.319305
1210.217000	-9.354796
1210.705744	-9.390909
1211.194883	-9.427619
1211.684417	-9.464907
1212.174347	-9.502761
1212.664673	-9.541177
1213.155396	-9.580151
1213.646516	-9.619686
1214.138034	-9.659791
1214.629951	-9.700468
1215.122266	-9.741713
1215.614980	-9.783529
1216.108095	-9.825917
1216.601609	-9.868857
1217.095524	-9.912326
1217.589841	-9.956306
1218.084559	-10.000776
1218.579679	-10.045708
1219.075202	-10.091072
1219.571128	-10.136845
1220.067458	-10.183004
1220.564191	-10.229533
1221.061330	-10.276416
1221.558874	-10.323648
1222.056823	-10.371239
1222.555178	-10.419190
1223.053940	-10.467505
1223.553109	-10.516199
1224.052686	-10.565293
1224.552671	-10.614812
1225.053065	-10.664778
1225.553867	-10.715206
1226.055079	-10.766120
1226.556702	-10.817551
1227.058735	-10.869526
1227.561179	-10.922065
1228.064035	-10.975196
1228.567303	-11.028942
1229.070983	-11.083317
1229.575077	-11.138336
1230.079585	-11.194013
1230.584506	-11.250346
1231.089842	-11.307331
1231.595594	-11.364956
1232.101761	-11.423198
1232.608345	-11.482028
1233.115345	-11.541419
1233.622762	-11.601346
1234.130597	-11.661771
1234.638851	-11.722655
1235.147523	-11.783981
1235.656615	-11.845726
1236.166126	-11.907868
1236.676058	-11.970408
1237.186411	-12.033344
1237.697185	-12.096671
1238.208381	-12.160385
1238.719999	-12.224478
1239.232040	-12.288942
1239.744505	-12.353770
1240.257394	-12.418935
1240.770708	-12.484402
1241.284446	-12.550140
1241.798610	-12.616107
1242.313201	-12.682256
1242.828218	-12.748548
1243.343662	-12.814943
1243.859534	-12.881396
1244.375834	-12.947853
1244.892563	-13.014259
1245.409721	-13.080572
1245.927309	-13.146736
1246.445327	-13.212685
1246.963777	-13.278365
1247.482657	-13.343722
1248.001970	-13.408687
1248.521716	-13.473215
1249.041894	-13.537281
1249.562506	-13.600867
1250.083553	-13.663961
1250.605034	-13.726565
1251.126950	-13.788695
1251.649302	-13.850377
1252.172091	-13.911639
1252.695316	-13.972504
1253.218979	-14.033008
1253.743079	-14.093179
1254.267619	-14.153035
1254.792597	-14.212594
1255.318015	-14.271884
1255.843874	-14.330935
1256.370173	-14.389777
1256.896913	-14.448437
1257.424095	-14.506944
1257.951720	-14.565326
1258.479787	-14.623614
1259.008298	-14.681825
1259.537254	-14.739970
1260.066654	-14.798064
1260.596499	-14.856125
1261.126790	-14.914163
1261.657527	-14.972193
1262.188711	-15.030250
1262.720342	-15.088387
1263.252422	-15.146664
1263.784950	-15.205148
1264.317928	-15.263928
1264.851355	-15.323107
1265.385232	-15.382789
1265.919560	-15.443091
1266.454340	-15.504135
1266.989572	-15.566030
1267.525256	-15.628906
1268.061394	-15.692906
1268.597985	-15.758164
1269.135031	-15.824810
1269.672531	-15.892989
1270.210487	-15.962846
1270.748899	-16.034513
1271.287768	-16.108105
1271.827094	-16.183743
1272.366877	-16.261517
1272.907119	-16.341490
1273.447820	-16.423725
1273.988981	-16.508264
1274.530601	-16.595129
1275.072683	-16.684354
1275.615226	-16.775940
1276.158230	-16.869867
1276.701697	-16.966146
1277.245627	-17.064776
1277.790021	-17.165730
1278.334879	-17.268999
1278.880202	-17.374545
1279.425991	-17.482317
1279.972245	-17.592314
1280.518966	-17.704532
1281.066155	-17.818940
1281.613811	-17.935533
1282.161936	-18.054340
1282.710529	-18.175389
1283.259593	-18.298731
1283.809126	-18.424428
1284.359131	-18.552528
1284.909607	-18.683111
1285.460555	-18.816289
1286.011976	-18.952138
1286.563870	-19.090738
1287.116237	-19.232198
1287.669080	-19.376611
1288.222397	-19.524076
1288.776191	-19.674695
1289.330460	-19.828542
1289.885207	-19.985704
1290.440431	-20.146285
1290.996133	-20.310318
1291.552314	-20.477831
1292.108975	-20.648892
1292.666115	-20.823497
1293.223737	-21.001613
1293.781839	-21.183242
1294.340424	-21.368335
1294.899491	-21.556839
1295.459041	-21.748730
1296.019075	-21.943963
1296.579593	-22.142435
1297.140597	-22.344102
1297.702086	-22.548913
1298.264061	-22.756749
1298.826524	-22.967573
1299.389474	-23.181304
1299.952912	-23.397845
1300.516839	-23.617170
1301.081255	-23.839261
1301.646162	-24.064115
1302.211559	-24.291705
1302.777448	-24.522086
1303.343829	-24.755343
1303.910702	-24.991526
1304.478069	-25.230724
1305.045930	-25.472963
1305.614285	-25.718282
1306.183136	-25.966806
1306.752483	-26.218632
1307.322326	-26.473845
1307.892666	-26.732597
1308.463504	-26.995065
1309.034841	-27.261353
1309.606677	-27.531542
1310.179012	-27.805657
1310.751849	-28.083648
1311.325186	-28.365470
1311.899025	-28.651053
1312.473366	-28.940424
1313.048211	-29.233594
1313.623559	-29.530471
1314.199412	-29.831016
1314.775770	-30.135107
1315.352634	-30.442491
1315.930004	-30.752895
1316.507881	-31.066049
1317.086266	-31.381636
1317.665159	-31.699423
1318.244562	-32.019153
1318.824474	-32.340578
1319.404897	-32.663475
1319.985831	-32.987507
1320.567276	-33.312328
1321.149234	-33.637475
1321.731706	-33.962490
1322.314691	-34.287013
1322.898190	-34.610643
1323.482205	-34.933050
1324.066736	-35.254049
1324.651783	-35.573399
1325.237347	-35.890718
1325.823430	-36.205813
1326.410031	-36.518217
1326.997151	-36.827502
1327.584791	-37.133475
1328.172952	-37.435794
1328.761634	-37.734242
1329.350839	-38.028421
1329.940566	-38.317933
1330.530817	-38.602344
1331.121592	-38.880951
1331.712891	-39.152813
1332.304716	-39.417286
1332.897068	-39.673384
1333.489946	-39.920070
1334.083352	-40.156300
1334.677287	-40.380610
1335.271750	-40.591770
1335.866744	-40.788213
1336.462268	-40.968369
1337.058323	-41.131118
1337.654910	-41.275203
1338.252029	-41.399275
1338.849682	-41.502508
1339.447869	-41.584247
1340.046591	-41.643959
1340.645848	-41.681668
1341.245641	-41.697472
1341.845972	-41.692101
1342.446840	-41.666297
1343.048246	-41.620940
1343.650191	-41.557182
1344.252677	-41.476152
1344.855702	-41.378930
1345.459269	-41.267019
1346.063379	-41.141975
1346.668030	-41.005369
1347.273226	-40.858736
1347.878965	-40.703152
1348.485250	-40.539600
1349.092080	-40.368780
1349.699456	-40.191060
1350.307380	-40.006967
1350.915851	-39.817395
1351.524871	-39.623093
1352.134441	-39.424411
1352.744560	-39.221811
1353.355231	-39.015717
1353.966453	-38.806324
1354.578227	-38.593986
1355.190555	-38.379218
1355.803436	-38.162926
1356.416872	-37.946044
1357.030863	-37.729312
1357.645411	-37.513292
1358.260515	-37.298312
1358.876177	-37.084531
1359.492397	-36.872091
1360.109176	-36.661189
1360.726516	-36.451709
1361.344416	-36.243617
1361.962877	-36.036619
1362.581901	-35.829871
1363.201487	-35.622606
1363.821637	-35.414074
1364.442352	-35.203836
1365.063632	-34.991491
1365.685478	-34.776809
1366.307891	-34.559840
1366.930871	-34.340436
1367.554420	-34.118585
1368.178538	-33.894405
1368.803226	-33.668384
1369.428485	-33.441103
1370.054315	-33.213077
1370.680717	-32.984956
1371.307693	-32.757096
1371.935242	-32.529771
1372.563366	-32.303115
1373.192065	-32.076989
1373.821341	-31.851450
1374.451193	-31.626526
1375.081623	-31.402024
1375.712632	-31.177740
1376.344221	-30.953334
1376.976389	-30.728405
1377.609139	-30.502669
1378.242470	-30.276036
1378.876384	-30.048711
1379.510881	-29.820931
1380.145963	-29.593019
1380.781629	-29.365399
1381.417881	-29.138503
1382.054720	-28.912781
1382.692147	-28.688822
1383.330161	-28.467287
1383.968765	-28.248714
1384.607959	-28.033617
1385.247743	-27.822411
1385.888119	-27.615383
1386.529087	-27.412612
1387.170648	-27.214164
1387.812804	-27.020175
1388.455554	-26.830611
1389.098899	-26.645429
1389.742842	-26.464542
1390.387381	-26.287665
1391.032519	-26.114443
1391.678256	-25.944578
1392.324592	-25.777845
1392.971529	-25.614154
1393.619068	-25.453480
1394.267208	-25.295793
1394.915952	-25.141014
1395.565300	-24.989102
1396.215253	-24.840036
1396.865812	-24.693864
1397.516977	-24.550785
1398.168749	-24.410940
1398.821130	-24.274379
1399.474120	-24.141148
1400.127719	-24.011249
1400.781930	-23.884672
1401.436752	-23.761567
1402.092186	-23.642095
1402.748234	-23.526341
1403.404897	-23.414249
1404.062174	-23.305525
1404.720067	-23.199808
1405.378577	-23.096742
1406.037705	-22.995949
1406.697451	-22.896973
1407.357817	-22.799305
1408.018803	-22.702292
1408.680410	-22.605262
1409.342639	-22.507749
1410.005492	-22.409401
1410.668968	-22.310025
1411.333068	-22.209550
1411.997795	-22.107937
1412.663147	-22.005157
1413.329127	-21.901306
1413.995736	-21.796672
1414.662973	-21.691662
1415.330840	-21.586750
1415.999339	-21.482432
1416.668469	-21.379119
1417.338232	-21.277219
1418.008628	-21.177200
1418.679659	-21.079557
1419.351325	-20.984632
1420.023628	-20.892562
1420.696568	-20.803225
1421.370145	-20.716199
1422.044362	-20.630911
1422.719219	-20.546645
1423.394717	-20.462483
1424.070856	-20.377383
1424.747638	-20.290190
1425.425064	-20.199733
1426.103134	-20.104994
1426.781850	-20.005201
1427.461212	-19.899887
1428.141221	-19.788865
1428.821878	-19.672186
1429.503185	-19.550189
1430.185141	-19.423510
1430.867749	-19.293025
1431.551008	-19.159895
1432.234920	-19.025374
1432.919486	-18.890716
1433.604707	-18.757210
1434.290583	-18.626131
1434.977116	-18.498733
1435.664307	-18.376199
1436.352156	-18.259465
1437.040664	-18.149134
1437.729833	-18.045508
1438.419663	-17.948500
1439.110156	-17.857653
1439.801312	-17.772103
1440.493132	-17.690533
1441.185617	-17.611245
1441.878768	-17.532262
1442.572586	-17.451562
1443.267072	-17.367281
1443.962228	-17.277921
1444.658053	-17.182504
1445.354549	-17.080712
1446.051717	-16.973049
1446.749558	-16.860864
1447.448073	-16.746262
1448.147263	-16.631905
1448.847128	-16.520722
1449.547671	-16.415685
1450.248891	-16.319566
1450.950789	-16.234719
1451.653368	-16.162898
1452.356627	-16.105016
1453.060568	-16.061054
1453.765192	-16.030011
1454.470500	-16.009917
1455.176492	-15.997923
1455.883170	-15.990402
1456.590534	-15.983158
1457.298586	-15.971704
1458.007327	-15.951683
1458.716758	-15.919324
1459.426880	-15.871804
1460.137693	-15.807605
1460.849199	-15.726638
1461.561398	-15.630209
1462.274293	-15.520957
1462.987883	-15.402490
1463.702170	-15.279026
1464.417155	-15.154994
1465.132838	-15.034643
1465.849222	-14.921838
1466.566306	-14.819912
1467.284093	-14.731535
1468.002582	-14.658677
1468.721775	-14.602592
1469.441674	-14.563823
1470.162278	-14.542301
1470.883590	-14.537397
1471.605609	-14.547892
1472.328338	-14.571989
1473.051777	-14.607299
1473.775928	-14.650845
1474.500790	-14.699105
1475.226367	-14.747961
1475.952657	-14.792689
1476.679663	-14.828034
1477.407386	-14.848378
1478.135826	-14.848050
1478.864985	-14.821698
1479.594863	-14.764658
1480.325463	-14.673450
1481.056784	-14.546244
1481.788828	-14.383174
1482.521597	-14.186399
1483.255090	-13.959878
1483.989309	-13.709021
1484.724256	-13.440222
1485.459931	-13.160346
1486.196336	-12.876264
1486.933471	-12.594445
1487.671337	-12.320710
1488.409937	-12.060108
1489.149270	-11.816862
1489.889337	-11.594354
1490.630141	-11.395132
1491.371682	-11.220961
1492.113961	-11.072881
1492.856979	-10.951243
1493.600738	-10.855710
1494.345238	-10.785279
1495.090481	-10.738269
1495.836467	-10.712334
1496.583198	-10.704464
1497.330675	-10.711016
1498.078899	-10.727778
1498.827872	-10.750092
1499.577593	-10.773027
1500.328065	-10.791654
1501.079289	-10.801389
1501.831265	-10.798349
1502.583995	-10.779687
1503.337480	-10.743878
1504.091721	-10.690890
1504.846719	-10.622159
1505.602475	-10.540435
1506.358991	-10.449459
1507.116268	-10.353581
1507.874306	-10.257347
1508.633108	-10.165122
1509.392673	-10.080759
1510.153004	-10.007260
1510.914101	-9.946546
1511.675965	-9.899250
1512.438599	-9.864520
1513.202002	-9.839791
1513.966176	-9.820593
1514.731122	-9.800468
1515.496842	-9.771000
1516.263336	-9.722069
1517.030607	-9.642480
1517.798654	-9.521010
1518.567479	-9.347826
1519.337083	-9.116015
1520.107468	-8.822830
1520.878634	-8.470267
1521.650584	-8.064777
1522.423317	-7.616245
1523.196836	-7.136530
1523.971141	-6.638048
1524.746233	-6.132657
1525.522115	-5.630990
1526.298786	-5.142165
1527.076249	-4.673755
1527.854504	-4.231963
1528.633553	-3.821857
1529.413397	-3.447633
1530.194037	-3.112853
1530.975474	-2.820661
1531.757709	-2.573980
1532.540745	-2.375656
1533.324581	-2.228605
1534.109220	-2.135928
1534.894662	-2.101023
1535.680909	-2.127690
1536.467961	-2.220249
1537.255821	-2.383676
1538.044489	-2.623785
1538.833967	-2.947447
1539.624256	-3.362904
1540.415357	-3.880228
1541.207271	-4.512018
1542.000000	-5.274427
1542.793545	-6.188815
1543.587907	-7.284465
1544.383087	-8.603319
1545.179088	-10.208666
1545.975909	-12.202277
1546.773552	-14.760740
1547.572019	-18.211690
1548.371311	-23.027035
1549.171428	-26.322716
1549.972373	-22.188893
1550.774147	-18.315593
1551.576751	-15.701080
1552.380185	-13.870945
1553.184453	-12.550389
1553.989554	-11.590233
1554.795490	-10.903564
1555.602263	-10.436344
1556.409873	-10.153341
1557.218322	-10.030866
1558.027612	-10.052732
1558.837743	-10.207841
1559.648717	-10.488598
1560.460536	-10.889753
1561.273200	-11.407287
1562.086710	-12.036991
1562.901069	-12.772245
1563.716278	-13.600307
1564.532337	-14.496200
1565.349249	-15.413481
1566.167014	-16.274059
1566.985634	-16.967091
1567.805111	-17.375693
1568.625444	-17.434819
1569.446637	-17.174315
1570.268690	-16.696799
1571.091605	-16.117348
1571.915382	-15.523564
1572.740024	-14.968723
1573.565532	-14.480243
1574.391907	-14.069530
1575.219150	-13.739027
1576.047262	-13.486532
1576.876246	-13.307510
1577.706103	-13.196186
1578.536833	-13.146052
1579.368439	-13.150186
1580.200922	-13.201359
1581.034282	-13.291918
1581.868522	-13.413685
1582.703643	-13.558025
1583.539646	-13.715935
1584.376532	-13.878076
1585.214304	-14.034909
1586.052962	-14.177110
1586.892508	-14.296081
1587.732943	-14.384247
1588.574269	-14.435403
1589.416487	-14.445218
1590.259599	-14.411459
1591.103605	-14.333808
1591.948508	-14.213734
1592.794309	-14.054387
1593.641009	-13.860245
1594.488609	-13.636624
1595.337112	-13.389412
1596.186518	-13.124910
1597.036829	-12.849541
1597.888047	-12.569550
1598.740172	-12.290921
1599.593207	-12.019376
1600.447153	-11.760208
1601.302010	-11.518144
1602.157782	-11.297449
1603.014469	-11.101984
1603.872072	-10.935092
1604.730593	-10.799596
1605.590034	-10.697934
1606.450397	-10.632173
1607.311681	-10.603901
1608.173890	-10.614229
1609.037024	-10.663824
1609.901085	-10.752803
1610.766075	-10.880520
1611.631995	-11.045415
1612.498846	-11.244839
1613.366630	-11.474703
1614.235349	-11.729032
1615.105004	-11.999667
1615.975596	-12.276051
1616.847128	-12.545134
1617.719600	-12.791808
1618.593014	-13.000154
1619.467372	-13.155366
1620.342675	-13.246103
1621.218924	-13.266775
1622.096122	-13.218875
1622.974270	-13.110700
1623.853369	-12.955658
1624.733420	-12.769892
1625.614427	-12.569939
1626.496389	-12.370986
1627.379308	-12.185917
1628.263187	-12.024982
1629.148026	-11.895828
1630.033828	-11.803758
1630.920593	-11.752003
1631.808324	-11.741921
1632.697022	-11.773104
1633.586688	-11.843431
1634.477324	-11.949002
1635.368932	-12.083977
1636.261514	-12.240480
1637.155070	-12.408635
1638.049602	-12.576777
1638.945113	-12.732084
1639.841603	-12.861758
1640.739075	-12.954596
1641.637529	-13.002662
1642.536968	-13.002738
1643.437393	-12.956988
1644.338806	-12.872464
1645.241209	-12.759764
1646.144602	-12.631334
1647.048988	-12.499760
1647.954368	-12.376364
1648.860744	-12.270396
1649.768118	-12.188667
1650.676491	-12.135325
1651.585865	-12.111814
1652.496241	-12.116992
1653.407621	-12.147218
1654.320008	-12.196439
1655.233401	-12.256503
1656.147804	-12.317752
1657.063218	-12.369862
1657.979645	-12.403009
1658.897085	-12.409339
1659.815542	-12.384339
1660.735016	-12.327656
1661.655509	-12.243227
1662.577023	-12.138691
1663.499560	-12.024142
1664.423121	-11.910612
1665.347709	-11.808792
1666.273324	-11.728044
1667.199969	-11.675646
1668.127645	-11.656378
1669.056353	-11.672317
1669.986097	-11.722640
1670.916877	-11.803474
1671.848695	-11.907914
1672.781553	-12.026197
1673.715452	-12.146163
1674.650395	-12.254371
1675.586383	-12.337814
1676.523418	-12.385976
1677.461501	-12.392876
1678.400635	-12.358447
1679.340821	-12.288562
1680.282061	-12.193742
1681.224357	-12.087147
1682.167710	-11.982352
1683.112122	-11.891404
1684.057595	-11.823558
1685.004132	-11.784573
1685.951732	-11.776316
1686.900400	-11.796674
1687.850135	-11.839769
1688.800940	-11.896387
1689.752818	-11.954873
1690.705768	-12.002652
1691.659795	-12.028243
1692.614898	-12.023459
1693.571081	-11.985282
1694.528345	-11.916652
1695.486691	-11.825874
1696.446122	-11.724952
1697.406640	-11.627359
1698.368245	-11.545845
1699.330941	-11.490824
1700.294729	-11.469312
1701.259611	-11.484257
1702.225588	-11.534309
1703.192664	-11.613887
1704.160838	-11.713518
1705.130114	-11.820744
1706.100493	-11.921795
1707.071977	-12.003840
1708.044568	-12.057587
1709.018268	-12.079511
1709.993079	-12.072726
1710.969003	-12.046196
1711.946041	-12.012625
1712.924196	-11.985611
1713.903469	-11.976974
1714.883862	-11.994790
1715.865378	-12.042052
1716.848017	-12.116004
1717.831783	-12.208288
1718.816677	-12.305827
1719.802701	-12.392763
1720.789857	-12.453663
1721.778147	-12.477275
1722.767573	-12.459658
1723.758136	-12.405583
1724.749840	-12.327340
1725.742685	-12.241447
1726.736673	-12.164828
1727.731808	-12.111464
1728.728090	-12.090048
1729.725521	-12.102877
1730.724105	-12.145670
1731.723842	-12.208221
1732.724735	-12.276231
1733.726785	-12.334266
1734.729995	-12.369482
1735.734366	-12.375371
1736.739902	-12.353913
1737.746603	-12.315106
1738.754472	-12.274242
1739.763510	-12.247898
1740.773721	-12.249952
1741.785105	-12.288650
1742.797665	-12.364810
1743.811403	-12.471125
1744.826321	-12.592884
1745.842422	-12.710400
1746.859706	-12.803379
1747.878177	-12.856633
1748.897835	-12.865119
1749.918685	-12.835837
1750.940726	-12.785500
1751.963963	-12.735100
1752.988395	-12.703819
1754.014027	-12.704298
1755.040860	-12.739920
1756.068895	-12.804140
1757.098135	-12.881892
1758.128583	-12.953310
1759.160240	-12.999537
1760.193109	-13.009318
1761.227191	-12.983620
1762.262488	-12.935778
1763.299004	-12.887049
1764.336740	-12.859862
1765.375697	-12.871419
1766.415880	-12.929226
1767.457288	-13.028940
1768.499926	-13.154522
1769.543794	-13.281288
1770.588895	-13.382419
1771.635231	-13.437970
1772.682805	-13.442858
1773.731619	-13.409223
1774.781674	-13.361467
1775.832973	-13.326891
1776.885519	-13.326492
1777.939312	-13.368812
1778.994357	-13.447555
1780.050654	-13.543007
1781.108207	-13.627692
1782.167017	-13.676124
1783.227087	-13.675705
1784.288418	-13.633114
1785.351013	-13.571963
1786.414875	-13.523172
1787.480006	-13.513502
1788.546407	-13.556865
1789.614082	-13.649920
1790.683032	-13.772084
1791.753259	-13.890735
1792.824767	-13.972266
1793.897557	-13.996373
1794.971632	-13.966214
1796.046994	-13.907156
1797.123645	-13.854790
1798.201588	-13.839905
1799.280824	-13.877258
1800.361357	-13.960627
1801.443188	-14.064365
1802.526320	-14.152026
1803.610756	-14.191775
1804.696497	-14.172650
1805.783546	-14.111298
1806.871906	-14.043939
1807.961578	-14.009256
1809.052565	-14.032444
1810.144870	-14.115939
1811.238494	-14.237677
1812.333441	-14.357778
1813.429713	-14.434484
1814.527311	-14.445033
1815.626239	-14.399002
1816.726499	-14.333126
1817.828094	-14.291491
1818.931025	-14.304760
1820.035295	-14.377592
1821.140906	-14.486417
1822.247862	-14.588197
1823.356165	-14.640422
1824.465816	-14.625259
1825.576819	-14.561438
1826.689175	-14.493609
1827.802888	-14.467698
1828.917960	-14.508727
1830.034394	-14.609741
1831.152191	-14.733320
1832.271354	-14.827163
1833.391887	-14.851818
1834.513790	-14.805715
1835.637068	-14.726774
1836.761722	-14.668465
1837.887755	-14.669902
1839.015169	-14.737094
1840.143968	-14.840078
1841.274153	-14.926831
1842.405727	-14.952372
1843.538693	-14.908697
1844.673053	-14.831242
1845.808810	-14.775215
1846.945966	-14.782111
1848.084525	-14.857431
1849.224488	-14.966843
1850.365858	-15.052590
1851.508638	-15.067883
1852.652831	-15.010085
1853.798438	-14.923403
1854.945463	-14.867788
1856.093909	-14.881366
1857.243777	-14.959581
1858.395071	-15.057343
1859.547794	-15.114746
1860.701947	-15.097730
1861.857533	-15.024471
1863.014556	-14.951502
1864.173018	-14.932705
1865.332922	-14.984698
1866.494270	-15.076494
1867.657065	-15.147195
1868.821309	-15.147443
1869.987006	-15.078512
1871.154158	-14.991997
1872.322768	-14.949631
1873.492839	-14.980198
1874.664373	-15.061223
1875.837373	-15.132682
1877.011841	-15.139279
1878.187782	-15.075405
1879.365197	-14.990315
1880.544089	-14.947052
1881.724460	-14.974783
1882.906315	-15.048412
1884.089655	-15.105190
1885.274483	-15.092610
1886.460803	-15.014170
1887.648616	-14.926869
1888.837927	-14.892265
1890.028736	-14.928582
1891.221049	-14.997389
1892.414866	-15.031960
1893.610192	-14.993098
1894.807028	-14.905523
1896.005379	-14.834657
1897.205246	-14.828776
1898.406633	-14.880079
1899.609542	-14.930629
1900.813977	-14.921095
1902.019940	-14.846770
1903.227434	-14.762941
1904.436462	-14.732295
1905.647028	-14.769542
1906.859133	-14.828361
1908.072781	-14.840287
1909.287976	-14.779542
1910.504719	-14.689753
1911.723013	-14.640012
1912.942863	-14.659726
1914.164270	-14.712722
1915.387238	-14.729709
1916.611770	-14.676471
1917.837868	-14.590474
1919.065536	-14.541160
1920.294777	-14.560147
1921.525594	-14.610940
1922.757989	-14.623177
1923.991967	-14.565536
1925.227529	-14.481257
1926.464679	-14.441049
1927.703420	-14.469461
1928.943755	-14.519852
1930.185688	-14.520460
1931.429221	-14.452688
1932.674356	-14.373095
1933.921099	-14.349187
1935.169451	-14.386886
1936.419415	-14.424006
1937.670996	-14.397319
1938.924195	-14.316863
1940.179017	-14.254653
1941.435463	-14.260992
1942.693538	-14.308606
1943.953245	-14.321688
1945.214586	-14.264158
1946.477566	-14.184969
1947.742186	-14.157877
1949.008451	-14.194161
1950.276363	-14.228850
1951.545926	-14.196710
1952.817143	-14.114873
1954.090017	-14.061379
1955.364551	-14.077631
1956.640749	-14.118514
1957.918615	-14.106487
1959.198150	-14.031548
1960.479359	-13.965586
1961.762244	-13.968412
1963.046810	-14.012454
1964.333059	-14.016382
1965.620995	-13.951613
1966.910621	-13.881783
1968.201940	-13.875370
1969.494956	-13.915151
1970.789672	-13.920047
1972.086091	-13.855362
1973.384217	-13.782853
1974.684053	-13.773628
1975.985602	-13.811224
1977.288869	-13.813931
1978.593855	-13.750149
1979.900566	-13.685426
1981.209003	-13.686828
1982.519171	-13.727848
1983.831073	-13.724874
1985.144712	-13.659012
1986.460093	-13.604288
1987.777217	-13.615593
1989.096089	-13.648242
1990.416713	-13.623846
1991.739092	-13.551015
1993.063228	-13.512616
1994.389127	-13.538638
1995.716791	-13.561632
1997.046223	-13.520382
1998.377428	-13.457394
1999.710409	-13.449831
2001.045169	-13.487161
2002.381713	-13.486835
2003.720043	-13.426065
2005.060163	-13.378562
2006.402077	-13.392679
2007.745788	-13.414681
2009.091301	-13.378061
2010.438618	-13.315932
2011.787743	-13.304226
2013.138680	-13.335142
2014.491433	-13.332007
2015.846005	-13.279883
2017.202399	-13.248548
2018.560621	-13.268267
2019.920673	-13.278797
2021.282558	-13.236755
2022.646281	-13.192466
2024.011846	-13.197241
2025.379256	-13.213626
2026.748515	-13.187235
2028.119626	-13.147870
2029.492594	-13.151248
2030.867422	-13.174135
2032.244114	-13.158738
2033.622673	-13.122273
2035.003104	-13.120808
2036.385411	-13.139502
2037.769597	-13.123080
2039.155665	-13.087127
2040.543621	-13.087870
2041.933467	-13.109841
2043.325208	-13.096757
2044.718847	-13.066429
2046.114389	-13.074132
2047.511837	-13.096637
2048.911195	-13.076975
2050.312467	-13.043940
2051.715657	-13.053902
2053.120769	-13.071747
2054.527807	-13.043407
2055.936775	-13.014781
2057.347677	-13.037150
2058.760516	-13.053857
2060.175297	-13.016755
2061.592025	-12.993724
2063.010701	-13.024351
2064.431332	-13.029649
2065.853921	-12.981520
2067.278472	-12.970692
2068.704988	-13.010061
2070.133475	-13.001685
2071.563936	-12.953497
2072.996375	-12.966708
2074.430796	-13.008203
2075.867204	-12.978489
2077.305603	-12.939232
2078.745996	-12.977466
2080.188389	-13.004625
2081.632784	-12.955572
2083.079187	-12.944491
2084.527601	-13.002090
2085.978030	-12.998989
2087.430480	-12.947752
2088.884954	-12.977890
2090.341455	-13.027973
2091.799990	-12.986180
2093.260561	-12.961594
2094.723173	-13.023860
2096.187831	-13.031469
2097.654538	-12.974817
2099.123300	-13.004776
2100.594119	-13.061211
2102.067001	-13.016289
2103.541950	-12.994491
2105.018971	-13.062067
2106.498067	-13.057661
2107.979243	-13.000606
2109.462503	-13.046374
2110.947853	-13.089184
2112.435295	-13.030509
2113.924836	-13.036684
2115.416478	-13.106401
2116.910227	-13.069662
2118.406087	-13.035435
2119.904063	-13.107627
2121.404158	-13.110255
2122.906378	-13.057016
2124.410727	-13.116679
2125.917210	-13.155453
2127.425831	-13.095071
2128.936594	-13.128922
2130.449505	-13.194499
2131.964567	-13.144384
2133.481786	-13.157436
2135.001166	-13.242898
2136.522711	-13.209665
2138.046427	-13.201178
2139.572317	-13.291468
2141.100388	-13.273866
2142.630642	-13.252272
2144.163085	-13.347892
2145.697722	-13.347246
2147.234558	-13.315129
2148.773596	-13.406825
2150.314842	-13.412798
2151.858301	-13.373421
2153.403977	-13.465189
2154.951875	-13.477549
2156.502000	-13.435600
2158.054357	-13.525823
2159.608950	-13.533774
2161.165785	-13.489409
2162.724866	-13.582105
2164.286198	-13.585891
2165.849786	-13.547325
2167.415635	-13.643875
2168.983749	-13.634810
2170.554134	-13.605071
2172.126795	-13.707008
2173.701737	-13.685734
2175.278964	-13.675954
2176.858481	-13.780210
2178.440294	-13.742194
2180.024408	-13.758931
2181.610827	-13.858546
2183.199557	-13.809393
2184.790602	-13.862431
2186.383968	-13.944345
2187.979660	-13.891528
2189.577683	-13.981822
2191.178041	-14.031419
2192.780741	-13.994269
2194.385787	-14.113971
2195.993185	-14.119742
2197.602939	-14.119946
2199.215054	-14.244670
2200.829537	-14.211155
2202.446392	-14.267444
2204.065624	-14.360765
2205.687239	-14.314376
2207.311242	-14.424779
2208.937638	-14.455369
2210.566433	-14.439827
2212.197631	-14.567555
2213.831239	-14.535644
2215.467261	-14.590472
2217.105703	-14.678080
2218.746570	-14.630252
2220.389867	-14.746579
2222.035601	-14.752481
2223.683776	-14.762272
2225.334398	-14.879347
2226.987472	-14.832515
2228.643004	-14.929917
2230.300999	-14.970227
2231.961463	-14.961661
2233.624402	-15.092359
2235.289820	-15.058497
2236.957723	-15.149619
2238.628118	-15.209821
2240.301009	-15.203438
2241.976402	-15.341630
2243.654303	-15.317440
2245.334717	-15.418713
2247.017650	-15.480415
2248.703108	-15.491008
2250.391096	-15.631206
2252.081620	-15.610536
2253.774686	-15.734868
2255.470300	-15.778605
2257.168467	-15.821641
2258.869193	-15.947821
2260.572484	-15.933522
2262.278345	-16.079183
2263.986783	-16.088106
2265.697804	-16.177469
2267.411412	-16.258158
2269.127615	-16.272178
2270.846417	-16.409825
2272.567826	-16.393985
2274.291846	-16.527047
2276.018484	-16.541814
2277.747745	-16.622038
2279.479637	-16.701729
2281.214164	-16.720850
2282.951333	-16.851785
2284.691149	-16.842324
2286.433619	-16.984625
2288.178750	-16.989872
2289.926546	-17.104238
2291.677014	-17.157259
2293.430161	-17.224861
2295.185992	-17.330662
2296.944513	-17.356226
2298.705732	-17.502488
2300.469653	-17.508535
2302.236283	-17.668205
2304.005629	-17.680355
2305.777696	-17.831238
2307.552492	-17.872242
2309.330022	-17.996519
2311.110292	-18.074657
2312.893310	-18.167477
2314.679080	-18.284290
2316.467611	-18.346370
2318.258907	-18.493462
2320.052976	-18.531422
2321.849824	-18.700229
2323.649457	-18.717926
2325.451883	-18.897650
2327.257106	-18.905031
2329.065135	-19.087687
2330.875975	-19.088057
2332.689633	-19.268969
2334.506116	-19.270942
2336.325430	-19.446146
2338.147581	-19.450014
2339.972578	-19.622457
2341.800425	-19.631270
2343.631130	-19.805003
2345.464700	-19.818149
2347.301141	-19.993708
2349.140461	-20.006732
2350.982665	-20.192676
2352.827760	-20.206507
2354.675754	-20.402781
2356.526653	-20.412731
2358.380464	-20.625861
2360.237195	-20.632447
2362.096851	-20.862656
2363.959440	-20.864251
2365.824968	-21.107442
2367.693444	-21.112579
2369.564873	-21.369591
2371.439263	-21.381021
2373.316620	-21.629443
2375.196953	-21.651146
2377.080267	-21.874379
2378.966570	-21.943021
2380.855869	-22.110227
2382.748171	-22.218600
2384.643484	-22.324308
2386.541815	-22.492465
2388.443170	-22.529099
2390.347557	-22.750988
2392.254984	-22.724773
2394.165457	-22.995884
2396.078984	-22.943108
2397.995572	-23.205437
2399.915229	-23.195558
2401.837961	-23.398243
2403.763777	-23.484740
2405.692684	-23.574395
2407.624689	-23.791258
2409.559800	-23.778226
2411.498023	-24.079790
2413.439368	-24.030939
2415.383840	-24.319216
2417.331449	-24.354599
2419.282201	-24.516331
2421.236104	-24.721813
2423.193165	-24.730094
2425.153393	-25.074970
2427.116795	-25.033631
2429.083378	-25.350645
2431.053151	-25.449897
2433.026121	-25.577442
2435.002297	-25.893939
2436.981685	-25.850823
2438.964293	-26.230565
2440.950131	-26.250150
2442.939204	-26.420860
2444.931522	-26.698163
2446.927092	-26.620703
2448.925923	-26.993929
2450.928022	-26.969774
2452.933397	-27.098193
2454.942056	-27.381414
2456.954008	-27.249855
2458.969260	-27.602079
2460.987821	-27.630759
2463.009699	-27.661040
2465.034902	-28.039578
2467.063437	-27.911885
2469.095315	-28.194597
2471.130542	-28.417039
2473.169127	-28.323179
2475.211078	-28.757717
2477.256404	-28.781441
2479.305112	-28.842470
2481.357212	-29.296705
2483.412713	-29.201999
2485.471621	-29.449170
2487.533946	-29.844997
2489.599696	-29.726329
2491.668880	-30.118692
2493.741507	-30.426705
2495.817585	-30.317520
2497.897122	-30.798323
2499.980127	-31.022796
2502.066609	-30.917287
2504.156578	-31.420718
2506.250040	-31.564292
2508.347006	-31.438982
2510.447483	-31.929340
2512.551482	-32.051167
2514.659010	-31.873932
2516.770076	-32.304244
2518.884690	-32.445973
2521.002861	-32.208666
2523.124597	-32.596771
2525.249907	-32.819685
2527.378801	-32.576045
2529.511287	-32.901105
2531.647375	-33.234044
2533.787074	-33.113641
2535.930393	-33.251252
2538.077340	-33.779755
2540.227927	-33.743874
2542.382160	-33.737240
2544.540051	-34.297664
2546.701608	-34.524864
2548.866840	-34.386520
2551.035757	-34.813383
2553.208369	-35.326907
2555.384684	-35.264587
2557.564713	-35.396420
2559.748465	-36.021650
2561.935948	-36.303283
2564.127174	-36.210189
2566.322152	-36.546675
2568.520890	-37.141775
2570.723399	-37.208459
2572.929689	-37.096187
2575.139769	-37.449222
2577.353649	-37.874649
2579.571340	-37.743455
2581.792849	-37.539631
2584.018189	-37.805406
2586.247368	-38.113108
2588.480396	-37.935215
2590.717284	-37.775981
2592.958041	-38.071566
2595.202678	-38.455711
2597.451204	-38.439232
2599.703630	-38.340123
2601.959966	-38.617858
2604.220222	-39.075801
2606.484408	-39.227854
2608.752535	-39.154350
2611.024612	-39.322140
2613.300651	-39.824769
2615.580661	-40.248457
2617.864653	-40.348711
2620.152638	-40.454548
2622.444625	-40.925407
2624.740626	-41.619709
2627.040651	-42.068504
2629.344710	-42.243506
2631.652814	-42.451116
2633.964974	-42.935585
2636.281200	-43.631201
2638.601504	-44.017800
2640.925896	-44.000842
2643.254386	-43.893601
2645.586987	-43.953435
2647.923707	-44.222850
2650.264559	-44.442404
2652.609554	-44.262798
2654.958702	-43.925559
2657.312015	-43.772160
2659.669503	-43.804570
2662.031178	-43.992007
2664.397051	-44.195029
2666.767132	-44.383494
2669.141434	-44.138267
2671.519968	-43.906928
2673.902745	-44.230987
2676.289776	-44.436069
2678.681072	-44.716087
2681.076646	-45.081343
2683.476508	-45.104609
2685.880671	-45.230772
2688.289145	-45.586085
2690.701942	-45.918102
2693.119075	-46.521664
2695.540554	-47.389927
2697.966391	-48.222268
2700.396599	-48.978021
2702.831189	-49.543101
2705.270172	-50.205050
2707.713561	-50.673203
2710.161368	-51.218219
2712.613605	-51.693542
2715.070283	-51.958008
2717.531416	-52.294684
2719.997014	-52.477965
2722.467090	-52.544426
2724.941657	-52.174449
2727.420726	-51.856751
2729.904310	-51.455409
2732.392421	-50.988678
2734.885072	-50.819682
2737.382275	-50.527451
2739.884042	-50.377381
2742.390387	-50.114660
2744.901321	-50.146203
2747.416857	-50.006228
2749.937008	-49.914212
2752.461787	-50.002267
2754.991206	-49.903889
2757.525279	-49.942884
2760.064017	-50.068251
2762.607434	-50.456207
2765.155544	-50.882127
2767.708358	-51.418762
2770.265890	-52.286452
2772.828153	-52.860430
2775.395160	-53.648489
2777.966924	-54.815574
2780.543459	-55.908828
2783.124778	-57.051006
2785.710894	-58.967405
2788.301821	-60.552857
2790.897572	-61.469011
2793.498160	-63.055120
2796.103599	-63.182174
2798.713903	-63.037995
2801.329085	-62.743946
2803.949159	-62.059315
2806.574139	-62.446935
2809.204038	-60.834109
2811.838871	-60.340754
2814.478650	-58.723798
2817.123391	-57.991496
2819.773107	-56.639986
2822.427812	-56.241402
2825.087521	-55.413082
2827.752247	-55.227440
2830.422005	-54.891821
2833.096808	-55.139058
2835.776672	-55.019051
2838.461611	-55.517592
2841.151638	-55.533061
2843.846769	-56.050884
2846.547019	-56.677422
2849.252401	-57.427317
2851.962930	-57.977560
2854.678621	-59.105288
2857.399489	-59.702528
2860.125549	-60.715011
2862.856815	-61.795144
2865.593302	-62.646743
2868.335026	-62.393574
2871.082002	-63.374452
2873.834244	-63.193870
2876.591767	-63.966932
2879.354588	-65.329488
2882.122721	-66.670621
2884.896181	-68.707919
2887.674984	-75.074380
2890.459146	-76.085263
2893.248681	-72.639658
2896.043606	-68.204158
2898.843937	-66.801730
2901.649687	-65.436052
2904.460875	-64.395304
2907.277515	-63.729805
2910.099623	-63.205038
2912.927215	-63.694556
2915.760308	-63.036064
2918.598916	-63.277148
2921.443057	-61.416584
2924.292747	-62.498550
2927.148002	-64.560729
2930.008837	-64.054934
2932.875270	-65.682425
2935.747318	-65.151281
2938.624995	-65.347788
2941.508320	-65.624265
2944.397308	-65.018377
2947.291977	-64.278467
2950.192343	-64.011079
2953.098423	-64.378377
2956.010234	-65.105906
2958.927792	-64.832161
2961.851116	-65.223952
2964.780221	-65.857141
2967.715126	-67.432156
2970.655847	-70.280499
2973.602402	-73.106535
2976.554808	-75.855394
2979.513083	-77.610513
2982.477243	-74.417527
2985.447308	-74.444014
2988.423293	-73.351135
2991.405218	-73.966888
2994.393099	-75.541594
2997.386955	-75.318932
