# 2022-03-22_13.25.37
# shape = sech2
# FWHM_ps = 0.11
# carrier_nm = 1542
# frep_MHz = 12126
# pow_mW = 8000
# GDD = 0.0
# propa_len = 0.16
# untap_len = 0.01
# taper_len = 0.1
# waist_len = 0.02
# uptap_len = 0.02
# untap_scale = 1.0
# waist_scale = 0.2578947368421053
# workingDir = NL_20110305_12 (Spirou)
# axis = slow
# window_ps = 10.0
# steps = 200
# points = 21700
# 
# wavelength [nm]	 power spectral density [dB]
600.043425	-92.416575
600.163550	-92.219778
600.283723	-91.977486
600.403943	-91.720168
600.524212	-91.479110
600.644529	-91.282977
600.764895	-91.154347
600.885308	-91.109345
601.005770	-91.154881
601.126280	-91.292221
601.246839	-91.518951
601.367446	-91.824043
601.488101	-92.185951
601.608804	-92.575008
601.729557	-92.951858
601.850357	-93.266557
601.971206	-93.473369
602.092104	-93.545001
602.213050	-93.485373
602.334045	-93.329893
602.455089	-93.132025
602.576181	-92.940489
602.697322	-92.791102
602.818511	-92.712467
602.939749	-92.717412
603.061036	-92.801450
603.182372	-92.947902
603.303757	-93.129485
603.425191	-93.299789
603.546673	-93.398394
603.668204	-93.371286
603.789785	-93.187229
603.911414	-92.850331
604.033092	-92.402387
604.154820	-91.906909
604.276596	-91.419764
604.398422	-90.978962
604.520297	-90.611610
604.642220	-90.333382
604.764193	-90.150501
604.886216	-90.059067
605.008287	-90.049553
605.130408	-90.105282
605.252578	-90.206327
605.374798	-90.326394
605.497066	-90.435622
605.619385	-90.505386
605.741752	-90.512487
605.864169	-90.445626
605.986636	-90.305992
606.109152	-90.111860
606.231718	-89.890704
606.354333	-89.671404
606.476998	-89.481459
606.599712	-89.342206
606.722476	-89.265223
606.845290	-89.255529
606.968154	-89.311455
607.091067	-89.423473
607.214030	-89.576399
607.337043	-89.750631
607.460106	-89.915166
607.583219	-90.035301
607.706381	-90.081806
607.829594	-90.037956
607.952856	-89.897877
608.076169	-89.673767
608.199531	-89.392216
608.322944	-89.084198
608.446407	-88.780681
608.569920	-88.507836
608.693483	-88.283144
608.817096	-88.115321
608.940759	-88.010488
609.064473	-87.968801
609.188237	-87.984926
609.312051	-88.053324
609.435916	-88.167049
609.559831	-88.310224
609.683796	-88.459657
609.807812	-88.593263
609.931878	-88.689052
610.055995	-88.729589
610.180162	-88.711305
610.304380	-88.643885
610.428648	-88.542427
610.552967	-88.428219
610.677337	-88.325195
610.801757	-88.251125
610.926228	-88.222469
611.050750	-88.254805
611.175323	-88.355264
611.299946	-88.519167
611.424620	-88.740131
611.549345	-89.007297
611.674121	-89.297545
611.798948	-89.580695
611.923826	-89.826484
612.048755	-90.000271
612.173734	-90.070239
612.298765	-90.028338
612.423847	-89.888510
612.548980	-89.675616
612.674165	-89.422467
612.799400	-89.161205
612.924687	-88.912452
613.050025	-88.692864
613.175414	-88.518501
613.300854	-88.395967
613.426346	-88.322609
613.551889	-88.294608
613.677484	-88.303761
613.803130	-88.336713
613.928827	-88.380836
614.054576	-88.424585
614.180377	-88.453067
614.306229	-88.457499
614.432132	-88.434828
614.558087	-88.382736
614.684094	-88.305888
614.810153	-88.219269
614.936263	-88.134923
615.062425	-88.060104
615.188639	-88.009253
615.314904	-87.997760
615.441222	-88.030563
615.567591	-88.110165
615.694012	-88.243700
615.820486	-88.433180
615.947011	-88.671247
616.073588	-88.950666
616.200217	-89.265480
616.326898	-89.603135
616.453632	-89.945076
616.580417	-90.270969
616.707255	-90.560466
616.834144	-90.793695
616.961086	-90.956495
617.088081	-91.042521
617.215127	-91.058905
617.342226	-91.020316
617.469378	-90.943829
617.596581	-90.852834
617.723837	-90.775300
617.851146	-90.729162
617.978507	-90.720948
618.105920	-90.755300
618.233386	-90.834849
618.360905	-90.951595
618.488476	-91.095150
618.616100	-91.257837
618.743777	-91.426476
618.871506	-91.581573
618.999288	-91.713980
619.127123	-91.821656
619.255011	-91.896365
619.382951	-91.936779
619.510945	-91.949783
619.638991	-91.944220
619.767090	-91.931421
619.895243	-91.928580
620.023448	-91.945632
620.151706	-91.986537
620.280017	-92.057499
620.408382	-92.167227
620.536799	-92.314292
620.665270	-92.500351
620.793794	-92.730223
620.922371	-93.002224
621.051002	-93.306822
621.179686	-93.643400
621.308423	-94.011290
621.437213	-94.397487
621.566057	-94.788852
621.694954	-95.183711
621.823905	-95.571765
621.952909	-95.935241
622.081967	-96.269324
622.211079	-96.571175
622.340244	-96.825880
622.469462	-97.024524
622.598735	-97.168931
622.728061	-97.254832
622.857441	-97.274655
622.986874	-97.234754
623.116361	-97.145272
623.245903	-97.006964
623.375498	-96.822806
623.505147	-96.601722
623.634850	-96.341647
623.764606	-96.039502
623.894417	-95.702682
624.024282	-95.333996
624.154201	-94.932810
624.284174	-94.507194
624.414202	-94.061480
624.544283	-93.595114
624.674419	-93.111326
624.804609	-92.620478
624.934853	-92.129172
625.065151	-91.639648
625.195504	-91.158950
625.325911	-90.693707
625.456373	-90.245004
625.586889	-89.815737
625.717460	-89.410031
625.848085	-89.028407
625.978764	-88.668364
626.109498	-88.332287
626.240287	-88.021086
626.371131	-87.730783
626.502029	-87.459013
626.632982	-87.205082
626.763989	-86.965543
626.895052	-86.738494
627.026169	-86.523707
627.157341	-86.319249
627.288568	-86.121961
627.419850	-85.932802
627.551187	-85.751928
627.682579	-85.576571
627.814026	-85.403886
627.945528	-85.234610
628.077085	-85.069321
628.208697	-84.909988
628.340364	-84.760650
628.472087	-84.621947
628.603865	-84.493112
628.735698	-84.374272
628.867586	-84.262953
628.999530	-84.154800
629.131529	-84.045875
629.263584	-83.932101
629.395694	-83.810520
629.527859	-83.680589
629.660080	-83.540021
629.792357	-83.386160
629.924689	-83.220005
630.057077	-83.043267
630.189520	-82.857726
630.322019	-82.666975
630.454574	-82.475545
630.587184	-82.288183
630.719851	-82.108189
630.852573	-81.938816
630.985351	-81.782107
631.118185	-81.638448
631.251075	-81.507165
631.384021	-81.387052
631.517023	-81.276548
631.650081	-81.173503
631.783195	-81.077215
631.916365	-80.987684
632.049592	-80.903997
632.182874	-80.824884
632.316213	-80.747935
632.449608	-80.670547
632.583059	-80.591090
632.716567	-80.509039
632.850131	-80.423725
632.983751	-80.335284
633.117428	-80.245726
633.251161	-80.157646
633.384951	-80.072938
633.518797	-79.993325
633.652700	-79.921369
633.786660	-79.859036
633.920676	-79.808952
634.054749	-79.775105
634.188879	-79.759588
634.323065	-79.762458
634.457308	-79.782995
634.591608	-79.818747
634.725965	-79.864659
634.860379	-79.915942
634.994850	-79.967425
635.129377	-80.013116
635.263962	-80.046215
635.398604	-80.058540
635.533303	-80.043113
635.668058	-79.997874
635.802872	-79.923741
635.937742	-79.824502
636.072669	-79.707158
636.207654	-79.579517
636.342696	-79.448656
636.477796	-79.321024
636.612953	-79.202652
636.748167	-79.099448
636.883439	-79.016601
637.018768	-78.958554
637.154155	-78.928255
637.289599	-78.926840
637.425101	-78.953617
637.560660	-79.008293
637.696277	-79.090202
637.831952	-79.197208
637.967685	-79.327580
638.103475	-79.479186
638.239324	-79.646525
638.375230	-79.821903
638.511194	-79.997496
638.647215	-80.164470
638.783295	-80.314613
638.919433	-80.441558
639.055629	-80.539127
639.191883	-80.600159
639.328195	-80.621137
639.464565	-80.604481
639.600994	-80.555146
639.737481	-80.480344
639.874025	-80.390614
640.010629	-80.296699
640.147290	-80.206597
640.284010	-80.127174
640.420789	-80.065544
640.557625	-80.028407
640.694521	-80.021900
640.831474	-80.049434
640.968487	-80.113220
641.105558	-80.216547
641.242687	-80.360083
641.379876	-80.541794
641.517123	-80.759049
641.654429	-81.008833
641.791793	-81.287450
641.929216	-81.585414
642.066699	-81.891321
642.204240	-82.196234
642.341840	-82.488379
642.479499	-82.753725
642.617217	-82.980292
642.754994	-83.155052
642.892830	-83.266946
643.030726	-83.315219
643.168680	-83.306683
643.306694	-83.250131
643.444767	-83.158981
643.582899	-83.050497
643.721091	-82.938512
643.859342	-82.835057
643.997652	-82.754629
644.136022	-82.706620
644.274451	-82.695504
644.412940	-82.728035
644.551488	-82.808554
644.690096	-82.936193
644.828763	-83.109034
644.967490	-83.326019
645.106277	-83.586809
645.245124	-83.888153
645.384030	-84.225121
645.522997	-84.592997
645.662023	-84.985456
645.801109	-85.395251
645.940255	-85.814328
646.079460	-86.229278
646.218726	-86.623435
646.358052	-86.979885
646.497438	-87.280229
646.636884	-87.512471
646.776391	-87.679030
646.915957	-87.789661
647.055584	-87.852546
647.195271	-87.880027
647.335019	-87.895451
647.474826	-87.924546
647.614695	-87.986750
647.754623	-88.098577
647.894612	-88.270014
648.034662	-88.509598
648.174772	-88.831043
648.314943	-89.245790
648.455174	-89.762006
648.595466	-90.393576
648.735819	-91.155130
648.876233	-92.050620
649.016707	-93.072839
649.157242	-94.183014
649.297838	-95.288238
649.438495	-96.229799
649.579213	-96.774900
649.719992	-96.709371
649.860832	-96.063069
650.001733	-95.080600
650.142695	-93.992125
650.283718	-92.939127
650.424803	-91.990292
650.565949	-91.168181
650.707156	-90.469486
650.848424	-89.886910
650.989754	-89.406633
651.131145	-89.016041
651.272597	-88.709948
651.414111	-88.481564
651.555687	-88.324458
651.697324	-88.239587
651.839022	-88.222500
651.980782	-88.243723
652.122604	-88.268177
652.264488	-88.282396
652.406433	-88.267901
652.548441	-88.183987
652.690510	-88.010373
652.832640	-87.756481
652.974833	-87.425256
653.117088	-87.013791
653.259405	-86.546079
653.401784	-86.056421
653.544224	-85.565541
653.686727	-85.085940
653.829293	-84.628203
653.971920	-84.200369
654.114609	-83.806771
654.257361	-83.446348
654.400175	-83.114055
654.543052	-82.808957
654.685991	-82.535478
654.828992	-82.293402
654.972056	-82.078828
655.115183	-81.891829
655.258372	-81.731731
655.401623	-81.596957
655.544937	-81.484339
655.688314	-81.390625
655.831754	-81.313342
655.975256	-81.249474
656.118822	-81.195720
656.262450	-81.144723
656.406141	-81.087813
656.549894	-81.021359
656.693711	-80.942976
656.837591	-80.849689
656.981534	-80.740586
657.125540	-80.618371
657.269610	-80.484397
657.413742	-80.335964
657.557938	-80.170999
657.702196	-79.991408
657.846519	-79.801738
657.990904	-79.604508
658.135353	-79.395903
658.279866	-79.177376
658.424441	-78.957067
658.569081	-78.738234
658.713784	-78.520023
658.858550	-78.306408
659.003381	-78.105867
659.148274	-77.920796
659.293232	-77.749886
659.438253	-77.596076
659.583339	-77.460104
659.728488	-77.338730
659.873701	-77.230728
660.018978	-77.137438
660.164318	-77.057097
660.309723	-76.986378
660.455192	-76.924118
660.600725	-76.869280
660.746323	-76.820280
660.891984	-76.777864
661.037710	-76.741824
661.183500	-76.710452
661.329354	-76.682122
661.475272	-76.657947
661.621255	-76.635870
661.767303	-76.611103
661.913415	-76.582699
662.059591	-76.551944
662.205833	-76.517272
662.352138	-76.475771
662.498509	-76.428586
662.644944	-76.376954
662.791443	-76.320194
662.938008	-76.258405
663.084638	-76.193324
663.231332	-76.125900
663.378091	-76.056706
663.524915	-75.986243
663.671804	-75.916089
663.818759	-75.847966
663.965778	-75.782381
664.112863	-75.720334
664.260012	-75.665137
664.407227	-75.618377
664.554507	-75.579790
664.701853	-75.549726
664.849264	-75.528974
664.996740	-75.517472
665.144282	-75.515886
665.291889	-75.525873
665.439561	-75.544330
665.587300	-75.568691
665.735103	-75.599612
665.882973	-75.636329
666.030908	-75.676367
666.178909	-75.720686
666.326976	-75.771813
666.475109	-75.827314
666.623307	-75.887448
666.771571	-75.956076
666.919902	-76.033069
667.068298	-76.117136
667.216761	-76.209985
667.365289	-76.310836
667.513884	-76.415857
667.662545	-76.523314
667.811272	-76.631860
667.960065	-76.739338
668.108925	-76.843856
668.257851	-76.945477
668.406843	-77.043242
668.555902	-77.134585
668.705027	-77.220572
668.854219	-77.302662
669.003478	-77.378814
669.152803	-77.447247
669.302195	-77.508992
669.451653	-77.562724
669.601179	-77.607250
669.750771	-77.643384
669.900430	-77.675442
670.050156	-77.706181
670.199949	-77.742214
670.349808	-77.789543
670.499735	-77.849834
670.649729	-77.926306
670.799790	-78.025321
670.949918	-78.146147
671.100114	-78.287380
671.250377	-78.451610
671.400707	-78.637545
671.551104	-78.838545
671.701569	-79.056202
671.852101	-79.294868
672.002700	-79.550306
672.153368	-79.817398
672.304102	-80.098903
672.454905	-80.396610
672.605775	-80.708043
672.756713	-81.032653
672.907718	-81.371290
673.058791	-81.723099
673.209933	-82.084846
673.361142	-82.453974
673.512419	-82.831033
673.663764	-83.218284
673.815177	-83.616704
673.966658	-84.026857
674.118207	-84.451054
674.269825	-84.894143
674.421510	-85.361642
674.573264	-85.855153
674.725086	-86.371715
674.876977	-86.914470
675.028936	-87.485526
675.180963	-88.069009
675.333059	-88.652552
675.485224	-89.237434
675.637457	-89.810783
675.789758	-90.337050
675.942129	-90.799622
676.094568	-91.182302
676.247075	-91.440134
676.399652	-91.532034
676.552298	-91.459759
676.705012	-91.227710
676.857795	-90.847545
677.010648	-90.356915
677.163569	-89.800428
677.316560	-89.204428
677.469619	-88.586154
677.622748	-87.962900
677.775946	-87.348086
677.929214	-86.745527
678.082551	-86.156272
678.235957	-85.582859
678.389432	-85.020535
678.542977	-84.466830
678.696592	-83.924007
678.850276	-83.394325
679.004030	-82.872511
679.157853	-82.353783
679.311746	-81.837927
679.465709	-81.327296
679.619742	-80.820822
679.773844	-80.323094
679.928017	-79.842406
680.082259	-79.380447
680.236571	-78.939683
680.390954	-78.528323
680.545406	-78.148943
680.699929	-77.800043
680.854522	-77.481097
681.009185	-77.191252
681.163918	-76.926925
681.318722	-76.684933
681.473596	-76.460694
681.628540	-76.248616
681.783555	-76.045165
681.938641	-75.848283
682.093797	-75.654245
682.249023	-75.460944
682.404321	-75.266607
682.559689	-75.071269
682.715128	-74.876156
682.870637	-74.681918
683.026218	-74.488470
683.181869	-74.298537
683.337591	-74.115553
683.493385	-73.941914
683.649249	-73.778408
683.805185	-73.626550
683.961191	-73.488159
684.117269	-73.363986
684.273418	-73.252686
684.429639	-73.153003
684.585930	-73.062770
684.742294	-72.980013
684.898728	-72.903202
685.055234	-72.829530
685.211812	-72.757227
685.368461	-72.685583
685.525182	-72.611710
685.681975	-72.535695
685.838839	-72.459164
685.995775	-72.382593
686.152783	-72.305687
686.309863	-72.230697
686.467014	-72.158832
686.624238	-72.091273
686.781534	-72.027421
686.938902	-71.966725
687.096342	-71.908994
687.253854	-71.852962
687.411438	-71.798047
687.569095	-71.743780
687.726824	-71.689929
687.884626	-71.637082
688.042499	-71.586144
688.200446	-71.537357
688.358465	-71.490650
688.516556	-71.447471
688.674720	-71.409057
688.832957	-71.374283
688.991266	-71.342070
689.149649	-71.313489
689.308104	-71.289338
689.466632	-71.268374
689.625233	-71.250557
689.783906	-71.236028
689.942653	-71.222992
690.101473	-71.210617
690.260367	-71.198397
690.419333	-71.185637
690.578372	-71.171602
690.737485	-71.157181
690.896672	-71.142539
691.055931	-71.129400
691.215264	-71.119877
691.374671	-71.114622
691.534151	-71.114679
691.693704	-71.122825
691.853332	-71.139502
692.013033	-71.163000
692.172807	-71.193019
692.332656	-71.229031
692.492578	-71.268628
692.652575	-71.309668
692.812645	-71.352892
692.972789	-71.396984
693.133007	-71.438897
693.293300	-71.479385
693.453666	-71.520523
693.614107	-71.562320
693.774622	-71.603368
693.935211	-71.645154
694.095875	-71.688446
694.256613	-71.733846
694.417426	-71.781674
694.578313	-71.832336
694.739274	-71.886231
694.900311	-71.942711
695.061421	-72.000229
695.222607	-72.060185
695.383868	-72.123971
695.545203	-72.190924
695.706613	-72.259547
695.868098	-72.331736
696.029658	-72.410332
696.191293	-72.493893
696.353003	-72.579813
696.514789	-72.670035
696.676649	-72.765570
696.838585	-72.863192
697.000596	-72.961583
697.162682	-73.064099
697.324844	-73.171688
697.487081	-73.284662
697.649394	-73.407799
697.811782	-73.544442
697.974246	-73.693814
698.136786	-73.855890
698.299401	-74.031436
698.462092	-74.217833
698.624859	-74.409811
698.787702	-74.607160
698.950621	-74.809256
699.113616	-75.013028
699.276686	-75.220720
699.439833	-75.438806
699.603056	-75.666540
699.766355	-75.900354
699.929731	-76.145123
700.093183	-76.403574
700.256711	-76.670419
700.420315	-76.942392
700.583996	-77.219654
700.747754	-77.505561
700.911588	-77.806684
701.075499	-78.127383
701.239486	-78.467767
701.403550	-78.834758
701.567691	-79.241605
701.731909	-79.687313
701.896203	-80.163327
702.060575	-80.671631
702.225024	-81.216358
702.389549	-81.791517
702.554152	-82.391692
702.718832	-83.017714
702.883589	-83.662486
703.048424	-84.318005
703.213335	-84.983037
703.378324	-85.653632
703.543391	-86.315434
703.708535	-86.972228
703.873757	-87.638240
704.039056	-88.314692
704.204433	-89.014275
704.369887	-89.758752
704.535420	-90.551162
704.701030	-91.382443
704.866718	-92.231920
705.032484	-93.022732
705.198328	-93.627121
705.364250	-93.899840
705.530250	-93.671087
705.696328	-92.952763
705.862485	-91.986098
706.028720	-90.921263
706.195033	-89.835313
706.361424	-88.809389
706.527894	-87.885927
706.694442	-87.058388
706.861069	-86.317783
707.027775	-85.666262
707.194559	-85.102474
707.361422	-84.630507
707.528363	-84.246317
707.695384	-83.927086
707.862483	-83.653532
708.029661	-83.417741
708.196918	-83.207256
708.364254	-82.992470
708.531670	-82.755776
708.699164	-82.489148
708.866738	-82.182535
709.034391	-81.835987
709.202123	-81.462832
709.369935	-81.072185
709.537826	-80.666939
709.705796	-80.264480
709.873847	-79.884317
710.041976	-79.532503
710.210186	-79.212257
710.378475	-78.926395
710.546844	-78.675267
710.715292	-78.452624
710.883821	-78.250225
711.052429	-78.055841
711.221118	-77.859389
711.389887	-77.656706
711.558735	-77.440452
711.727664	-77.206826
711.896673	-76.959068
712.065763	-76.701444
712.234932	-76.437286
712.404183	-76.177096
712.573513	-75.923581
712.742924	-75.675258
712.912416	-75.439008
713.081988	-75.221687
713.251641	-75.021202
713.421375	-74.833995
713.591190	-74.666382
713.761085	-74.517469
713.931061	-74.375294
714.101119	-74.233005
714.271257	-74.087560
714.441476	-73.930271
714.611777	-73.757114
714.782159	-73.569883
714.952622	-73.370155
715.123166	-73.164451
715.293792	-72.961950
715.464499	-72.768607
715.635288	-72.588168
715.806158	-72.425007
715.977110	-72.280968
716.148143	-72.153667
716.319259	-72.041154
716.490456	-71.940174
716.661735	-71.847009
716.833096	-71.759603
717.004538	-71.678285
717.176063	-71.602460
717.347670	-71.531800
717.519359	-71.468206
717.691130	-71.414403
717.862984	-71.370532
718.034920	-71.334112
718.206938	-71.304776
718.379039	-71.284221
718.551222	-71.270958
718.723488	-71.259809
718.895836	-71.250494
719.068267	-71.242811
719.240781	-71.232383
719.413377	-71.217053
719.586057	-71.197950
719.758819	-71.175522
719.931664	-71.151977
720.104593	-71.130455
720.277604	-71.111240
720.450699	-71.095399
720.623876	-71.085602
720.797137	-71.081312
720.970482	-71.079233
721.143910	-71.079107
721.317421	-71.080595
721.491016	-71.077962
721.664694	-71.066626
721.838456	-71.044478
722.012302	-71.008907
722.186231	-70.957559
722.360244	-70.894464
722.534342	-70.823747
722.708523	-70.748205
722.882788	-70.673510
723.057137	-70.604518
723.231570	-70.541247
723.406088	-70.483027
723.580689	-70.429744
723.755375	-70.378145
723.930146	-70.325620
724.105000	-70.270667
724.279940	-70.212398
724.454963	-70.150110
724.630072	-70.085987
724.805265	-70.021706
724.980543	-69.958051
725.155905	-69.898222
725.331353	-69.843037
725.506885	-69.792911
725.682503	-69.746806
725.858205	-69.704032
726.033993	-69.663981
726.209865	-69.625865
726.385823	-69.586633
726.561866	-69.547581
726.737995	-69.509301
726.914209	-69.472155
727.090508	-69.436606
727.266893	-69.404910
727.443364	-69.376679
727.619920	-69.349726
727.796562	-69.323006
727.973290	-69.296474
728.150103	-69.267266
728.327003	-69.234414
728.503988	-69.201171
728.681060	-69.168530
728.858218	-69.135124
729.035461	-69.102291
729.212791	-69.072440
729.390208	-69.044675
729.567710	-69.017695
729.745299	-68.992437
729.922975	-68.969498
730.100737	-68.949095
730.278586	-68.930997
730.456521	-68.915211
730.634543	-68.900449
730.812652	-68.886616
730.990848	-68.872984
731.169130	-68.858671
731.347500	-68.843565
731.525957	-68.829489
731.704500	-68.817700
731.883131	-68.808947
732.061850	-68.804291
732.240655	-68.804621
732.419548	-68.811036
732.598528	-68.823972
732.777596	-68.843910
732.956751	-68.870364
733.135994	-68.904528
733.315325	-68.946486
733.494744	-68.994064
733.674250	-69.048048
733.853844	-69.107971
734.033526	-69.172059
734.213296	-69.239878
734.393154	-69.313570
734.573101	-69.397414
734.753135	-69.493962
734.933258	-69.605085
735.113469	-69.734546
735.293769	-69.880608
735.474157	-70.040442
735.654633	-70.212936
735.835198	-70.395706
736.015852	-70.585077
736.196594	-70.780730
736.377426	-70.982656
736.558346	-71.189710
736.739355	-71.397822
736.920453	-71.604423
737.101640	-71.808233
737.282916	-72.008501
737.464282	-72.202553
737.645736	-72.394202
737.827280	-72.584369
738.008914	-72.773424
738.190637	-72.958439
738.372449	-73.139711
738.554351	-73.314153
738.736342	-73.474933
738.918424	-73.620841
739.100595	-73.749966
739.282855	-73.858212
739.465206	-73.947192
739.647647	-74.019448
739.830178	-74.073319
740.012799	-74.111345
740.195510	-74.132536
740.378311	-74.134530
740.561203	-74.119411
740.744185	-74.085883
740.927258	-74.034548
741.110421	-73.967622
741.293674	-73.883789
741.477018	-73.788197
741.660453	-73.688905
741.843979	-73.587892
742.027596	-73.490442
742.211303	-73.398052
742.395102	-73.310935
742.578991	-73.226097
742.762972	-73.142711
742.947044	-73.060506
743.131207	-72.975533
743.315461	-72.884919
743.499807	-72.789220
743.684244	-72.686924
743.868773	-72.579620
744.053394	-72.475401
744.238106	-72.378378
744.422910	-72.292883
744.607805	-72.221896
744.792793	-72.162614
744.977872	-72.109673
745.163044	-72.060160
745.348307	-72.011309
745.533663	-71.959678
745.719111	-71.904998
745.904651	-71.848549
746.090283	-71.792597
746.276008	-71.735889
746.461826	-71.682534
746.647735	-71.638033
746.833738	-71.601877
747.019833	-71.576713
747.206021	-71.565813
747.392302	-71.564094
747.578676	-71.556909
747.765143	-71.537384
747.951703	-71.496508
748.138356	-71.427147
748.325102	-71.330719
748.511941	-71.215893
748.698874	-71.089607
748.885900	-70.957906
749.073019	-70.826810
749.260232	-70.698955
749.447539	-70.573566
749.634939	-70.447088
749.822433	-70.322683
750.010021	-70.195801
750.197703	-70.064962
750.385479	-69.935617
750.573348	-69.811253
750.761312	-69.693613
750.949370	-69.586591
751.137523	-69.495419
751.325769	-69.421305
751.514110	-69.362006
751.702545	-69.319462
751.891075	-69.295275
752.079700	-69.282229
752.268419	-69.275418
752.457233	-69.271883
752.646142	-69.269996
752.835145	-69.266934
753.024244	-69.266260
753.213437	-69.276351
753.402726	-69.302748
753.592110	-69.347820
753.781589	-69.411095
753.971163	-69.485732
754.160833	-69.567453
754.350598	-69.654947
754.540459	-69.744909
754.730415	-69.832868
754.920467	-69.917202
755.110615	-70.001684
755.300858	-70.089075
755.491198	-70.182933
755.681633	-70.291970
755.872164	-70.423242
756.062792	-70.576631
756.253515	-70.749989
756.444335	-70.937809
756.635252	-71.133940
756.826264	-71.334777
757.017373	-71.542862
757.208579	-71.764713
757.399881	-72.009714
757.591280	-72.287457
757.782776	-72.609087
757.974368	-72.983284
758.166058	-73.414219
758.357844	-73.905205
758.549728	-74.453856
758.741708	-75.056353
758.933786	-75.709504
759.125961	-76.403144
759.318233	-77.123210
759.510603	-77.854286
759.703071	-78.572667
759.895635	-79.237460
760.088298	-79.788789
760.281058	-80.157698
760.473916	-80.286077
760.666872	-80.155240
760.859926	-79.802727
761.053078	-79.290862
761.246328	-78.677160
761.439676	-78.008081
761.633122	-77.311088
761.826667	-76.608236
762.020310	-75.912388
762.214052	-75.234571
762.407892	-74.586577
762.601831	-73.974696
762.795868	-73.403116
762.990004	-72.864127
763.184239	-72.350427
763.378573	-71.852885
763.573006	-71.363065
763.767538	-70.877044
763.962169	-70.394704
764.156900	-69.923814
764.351729	-69.475550
764.546658	-69.058702
764.741687	-68.679907
764.936815	-68.340182
765.132042	-68.035676
765.327370	-67.760369
765.522797	-67.507389
765.718324	-67.272962
765.913950	-67.054954
766.109677	-66.855086
766.305504	-66.677470
766.501431	-66.526438
766.697458	-66.405848
766.893586	-66.316489
767.089814	-66.256345
767.286142	-66.220812
767.482571	-66.205934
767.679100	-66.207478
767.875730	-66.222041
768.072461	-66.247464
768.269293	-66.283382
768.466225	-66.329330
768.663259	-66.385467
768.860393	-66.450483
769.057629	-66.520585
769.254966	-66.587448
769.452404	-66.643137
769.649944	-66.683159
769.847585	-66.707679
770.045328	-66.723262
770.243172	-66.741617
770.441118	-66.773157
770.639166	-66.824815
770.837315	-66.901001
771.035567	-66.999969
771.233920	-67.117105
771.432376	-67.247939
771.630934	-67.390721
771.829594	-67.548589
772.028356	-67.730602
772.227220	-67.948920
772.426188	-68.215052
772.625257	-68.535902
772.824430	-68.910945
773.023705	-69.333104
773.223083	-69.793180
773.422563	-70.279596
773.622147	-70.784777
773.821834	-71.307742
774.021624	-71.851906
774.221517	-72.420504
774.421513	-73.011835
774.621613	-73.611480
774.821816	-74.181002
775.022122	-74.671478
775.222532	-75.046555
775.423046	-75.314156
775.623664	-75.524336
775.824385	-75.731909
776.025211	-75.964228
776.226140	-76.200073
776.427173	-76.375502
776.628311	-76.414198
776.829553	-76.271447
777.030899	-75.956179
777.232350	-75.521826
777.433905	-75.027821
777.635564	-74.505754
777.837328	-73.964875
778.039197	-73.391657
778.241171	-72.773312
778.443250	-72.111832
778.645433	-71.431749
778.847722	-70.764766
779.050116	-70.144257
779.252615	-69.585154
779.455219	-69.086762
779.657929	-68.630888
779.860744	-68.194900
780.063665	-67.760166
780.266691	-67.323612
780.469823	-66.897062
780.673061	-66.498756
780.876405	-66.142167
781.079855	-65.833460
781.283410	-65.567615
781.487072	-65.334128
781.690840	-65.118034
781.894715	-64.905440
782.098695	-64.689207
782.302783	-64.471123
782.506976	-64.259503
782.711277	-64.066229
782.915684	-63.901724
783.120198	-63.768027
783.324818	-63.661866
783.529546	-63.575837
783.734381	-63.502237
783.939322	-63.440304
784.144372	-63.394562
784.349528	-63.375447
784.554792	-63.392707
784.760163	-63.452509
784.965642	-63.552954
785.171228	-63.684799
785.376922	-63.836453
785.582724	-63.997895
785.788634	-64.165838
785.994651	-64.342941
786.200777	-64.538151
786.407011	-64.763381
786.613353	-65.030131
786.819804	-65.345482
787.026363	-65.713660
787.233030	-66.138706
787.439806	-66.624114
787.646691	-67.183189
787.853684	-67.837213
788.060786	-68.614247
788.267997	-69.540019
788.475317	-70.627272
788.682746	-71.855920
788.890285	-73.131123
789.097932	-74.219505
789.305689	-74.769464
789.513555	-74.543094
789.721531	-73.666632
789.929617	-72.450884
790.137812	-71.136524
790.346117	-69.853098
790.554531	-68.661894
790.763056	-67.591788
790.971691	-66.650257
791.180436	-65.827291
791.389291	-65.103951
791.598256	-64.457247
791.807332	-63.865632
792.016518	-63.313286
792.225815	-62.794513
792.435222	-62.312842
792.644740	-61.874980
792.854369	-61.482872
793.064109	-61.133228
793.273960	-60.817894
793.483922	-60.527438
793.693995	-60.253543
793.904180	-59.992526
794.114475	-59.747302
794.324882	-59.524889
794.535401	-59.331341
794.746031	-59.170195
794.956774	-59.043118
795.167627	-58.949810
795.378593	-58.888491
795.589671	-58.858491
795.800861	-58.861141
796.012162	-58.900075
796.223577	-58.980458
796.435103	-59.106495
796.646742	-59.280202
796.858493	-59.497833
797.070357	-59.752341
797.282334	-60.034826
797.494423	-60.338655
797.706626	-60.657440
797.918941	-60.986635
798.131369	-61.318690
798.343911	-61.641243
798.556566	-61.936038
798.769334	-62.186068
798.982215	-62.380787
799.195210	-62.519692
799.408319	-62.611562
799.621541	-62.670895
799.834877	-62.709223
800.048327	-62.727009
800.261890	-62.715746
800.475568	-62.662739
800.689360	-62.561994
800.903266	-62.414692
801.117287	-62.230095
801.331422	-62.013227
801.545671	-61.763039
801.760036	-61.475171
801.974514	-61.150521
802.189108	-60.797143
802.403816	-60.429807
802.618640	-60.069567
802.833578	-59.732817
803.048632	-59.429848
803.263800	-59.164230
803.479085	-58.937077
803.694484	-58.748114
803.909999	-58.598996
804.125630	-58.493782
804.341376	-58.436921
804.557239	-58.429263
804.773217	-58.467344
804.989311	-58.543308
805.205521	-58.644965
805.421847	-58.760286
805.638290	-58.879547
805.854849	-58.995167
806.071524	-59.099211
806.288316	-59.182506
806.505225	-59.234425
806.722250	-59.246382
806.939393	-59.217581
807.156652	-59.153983
807.374028	-59.068336
807.591521	-58.973253
807.809132	-58.877009
808.026859	-58.779757
808.244705	-58.675672
808.462667	-58.558190
808.680748	-58.420831
808.898946	-58.263614
809.117261	-58.088465
809.335695	-57.891925
809.554246	-57.666492
809.772916	-57.408294
809.991704	-57.118328
810.210610	-56.804404
810.429634	-56.481635
810.648777	-56.166874
810.868039	-55.873073
811.087419	-55.610379
811.306918	-55.388090
811.526535	-55.211630
811.746272	-55.086399
811.966127	-55.019054
812.186102	-55.014269
812.406196	-55.072409
812.626409	-55.189039
812.846742	-55.356724
813.067194	-55.564638
813.287766	-55.804305
813.508457	-56.069469
813.729269	-56.354058
813.950200	-56.653827
814.171251	-56.965367
814.392422	-57.283735
814.613714	-57.602466
814.835126	-57.922520
815.056658	-58.248692
815.278311	-58.582325
815.500084	-58.922568
815.721978	-59.258254
815.943993	-59.561460
816.166128	-59.790781
816.388385	-59.905611
816.610762	-59.871496
816.833261	-59.671112
817.055881	-59.316913
817.278623	-58.841007
817.501486	-58.286208
817.724471	-57.701820
817.947577	-57.128435
818.170805	-56.592353
818.394155	-56.113444
818.617627	-55.702802
818.841221	-55.358089
819.064937	-55.070716
819.288775	-54.836343
819.512736	-54.651004
819.736819	-54.509112
819.961025	-54.406699
820.185354	-54.342050
820.409805	-54.311343
820.634379	-54.308532
820.859076	-54.330897
821.083897	-54.379538
821.308840	-54.460833
821.533907	-54.583632
821.759097	-54.754223
821.984411	-54.974122
822.209848	-55.242844
822.435409	-55.558701
822.661093	-55.916802
822.886902	-56.308689
823.112834	-56.724266
823.338891	-57.149930
823.565072	-57.563972
823.791377	-57.934713
824.017807	-58.230206
824.244361	-58.429114
824.471039	-58.521374
824.697843	-58.499133
824.924771	-58.365843
825.151824	-58.141082
825.379002	-57.846520
825.606306	-57.504035
825.833734	-57.141528
826.061288	-56.784336
826.288967	-56.445181
826.516772	-56.134418
826.744703	-55.864344
826.972759	-55.638739
827.200941	-55.455299
827.429249	-55.314478
827.657683	-55.211621
827.886243	-55.129993
828.114930	-55.052877
828.343743	-54.972778
828.572682	-54.884277
828.801748	-54.783082
829.030941	-54.675310
829.260260	-54.571865
829.489706	-54.478322
829.719280	-54.400463
829.948980	-54.350267
830.178808	-54.338434
830.408763	-54.369535
830.638845	-54.445312
830.869055	-54.563865
831.099393	-54.713086
831.329858	-54.876747
831.560451	-55.042328
831.791173	-55.201337
832.022022	-55.346994
832.252999	-55.477722
832.484105	-55.595819
832.715339	-55.704831
832.946702	-55.812630
833.178193	-55.928548
833.409813	-56.050196
833.641561	-56.161730
833.873439	-56.233810
834.105445	-56.223511
834.337581	-56.091699
834.569846	-55.827264
834.802241	-55.446986
835.034764	-54.984054
835.267418	-54.481505
835.500201	-53.983836
835.733114	-53.529552
835.966157	-53.146435
836.199329	-52.850967
836.432632	-52.648550
836.666065	-52.535728
836.899629	-52.503107
837.133323	-52.535643
837.367147	-52.615971
837.601102	-52.729077
837.835188	-52.861422
838.069405	-53.000601
838.303752	-53.138813
838.538231	-53.278107
838.772841	-53.426641
839.007582	-53.593427
839.242455	-53.785429
839.477459	-54.001615
839.712595	-54.223546
839.947863	-54.414017
840.183263	-54.527709
840.418794	-54.519892
840.654458	-54.362713
840.890254	-54.062476
841.126182	-53.653742
841.362242	-53.187501
841.598435	-52.718280
841.834761	-52.289084
842.071220	-51.925783
842.307811	-51.642226
842.544536	-51.443043
842.781393	-51.322906
843.018384	-51.272304
843.255508	-51.280369
843.492765	-51.332952
843.730156	-51.413635
843.967681	-51.508369
844.205339	-51.603427
844.443132	-51.686281
844.681058	-51.748308
844.919118	-51.782387
845.157313	-51.778152
845.395642	-51.723037
845.634105	-51.606962
845.872703	-51.426263
846.111436	-51.183550
846.350303	-50.888485
846.589306	-50.559171
846.828443	-50.219997
847.067716	-49.896483
847.307124	-49.612488
847.546667	-49.388244
847.786345	-49.236898
848.026160	-49.164171
848.266110	-49.171525
848.506195	-49.256875
848.746417	-49.413760
848.986775	-49.632262
849.227269	-49.897032
849.467899	-50.182025
849.708666	-50.450189
849.949569	-50.657544
850.190609	-50.763059
850.431785	-50.739342
850.673099	-50.580072
850.914549	-50.302386
851.156137	-49.940501
851.397861	-49.536196
851.639723	-49.129039
851.881723	-48.749782
852.123860	-48.420694
852.366135	-48.156303
852.608547	-47.963114
852.851098	-47.841702
853.093786	-47.788266
853.336613	-47.796422
853.579578	-47.858340
853.822681	-47.965366
854.065923	-48.108336
854.309304	-48.275914
854.552823	-48.452645
854.796481	-48.615878
855.040278	-48.734313
855.284215	-48.774495
855.528290	-48.710863
855.772505	-48.532407
856.016859	-48.248906
856.261353	-47.891255
856.505987	-47.499957
856.750760	-47.114823
856.995673	-46.770864
857.240727	-46.494410
857.485920	-46.300211
857.731254	-46.194021
857.976729	-46.173929
858.222343	-46.229544
858.468099	-46.346405
858.713995	-46.509904
858.960032	-46.703484
859.206211	-46.909573
859.452530	-47.113392
859.698991	-47.299345
859.945593	-47.445770
860.192336	-47.530241
860.439222	-47.534111
860.686248	-47.441036
860.933417	-47.247342
861.180728	-46.971117
861.428181	-46.642577
861.675776	-46.297739
861.923514	-45.977860
862.171394	-45.718639
862.419417	-45.542082
862.667582	-45.460889
862.915890	-45.478927
863.164342	-45.585289
863.412936	-45.756429
863.661674	-45.962574
863.910555	-46.168879
864.159579	-46.336289
864.408747	-46.432661
864.658059	-46.439723
864.907515	-46.350698
865.157114	-46.174526
865.406858	-45.934070
865.656746	-45.652806
865.906778	-45.352869
866.156955	-45.057208
866.407277	-44.786339
866.657743	-44.559643
866.908354	-44.397260
867.159110	-44.316330
867.410011	-44.327186
867.661057	-44.434400
867.912249	-44.634469
868.163586	-44.909905
868.415069	-45.229507
868.666697	-45.552600
868.918472	-45.826608
869.170392	-45.993873
869.422458	-46.017711
869.674671	-45.897668
869.927030	-45.660503
870.179536	-45.348415
870.432188	-45.010480
870.684987	-44.687403
870.937933	-44.404694
871.191026	-44.180095
871.444266	-44.028506
871.697653	-43.958136
871.951188	-43.969871
872.204870	-44.061005
872.458700	-44.223348
872.712677	-44.438424
872.966803	-44.677267
873.221076	-44.904579
873.475498	-45.080938
873.730068	-45.168118
873.984787	-45.141735
874.239654	-45.000461
874.494669	-44.766529
874.749834	-44.478462
875.005147	-44.177758
875.260610	-43.899247
875.516222	-43.670811
875.771983	-43.513421
876.027894	-43.440704
876.283954	-43.461506
876.540164	-43.578283
876.796524	-43.780574
877.053033	-44.043756
877.309693	-44.332296
877.566503	-44.599763
877.823464	-44.792812
878.080575	-44.865695
878.337837	-44.797329
878.595249	-44.598310
878.852813	-44.307246
879.110528	-43.974813
879.368393	-43.646397
879.626410	-43.353793
879.884579	-43.116716
880.142899	-42.950277
880.401371	-42.869379
880.659994	-42.884277
880.918770	-42.996794
881.177698	-43.199972
881.436778	-43.474476
881.696010	-43.781847
881.955395	-44.065422
882.214933	-44.260967
882.474623	-44.313339
882.734467	-44.201694
882.994463	-43.957554
883.254613	-43.645644
883.514916	-43.328952
883.775372	-43.051423
884.035982	-42.839063
884.296746	-42.702257
884.557664	-42.640512
884.818735	-42.649707
885.079961	-42.722183
885.341341	-42.844200
885.602876	-42.997168
885.864565	-43.156481
886.126409	-43.284012
886.388407	-43.330300
886.650561	-43.256090
886.912870	-43.051677
887.175334	-42.742972
887.437953	-42.387430
887.700728	-42.051055
887.963658	-41.786031
888.226745	-41.625482
888.489987	-41.585393
888.753385	-41.665413
889.016940	-41.851291
889.280651	-42.118211
889.544518	-42.429766
889.808543	-42.738369
890.072723	-42.992951
890.337061	-43.142982
890.601556	-43.143733
890.866208	-42.975640
891.131017	-42.656362
891.395984	-42.235263
891.661109	-41.780710
891.926391	-41.361220
892.191831	-41.027919
892.457429	-40.811335
892.723186	-40.725121
892.989100	-40.766621
893.255173	-40.917566
893.521405	-41.146321
893.787796	-41.405724
894.054345	-41.637250
894.321053	-41.788684
894.587921	-41.828760
894.854948	-41.747524
895.122134	-41.557806
895.389480	-41.293534
895.656986	-40.998851
895.924651	-40.718250
896.192477	-40.490946
896.460463	-40.346457
896.728609	-40.301086
896.996915	-40.356293
897.265382	-40.497471
897.534010	-40.691519
897.802799	-40.887669
898.071749	-41.026166
898.340860	-41.057125
898.610132	-40.961695
898.879566	-40.758000
899.149162	-40.486915
899.418919	-40.195678
899.688838	-39.927636
899.958919	-39.717422
900.229162	-39.588534
900.499568	-39.554091
900.770136	-39.616668
901.040867	-39.764919
901.311761	-39.969353
901.582817	-40.180109
901.854037	-40.330744
902.125420	-40.358757
902.396966	-40.234850
902.668676	-39.976825
902.940550	-39.638356
903.212587	-39.284765
903.484788	-38.971284
903.757153	-38.734277
904.029683	-38.594458
904.302377	-38.561543
904.575236	-38.633908
904.848259	-38.797716
905.121447	-39.023746
905.394800	-39.263489
905.668319	-39.451216
905.942002	-39.518792
906.215852	-39.425510
906.489866	-39.184235
906.764047	-38.853374
907.038393	-38.505285
907.312906	-38.203564
907.587584	-37.990610
907.862429	-37.885046
908.137441	-37.887533
908.412619	-37.985241
908.687964	-38.152895
908.963476	-38.352456
909.239155	-38.533574
909.515002	-38.640569
909.791015	-38.628624
910.067197	-38.484219
910.343546	-38.235340
910.620063	-37.939103
910.896748	-37.658633
911.173601	-37.445583
911.450623	-37.331638
911.727813	-37.324657
912.005171	-37.410793
912.282699	-37.559163
912.560395	-37.724128
912.838261	-37.851326
913.116296	-37.893524
913.394500	-37.825690
913.672874	-37.652888
913.951418	-37.408930
914.230131	-37.144281
914.509015	-36.910365
914.788068	-36.750668
915.067292	-36.693674
915.346687	-36.747321
915.626252	-36.899622
915.905988	-37.116445
916.185895	-37.339982
916.465973	-37.499476
916.746223	-37.536382
917.026644	-37.428857
917.307236	-37.200384
917.588000	-36.907660
917.868937	-36.616636
918.150045	-36.382853
918.431325	-36.245003
918.712778	-36.223890
918.994404	-36.320669
919.276202	-36.514673
919.558173	-36.760293
919.840317	-36.987511
920.122634	-37.116221
920.405125	-37.087581
920.687789	-36.895894
920.970627	-36.592163
921.253639	-36.254257
921.536824	-35.955119
921.820184	-35.745754
922.103718	-35.653018
922.387427	-35.683324
922.671310	-35.824555
922.955368	-36.042847
923.239601	-36.280249
923.524009	-36.463332
923.808592	-36.526127
924.093351	-36.439629
924.378285	-36.228596
924.663396	-35.957213
924.948682	-35.697525
925.234144	-35.505403
925.519782	-35.409954
925.805597	-35.414928
926.091589	-35.502105
926.377757	-35.633474
926.664102	-35.754963
926.950624	-35.808950
927.237323	-35.755896
927.524200	-35.593577
927.811255	-35.360342
928.098487	-35.118696
928.385897	-34.931216
928.673485	-34.842628
928.961251	-34.871288
929.249196	-35.007038
929.537319	-35.213248
929.825621	-35.429883
930.114102	-35.581867
930.402762	-35.602982
930.691601	-35.468555
930.980620	-35.207464
931.269818	-34.884910
931.559196	-34.576635
931.848753	-34.346695
932.138491	-34.235110
932.428409	-34.254622
932.718508	-34.389289
933.008787	-34.594009
933.299246	-34.799248
933.589887	-34.928319
933.880709	-34.928043
934.171712	-34.795833
934.462896	-34.576601
934.754262	-34.336360
935.045810	-34.136487
935.337539	-34.019163
935.629451	-34.001756
935.921545	-34.076074
936.213822	-34.208550
936.506281	-34.341750
936.798922	-34.406284
937.091747	-34.353019
937.384755	-34.182396
937.677946	-33.943841
937.971321	-33.708095
938.264879	-33.537135
938.558621	-33.466751
938.852547	-33.502200
939.146657	-33.622189
939.440952	-33.781300
939.735431	-33.915431
940.030095	-33.960226
940.324943	-33.878865
940.619977	-33.679796
940.915196	-33.417016
941.210600	-33.167123
941.506189	-32.996551
941.801965	-32.942599
942.097926	-33.011428
942.394074	-33.174924
942.690407	-33.370651
942.986927	-33.517417
943.283634	-33.545219
943.580527	-33.426054
943.877608	-33.188880
944.174875	-32.904321
944.472330	-32.647787
944.769972	-32.475862
945.067802	-32.418785
945.365820	-32.475675
945.664026	-32.612783
945.962420	-32.770407
946.261002	-32.876782
946.559773	-32.874691
946.858733	-32.755349
947.157881	-32.562821
947.457219	-32.361275
947.756746	-32.207644
948.056462	-32.138673
948.356368	-32.158395
948.656464	-32.235580
948.956749	-32.318490
949.257225	-32.347851
949.557891	-32.275405
949.858748	-32.096618
950.159796	-31.857681
950.461034	-31.622331
950.762463	-31.447625
951.064084	-31.373897
951.365896	-31.410123
951.667900	-31.528874
951.970095	-31.678651
952.272483	-31.793476
952.575063	-31.808984
952.877835	-31.701598
953.180799	-31.506275
953.483956	-31.287835
953.787307	-31.111563
954.090850	-31.024711
954.394586	-31.040127
954.698516	-31.134169
955.002640	-31.259905
955.306957	-31.355684
955.611469	-31.362294
955.916174	-31.259073
956.221074	-31.075121
956.526169	-30.865529
956.831458	-30.691411
957.136942	-30.600095
957.442622	-30.602879
957.748496	-30.674657
958.054567	-30.768429
958.360833	-30.827028
958.667294	-30.804865
958.973952	-30.699591
959.280806	-30.550346
959.587857	-30.405527
959.895104	-30.307309
960.202548	-30.283879
960.510189	-30.332975
960.818027	-30.421273
961.126062	-30.500733
961.434295	-30.519828
961.742726	-30.444936
962.051355	-30.291720
962.360182	-30.117164
962.669207	-29.979525
962.978431	-29.918032
963.287854	-29.945419
963.597475	-30.037402
963.907296	-30.142129
964.217315	-30.206172
964.527535	-30.190247
964.837954	-30.083120
965.148573	-29.917677
965.459392	-29.753485
965.770411	-29.641903
966.081630	-29.614095
966.393051	-29.672400
966.704672	-29.779615
967.016494	-29.874063
967.328517	-29.903170
967.640742	-29.845184
967.953169	-29.718413
968.265797	-29.573960
968.578627	-29.463734
968.891660	-29.415426
969.204895	-29.432021
969.518332	-29.491120
969.831972	-29.545421
970.145816	-29.544346
970.459862	-29.464732
970.774112	-29.321818
971.088565	-29.162527
971.403223	-29.042713
971.718084	-28.997618
972.033149	-29.027327
972.348419	-29.101881
972.663893	-29.171367
972.979572	-29.184617
973.295456	-29.116695
973.611546	-28.984101
973.927840	-28.832935
974.244340	-28.716256
974.561046	-28.673169
974.877958	-28.713020
975.195076	-28.810143
975.512401	-28.913011
975.829932	-28.965695
976.147670	-28.934746
976.465615	-28.830382
976.783767	-28.700353
977.102126	-28.599748
977.420693	-28.563348
977.739468	-28.595909
978.058451	-28.669875
978.377642	-28.734170
978.697041	-28.740583
979.016649	-28.670210
979.336466	-28.542945
979.656492	-28.407256
979.976727	-28.315656
980.297171	-28.298760
980.617825	-28.353983
980.938689	-28.447807
981.259763	-28.525825
981.581048	-28.538914
981.902542	-28.474705
982.224248	-28.363686
982.546164	-28.257485
982.868291	-28.202497
983.190630	-28.219431
983.513180	-28.295891
983.835942	-28.393913
984.158916	-28.464213
984.482101	-28.468668
984.805500	-28.405419
985.129110	-28.311180
985.452934	-28.236783
985.776970	-28.219138
986.101220	-28.261689
986.425683	-28.332145
986.750359	-28.379645
987.075250	-28.364470
987.400354	-28.280202
987.725673	-28.157674
988.051206	-28.046748
988.376954	-27.989946
988.702916	-28.004494
989.029094	-28.074885
989.355487	-28.154624
989.682095	-28.188042
990.008919	-28.144980
990.335959	-28.041057
990.663216	-27.925651
990.990688	-27.850420
991.318377	-27.841593
991.646283	-27.891327
991.974406	-27.964868
992.302746	-28.014848
992.631304	-28.005025
992.960079	-27.933555
993.289072	-27.836032
993.618283	-27.762732
993.947713	-27.748755
994.277361	-27.794355
994.607227	-27.863592
994.937313	-27.905385
995.267618	-27.884435
995.598142	-27.802483
995.928886	-27.696693
996.259849	-27.616178
996.591033	-27.595155
996.922437	-27.637659
997.254061	-27.713518
997.585906	-27.769963
997.917972	-27.762870
998.250260	-27.688290
998.582768	-27.585593
998.915498	-27.510584
999.248450	-27.501775
999.581624	-27.562014
999.915020	-27.657559
1000.248639	-27.734261
1000.582480	-27.745322
1000.916545	-27.681907
1001.250832	-27.580492
1001.585343	-27.498738
1001.920077	-27.480661
1002.255035	-27.534589
1002.590218	-27.628092
1002.925624	-27.705656
1003.261255	-27.722247
1003.597111	-27.671492
1003.933192	-27.588480
1004.269497	-27.524590
1004.606029	-27.514659
1004.942785	-27.558398
1005.279768	-27.622089
1005.616977	-27.657443
1005.954412	-27.633429
1006.292074	-27.560513
1006.629962	-27.482687
1006.968077	-27.447880
1007.306420	-27.477485
1007.644990	-27.552518
1007.983787	-27.621706
1008.322813	-27.632483
1008.662067	-27.567465
1009.001549	-27.457901
1009.341259	-27.361420
1009.681199	-27.325628
1010.021367	-27.362357
1010.361765	-27.441997
1010.702392	-27.507235
1011.043250	-27.506135
1011.384337	-27.429808
1011.725654	-27.319001
1012.067202	-27.232744
1012.408980	-27.207858
1012.750989	-27.239227
1013.093230	-27.286847
1013.435702	-27.302486
1013.778405	-27.260788
1014.121341	-27.176494
1014.464508	-27.094990
1014.807908	-27.061218
1015.151540	-27.088074
1015.495405	-27.145311
1015.839503	-27.178167
1016.183835	-27.147549
1016.528400	-27.060509
1016.873198	-26.963677
1017.218231	-26.908585
1017.563498	-26.921171
1017.908999	-26.986911
1018.254735	-27.056689
1018.600707	-27.074921
1018.946913	-27.019885
1019.293354	-26.922896
1019.640032	-26.843132
1019.986945	-26.822525
1020.334094	-26.860224
1020.681480	-26.916085
1021.029102	-26.937731
1021.376961	-26.896364
1021.725058	-26.809160
1022.073391	-26.726525
1022.421962	-26.694885
1022.770772	-26.724110
1023.119819	-26.778698
1023.469104	-26.802103
1023.818628	-26.759056
1024.168391	-26.664306
1024.518393	-26.570321
1024.868634	-26.527476
1025.219115	-26.549498
1025.569836	-26.605117
1025.920796	-26.637845
1026.271997	-26.604061
1026.623438	-26.508442
1026.975121	-26.401399
1027.327044	-26.339705
1027.679208	-26.344568
1028.031614	-26.386780
1028.384262	-26.407987
1028.737152	-26.365800
1029.090284	-26.265636
1029.443659	-26.153795
1029.797276	-26.082612
1030.151137	-26.074081
1030.505240	-26.101064
1030.859587	-26.106661
1031.214178	-26.049605
1031.569013	-25.939289
1031.924093	-25.825724
1032.279417	-25.759546
1032.634985	-25.757123
1032.990799	-25.787179
1033.346858	-25.791607
1033.703162	-25.733757
1034.059712	-25.628320
1034.416509	-25.524731
1034.773551	-25.470328
1035.130841	-25.478463
1035.488377	-25.514112
1035.846160	-25.516241
1036.204190	-25.452230
1036.562468	-25.347539
1036.920994	-25.256217
1037.279768	-25.217655
1037.638790	-25.234474
1037.998061	-25.266977
1038.357581	-25.256523
1038.717350	-25.178143
1039.077368	-25.067506
1039.437636	-24.984097
1039.798154	-24.961730
1040.158922	-24.989270
1040.519940	-25.017820
1040.881209	-24.994906
1041.242729	-24.911408
1041.604501	-24.810457
1041.966524	-24.746389
1042.328798	-24.741331
1042.691325	-24.772191
1043.054103	-24.785508
1043.417135	-24.738588
1043.780419	-24.642894
1044.143956	-24.553609
1044.507746	-24.516308
1044.871791	-24.531910
1045.236088	-24.560398
1045.600641	-24.549756
1045.965447	-24.476414
1046.330508	-24.368829
1046.695824	-24.284449
1047.061395	-24.258019
1047.427222	-24.271031
1047.793304	-24.270238
1048.159642	-24.215333
1048.526237	-24.112590
1048.893088	-24.005738
1049.260196	-23.938317
1049.627561	-23.921192
1049.995183	-23.922231
1050.363063	-23.890812
1050.731201	-23.806688
1051.099597	-23.700878
1051.468251	-23.623388
1051.837164	-23.597093
1052.206336	-23.600510
1052.575767	-23.587373
1052.945458	-23.526249
1053.315409	-23.427905
1053.685619	-23.335387
1054.056090	-23.287519
1054.426821	-23.285544
1054.797814	-23.288181
1055.169067	-23.248873
1055.540582	-23.164744
1055.912359	-23.075806
1056.284398	-23.021729
1056.656698	-23.012037
1057.029262	-23.021619
1057.402088	-23.004648
1057.775177	-22.935679
1058.148530	-22.842599
1058.522146	-22.777500
1058.896027	-22.762288
1059.270171	-22.775089
1059.644580	-22.776316
1060.019254	-22.738099
1060.394193	-22.667452
1060.769397	-22.604913
1061.144867	-22.584484
1061.520602	-22.595756
1061.896604	-22.596540
1062.272872	-22.558042
1062.649407	-22.490110
1063.026210	-22.428735
1063.403279	-22.404146
1063.780616	-22.412216
1064.158221	-22.413290
1064.536094	-22.371247
1064.914235	-22.292228
1065.292645	-22.216556
1065.671325	-22.178389
1066.050273	-22.176740
1066.429491	-22.176137
1066.808979	-22.138011
1067.188738	-22.060949
1067.568766	-21.982081
1067.949066	-21.936894
1068.329636	-21.926028
1068.710478	-21.918578
1069.091592	-21.881347
1069.472977	-21.811614
1069.854635	-21.740778
1070.236565	-21.700590
1070.618768	-21.688487
1071.001243	-21.671418
1071.383993	-21.621486
1071.767016	-21.544650
1072.150313	-21.474411
1072.533884	-21.438686
1072.917730	-21.431562
1073.301850	-21.417071
1073.686246	-21.365806
1074.070917	-21.287852
1074.455864	-21.222415
1074.841087	-21.196204
1075.226586	-21.198492
1075.612362	-21.192982
1075.998415	-21.152570
1076.384745	-21.087169
1076.771353	-21.034873
1077.158238	-21.020568
1077.545401	-21.028335
1077.932843	-21.020486
1078.320564	-20.978074
1078.708564	-20.918303
1079.096842	-20.876650
1079.485401	-20.873078
1079.874240	-20.890117
1080.263358	-20.890536
1080.652757	-20.859620
1081.042438	-20.818975
1081.432399	-20.796894
1081.822641	-20.797886
1082.213166	-20.798917
1082.603972	-20.773181
1082.995061	-20.722309
1083.386433	-20.677184
1083.778087	-20.661384
1084.170025	-20.664607
1084.562246	-20.655039
1084.954751	-20.614593
1085.347541	-20.560240
1085.740615	-20.527705
1086.133973	-20.531859
1086.527617	-20.548596
1086.921546	-20.540169
1087.315761	-20.494445
1087.710262	-20.435639
1088.105050	-20.396524
1088.500124	-20.381896
1088.895485	-20.364362
1089.291134	-20.319161
1089.687070	-20.253768
1090.083294	-20.196027
1090.479806	-20.161815
1090.876607	-20.138942
1091.273696	-20.102631
1091.671075	-20.049566
1092.068744	-20.008390
1092.466702	-20.005679
1092.864950	-20.031739
1093.263489	-20.047191
1093.662319	-20.021022
1094.061440	-19.963367
1094.460852	-19.915049
1094.860555	-19.901525
1095.260551	-19.903665
1095.660840	-19.881588
1096.061421	-19.821139
1096.462295	-19.747281
1096.863462	-19.694160
1097.264923	-19.670879
1097.666678	-19.656706
1098.068727	-19.631932
1098.471071	-19.606787
1098.873710	-19.607782
1099.276644	-19.639948
1099.679874	-19.676930
1100.083400	-19.689346
1100.487222	-19.678119
1100.891340	-19.673771
1101.295756	-19.697510
1101.700468	-19.728641
1102.105478	-19.722072
1102.510787	-19.661203
1102.916393	-19.578639
1103.322298	-19.518494
1103.728502	-19.491385
1104.135005	-19.469166
1104.541807	-19.421975
1104.948909	-19.357467
1105.356312	-19.312070
1105.764015	-19.306750
1106.172019	-19.326173
1106.580324	-19.341785
1106.988931	-19.345336
1107.397840	-19.353139
1107.807051	-19.377685
1108.216564	-19.404882
1108.626380	-19.408979
1109.036500	-19.384063
1109.446923	-19.347225
1109.857649	-19.310018
1110.268680	-19.261211
1110.680016	-19.184744
1111.091657	-19.089000
1111.503602	-19.003715
1111.915854	-18.945856
1112.328411	-18.900694
1112.741275	-18.844164
1113.154445	-18.779278
1113.567922	-18.738328
1113.981706	-18.744591
1114.395798	-18.782733
1114.810198	-18.815606
1115.224906	-18.826279
1115.639923	-18.834416
1116.055249	-18.867136
1116.470884	-18.919328
1116.886829	-18.953934
1117.303084	-18.945820
1117.719650	-18.910086
1118.136526	-18.875984
1118.553713	-18.849114
1118.971212	-18.809975
1119.389022	-18.744330
1119.807145	-18.665201
1120.225580	-18.595970
1120.644328	-18.543103
1121.063389	-18.499096
1121.482763	-18.462440
1121.902452	-18.441484
1122.322454	-18.440843
1122.742771	-18.451565
1123.163404	-18.461158
1123.584351	-18.475355
1124.005614	-18.512443
1124.427193	-18.569949
1124.849089	-18.617069
1125.271301	-18.628777
1125.693830	-18.615889
1126.116677	-18.610014
1126.539842	-18.619157
1126.963324	-18.611374
1127.387126	-18.555774
1127.811246	-18.465101
1128.235685	-18.380206
1128.660444	-18.321947
1129.085522	-18.270320
1129.510922	-18.194534
1129.936641	-18.098551
1130.362682	-18.018497
1130.789044	-17.975988
1131.215728	-17.956198
1131.642734	-17.934044
1132.070063	-17.907337
1132.497714	-17.894172
1132.925689	-17.904499
1133.353987	-17.926830
1133.782610	-17.945802
1134.211556	-17.962486
1134.640827	-17.987091
1135.070424	-18.016581
1135.500345	-18.032112
1135.930593	-18.023673
1136.361166	-18.008915
1136.792067	-18.008515
1137.223294	-18.008575
1137.654848	-17.976949
1138.086730	-17.914749
1138.518940	-17.857936
1138.951479	-17.824082
1139.384346	-17.790674
1139.817543	-17.735632
1140.251069	-17.673479
1140.684925	-17.630752
1141.119111	-17.605439
1141.553628	-17.575747
1141.988475	-17.536679
1142.423655	-17.507154
1142.859166	-17.504510
1143.295009	-17.518217
1143.731185	-17.516843
1144.167694	-17.493569
1144.604536	-17.482930
1145.041711	-17.509109
1145.479221	-17.540984
1145.917065	-17.533010
1146.355245	-17.499035
1146.793759	-17.492733
1147.232609	-17.516926
1147.671795	-17.516372
1148.111317	-17.469832
1148.551177	-17.422449
1148.991373	-17.406050
1149.431907	-17.389630
1149.872779	-17.335662
1150.313989	-17.265702
1150.755538	-17.223171
1151.197426	-17.197110
1151.639653	-17.142734
1152.082220	-17.063003
1152.525128	-17.007015
1152.968376	-16.986976
1153.411966	-16.956365
1153.855897	-16.890995
1154.300169	-16.834060
1154.744784	-16.819788
1155.189742	-16.817033
1155.635042	-16.789584
1156.080687	-16.754860
1156.526674	-16.740503
1156.973007	-16.739620
1157.419683	-16.740438
1157.866705	-16.747734
1158.314072	-16.751042
1158.761786	-16.734359
1159.209845	-16.726697
1159.658251	-16.758804
1160.107004	-16.784771
1160.556104	-16.755318
1161.005553	-16.728579
1161.455349	-16.768052
1161.905494	-16.802167
1162.355989	-16.748784
1162.806832	-16.695217
1163.258026	-16.738915
1163.709570	-16.778706
1164.161464	-16.696871
1164.613710	-16.607536
1165.066307	-16.636435
1165.519256	-16.670607
1165.972558	-16.578475
1166.426212	-16.474246
1166.880219	-16.476635
1167.334580	-16.478406
1167.789295	-16.383968
1168.244364	-16.302879
1168.699788	-16.299035
1169.155567	-16.268717
1169.611702	-16.180516
1170.068193	-16.129078
1170.525041	-16.114467
1170.982245	-16.066177
1171.439807	-16.023669
1171.897726	-16.025145
1172.356004	-15.982965
1172.814640	-15.897205
1173.273635	-15.906045
1173.732989	-15.977060
1174.192703	-15.926749
1174.652778	-15.820611
1175.113213	-15.865721
1175.574009	-15.966986
1176.035167	-15.902001
1176.496687	-15.811644
1176.958569	-15.906673
1177.420814	-16.002867
1177.883422	-15.895438
1178.346394	-15.819080
1178.809730	-15.948735
1179.273430	-16.024011
1179.737496	-15.889118
1180.201927	-15.829004
1180.666723	-15.950037
1181.131886	-15.972039
1181.597416	-15.834230
1182.063312	-15.809056
1182.529576	-15.901012
1182.996209	-15.857560
1183.463209	-15.724339
1183.930579	-15.729320
1184.398317	-15.788208
1184.866426	-15.698031
1185.334904	-15.576004
1185.803754	-15.591652
1186.272974	-15.616688
1186.742566	-15.510619
1187.212529	-15.414134
1187.682865	-15.434444
1188.153574	-15.429500
1188.624656	-15.319999
1189.096112	-15.256718
1189.567942	-15.294384
1190.040147	-15.276343
1190.512726	-15.162951
1190.985681	-15.122145
1191.459012	-15.182705
1191.932720	-15.169315
1192.406804	-15.062558
1192.881265	-15.043460
1193.356104	-15.118308
1193.831322	-15.104051
1194.306918	-15.013208
1194.782893	-15.028586
1195.259248	-15.111856
1195.735982	-15.078974
1196.213097	-14.998185
1196.690593	-15.044841
1197.168471	-15.123742
1197.646730	-15.066458
1198.125371	-14.995680
1198.604395	-15.055100
1199.083803	-15.104830
1199.563594	-15.026358
1200.043769	-14.973695
1200.524329	-15.026661
1201.005273	-15.030917
1201.486604	-14.943108
1201.968320	-14.913411
1202.450422	-14.946735
1202.932912	-14.907952
1203.415789	-14.824568
1203.899054	-14.810482
1204.382707	-14.818298
1204.866748	-14.761511
1205.351179	-14.701268
1205.836000	-14.694300
1206.321211	-14.678422
1206.806812	-14.627696
1207.292805	-14.599140
1207.779189	-14.593831
1208.265965	-14.565961
1208.753134	-14.532294
1209.240696	-14.522232
1209.728651	-14.508643
1210.217000	-14.482168
1210.705744	-14.471541
1211.194883	-14.467071
1211.684417	-14.443395
1212.174347	-14.425096
1212.664673	-14.427953
1213.155396	-14.416526
1213.646516	-14.388132
1214.138034	-14.379653
1214.629951	-14.377488
1215.122266	-14.347650
1215.614980	-14.319734
1216.108095	-14.320756
1216.601609	-14.307744
1217.095524	-14.265681
1217.589841	-14.245007
1218.084559	-14.247718
1218.579679	-14.221984
1219.075202	-14.180860
1219.571128	-14.172521
1220.067458	-14.168544
1220.564191	-14.129006
1221.061330	-14.095254
1221.558874	-14.096660
1222.056823	-14.083944
1222.555178	-14.041686
1223.053940	-14.023629
1223.553109	-14.030264
1224.052686	-14.008128
1224.552671	-13.970611
1225.053065	-13.966382
1225.553867	-13.969333
1226.055079	-13.938044
1226.556702	-13.907926
1227.058735	-13.909386
1227.561179	-13.902146
1228.064035	-13.868160
1228.567303	-13.849784
1229.070983	-13.852630
1229.575077	-13.835353
1230.079585	-13.803580
1230.584506	-13.794040
1231.089842	-13.792186
1231.595594	-13.767065
1232.101761	-13.739532
1232.608345	-13.733821
1233.115345	-13.725818
1233.622762	-13.698959
1234.130597	-13.678577
1234.638851	-13.675065
1235.147523	-13.663225
1235.656615	-13.637753
1236.166126	-13.621329
1236.676058	-13.614940
1237.186411	-13.599470
1237.697185	-13.578071
1238.208381	-13.567367
1238.719999	-13.559976
1239.232040	-13.542556
1239.744505	-13.526060
1240.257394	-13.521433
1240.770708	-13.513115
1241.284446	-13.492037
1241.798610	-13.476893
1242.313201	-13.473850
1242.828218	-13.462743
1243.343662	-13.441133
1243.859534	-13.429749
1244.375834	-13.425742
1244.892563	-13.410650
1245.409721	-13.393039
1245.927309	-13.386889
1246.445327	-13.376836
1246.963777	-13.354764
1247.482657	-13.340949
1248.001970	-13.336395
1248.521716	-13.318880
1249.041894	-13.295198
1249.562506	-13.286419
1250.083553	-13.278197
1250.605034	-13.254307
1251.126950	-13.234212
1251.649302	-13.225995
1252.172091	-13.207930
1252.695316	-13.182656
1253.218979	-13.171303
1253.743079	-13.161499
1254.267619	-13.137179
1254.792597	-13.119507
1255.318015	-13.116825
1255.843874	-13.102512
1256.370173	-13.077649
1256.896913	-13.068880
1257.424095	-13.065171
1257.951720	-13.044827
1258.479787	-13.027407
1259.008298	-13.025552
1259.537254	-13.014649
1260.066654	-12.993802
1260.596499	-12.987104
1261.126790	-12.983104
1261.657527	-12.962140
1262.188711	-12.946514
1262.720342	-12.945971
1263.252422	-12.933770
1263.784950	-12.912217
1264.317928	-12.907727
1264.851355	-12.904670
1265.385232	-12.883961
1265.919560	-12.869662
1266.454340	-12.869182
1266.989572	-12.854296
1267.525256	-12.832434
1268.061394	-12.828095
1268.597985	-12.821806
1269.135031	-12.799256
1269.672531	-12.787690
1270.210487	-12.786340
1270.748899	-12.768071
1271.287768	-12.748775
1271.827094	-12.748085
1272.366877	-12.739772
1272.907119	-12.718525
1273.447820	-12.713683
1273.988981	-12.714414
1274.530601	-12.697441
1275.072683	-12.685992
1275.615226	-12.689051
1276.158230	-12.677412
1276.701697	-12.659503
1277.245627	-12.659988
1277.790021	-12.655519
1278.334879	-12.633949
1278.880202	-12.625660
1279.425991	-12.624513
1279.972245	-12.603549
1280.518966	-12.584783
1281.066155	-12.582557
1281.613811	-12.566748
1282.161936	-12.542133
1282.710529	-12.535931
1283.259593	-12.527352
1283.809126	-12.502290
1284.359131	-12.490468
1284.909607	-12.486820
1285.460555	-12.465060
1286.011976	-12.447331
1286.563870	-12.446855
1287.116237	-12.432600
1287.669080	-12.410419
1288.222397	-12.406391
1288.776191	-12.398085
1289.330460	-12.373827
1289.885207	-12.363572
1290.440431	-12.358777
1290.996133	-12.335501
1291.552314	-12.318057
1292.108975	-12.314695
1292.666115	-12.295760
1293.223737	-12.272717
1293.781839	-12.266753
1294.340424	-12.252912
1294.899491	-12.228192
1295.459041	-12.220342
1296.019075	-12.212961
1296.579593	-12.189415
1297.140597	-12.177322
1297.702086	-12.174405
1298.264061	-12.154882
1298.826524	-12.138699
1299.389474	-12.137064
1299.952912	-12.122739
1300.516839	-12.104294
1301.081255	-12.101876
1301.646162	-12.092015
1302.211559	-12.071856
1302.777448	-12.067422
1303.343829	-12.062558
1303.910702	-12.043554
1304.478069	-12.036668
1305.045930	-12.036819
1305.614285	-12.021358
1306.183136	-12.011970
1306.752483	-12.014574
1307.322326	-12.003916
1307.892666	-11.993064
1308.463504	-11.996576
1309.034841	-11.990146
1309.606677	-11.978228
1310.179012	-11.980905
1310.751849	-11.977158
1311.325186	-11.963475
1311.899025	-11.964091
1312.473366	-11.963634
1313.048211	-11.949684
1313.623559	-11.947571
1314.199412	-11.949854
1314.775770	-11.937529
1315.352634	-11.932870
1315.930004	-11.936904
1316.507881	-11.927501
1317.086266	-11.921991
1317.665159	-11.927811
1318.244562	-11.921494
1318.824474	-11.915116
1319.404897	-11.921383
1319.985831	-11.917637
1320.567276	-11.911175
1321.149234	-11.918399
1321.731706	-11.916863
1322.314691	-11.908920
1322.898190	-11.915442
1323.482205	-11.915901
1324.066736	-11.906175
1324.651783	-11.909979
1325.237347	-11.911169
1325.823430	-11.900462
1326.410031	-11.901226
1326.997151	-11.901527
1327.584791	-11.889267
1328.172952	-11.887170
1328.761634	-11.886386
1329.350839	-11.873259
1329.940566	-11.870811
1330.530817	-11.871237
1331.121592	-11.857637
1331.712891	-11.853763
1332.304716	-11.855561
1332.897068	-11.843569
1333.489946	-11.839784
1334.083352	-11.842749
1334.677287	-11.831508
1335.271750	-11.826467
1335.866744	-11.828082
1336.462268	-11.816691
1337.058323	-11.812427
1337.654910	-11.814442
1338.252029	-11.801592
1338.849682	-11.795664
1339.447869	-11.797569
1340.046591	-11.785003
1340.645848	-11.779257
1341.245641	-11.781295
1341.845972	-11.768651
1342.446840	-11.762637
1343.048246	-11.764233
1343.650191	-11.751950
1344.252677	-11.746934
1344.855702	-11.748101
1345.459269	-11.735332
1346.063379	-11.731676
1346.668030	-11.733676
1347.273226	-11.721579
1347.878965	-11.719223
1348.485250	-11.720769
1349.092080	-11.709264
1349.699456	-11.709632
1350.307380	-11.711785
1350.915851	-11.700406
1351.524871	-11.701870
1352.134441	-11.703474
1352.744560	-11.693041
1353.355231	-11.696906
1353.966453	-11.698355
1354.578227	-11.688717
1355.190555	-11.693165
1355.803436	-11.692744
1356.416872	-11.685465
1357.030863	-11.692907
1357.645411	-11.690743
1358.260515	-11.683999
1358.876177	-11.692687
1359.492397	-11.689970
1360.109176	-11.686141
1360.726516	-11.696507
1361.344416	-11.694249
1361.962877	-11.695147
1362.581901	-11.706792
1363.201487	-11.704850
1363.821637	-11.711449
1364.442352	-11.724143
1365.063632	-11.721603
1365.685478	-11.731075
1366.307891	-11.741681
1366.930871	-11.738178
1367.554420	-11.749562
1368.178538	-11.757458
1368.803226	-11.755178
1369.428485	-11.768488
1370.054315	-11.773354
1370.680717	-11.774535
1371.307693	-11.790802
1371.935242	-11.794139
1372.563366	-11.800009
1373.192065	-11.816912
1373.821341	-11.818002
1374.451193	-11.828253
1375.081623	-11.844378
1375.712632	-11.845376
1376.344221	-11.860178
1376.976389	-11.873547
1377.609139	-11.876550
1378.242470	-11.896264
1378.876384	-11.906860
1379.510881	-11.913435
1380.145963	-11.934902
1380.781629	-11.941077
1381.417881	-11.951434
1382.054720	-11.971730
1382.692147	-11.974736
1383.330161	-11.989042
1383.968765	-12.005129
1384.607959	-12.007694
1385.247743	-12.026800
1385.888119	-12.038840
1386.529087	-12.045039
1387.170648	-12.067285
1387.812804	-12.074982
1388.455554	-12.086935
1389.098899	-12.109765
1389.742842	-12.116241
1390.387381	-12.135704
1391.032519	-12.155748
1391.678256	-12.163688
1392.324592	-12.189419
1392.971529	-12.204878
1393.619068	-12.217368
1394.267208	-12.245461
1394.915952	-12.256461
1395.565300	-12.275473
1396.215253	-12.301145
1396.865812	-12.310992
1397.516977	-12.337177
1398.168749	-12.356877
1398.821130	-12.368978
1399.474120	-12.398288
1400.127719	-12.410804
1400.781930	-12.427449
1401.436752	-12.452927
1402.092186	-12.460488
1402.748234	-12.483715
1403.404897	-12.503701
1404.062174	-12.515006
1404.720067	-12.544368
1405.378577	-12.558548
1406.037705	-12.577742
1406.697451	-12.606287
1407.357817	-12.616615
1408.018803	-12.643314
1408.680410	-12.664843
1409.342639	-12.677714
1410.005492	-12.709305
1410.668968	-12.724860
1411.333068	-12.747763
1411.997795	-12.778797
1412.663147	-12.792781
1413.329127	-12.825846
1413.995736	-12.851341
1414.662973	-12.871154
1415.330840	-12.907880
1415.999339	-12.926970
1416.668469	-12.957392
1417.338232	-12.990205
1418.008628	-13.009016
1418.679659	-13.047452
1419.351325	-13.071404
1420.023628	-13.096519
1420.696568	-13.133382
1421.370145	-13.150731
1422.044362	-13.184299
1422.719219	-13.212476
1423.394717	-13.234537
1424.070856	-13.274966
1424.747638	-13.297315
1425.425064	-13.331152
1426.103134	-13.366286
1426.781850	-13.386825
1427.461212	-13.426846
1428.141221	-13.450533
1428.821878	-13.479184
1429.503185	-13.518803
1430.185141	-13.542433
1430.867749	-13.586753
1431.551008	-13.621349
1432.234920	-13.654256
1432.919486	-13.700136
1433.604707	-13.725700
1434.290583	-13.767721
1434.977116	-13.804291
1435.664307	-13.836176
1436.352156	-13.887011
1437.040664	-13.921112
1437.729833	-13.970406
1438.419663	-14.015890
1439.110156	-14.050174
1439.801312	-14.100562
1440.493132	-14.129876
1441.185617	-14.171060
1441.878768	-14.214066
1442.572586	-14.248291
1443.267072	-14.303987
1443.962228	-14.343908
1444.658053	-14.395232
1445.354549	-14.444745
1446.051717	-14.478196
1446.749558	-14.527322
1447.448073	-14.553874
1448.147263	-14.588397
1448.847128	-14.624867
1449.547671	-14.651892
1450.248891	-14.701452
1450.950789	-14.736823
1451.653368	-14.785447
1452.356627	-14.832849
1453.060568	-14.866363
1453.765192	-14.912055
1454.470500	-14.931592
1455.176492	-14.958973
1455.883170	-14.981964
1456.590534	-15.000082
1457.298586	-15.041490
1458.007327	-15.072888
1458.716758	-15.128028
1459.426880	-15.179697
1460.137693	-15.224253
1460.849199	-15.272020
1461.561398	-15.284097
1462.274293	-15.297004
1462.987883	-15.284937
1463.702170	-15.268438
1464.417155	-15.264088
1465.132838	-15.255608
1465.849222	-15.283930
1466.566306	-15.315245
1467.284093	-15.370027
1468.002582	-15.436006
1468.721775	-15.487951
1469.441674	-15.547479
1470.162278	-15.571800
1470.883590	-15.590582
1471.605609	-15.587598
1472.328338	-15.571852
1473.051777	-15.569100
1473.775928	-15.558784
1474.500790	-15.585738
1475.226367	-15.622707
1475.952657	-15.688130
1476.679663	-15.777769
1477.407386	-15.865199
1478.135826	-15.970241
1478.864985	-16.043962
1479.594863	-16.110121
1480.325463	-16.142606
1481.056784	-16.147912
1481.788828	-16.147761
1482.521597	-16.123985
1483.255090	-16.127029
1483.989309	-16.133145
1484.724256	-16.177293
1485.459931	-16.251120
1486.196336	-16.343091
1486.933471	-16.464583
1487.671337	-16.559608
1488.409937	-16.637685
1489.149270	-16.635556
1489.889337	-16.556323
1490.630141	-16.387077
1491.371682	-16.132613
1492.113961	-15.841027
1492.856979	-15.512065
1493.600738	-15.209533
1494.345238	-14.925780
1495.090481	-14.694797
1495.836467	-14.517030
1496.583198	-14.386702
1497.330675	-14.317763
1498.078899	-14.274160
1498.827872	-14.271860
1499.577593	-14.274068
1500.328065	-14.288170
1501.079289	-14.305873
1501.831265	-14.321767
1502.583995	-14.364985
1503.337480	-14.423309
1504.091721	-14.540992
1504.846719	-14.709450
1505.602475	-14.962724
1506.358991	-15.309256
1507.116268	-15.751663
1507.874306	-16.309636
1508.633108	-16.939790
1509.392673	-17.636585
1510.153004	-18.276012
1510.914101	-18.754165
1511.675965	-18.875709
1512.438599	-18.561680
1513.202002	-17.839952
1513.966176	-16.855093
1514.731122	-15.765716
1515.496842	-14.655993
1516.263336	-13.601948
1517.030607	-12.602040
1517.798654	-11.687214
1518.567479	-10.839197
1519.337083	-10.069633
1520.107468	-9.368406
1520.878634	-8.733970
1521.650584	-8.171388
1522.423317	-7.671920
1523.196836	-7.248659
1523.971141	-6.891791
1524.746233	-6.613435
1525.522115	-6.409479
1526.298786	-6.285251
1527.076249	-6.247154
1527.854504	-6.294368
1528.633553	-6.440394
1529.413397	-6.681220
1530.194037	-7.033502
1530.975474	-7.498458
1531.757709	-8.089418
1532.540745	-8.817910
1533.324581	-9.684397
1534.109220	-10.697342
1534.894662	-11.814140
1535.680909	-12.962524
1536.467961	-13.937451
1537.255821	-14.431645
1538.044489	-14.232388
1538.833967	-13.413347
1539.624256	-12.299713
1540.415357	-11.137427
1541.207271	-10.057286
1542.000000	-9.114732
1542.793545	-8.311059
1543.587907	-7.654397
1544.383087	-7.125137
1545.179088	-6.721667
1545.975909	-6.430488
1546.773552	-6.244758
1547.572019	-6.161276
1548.371311	-6.170773
1549.171428	-6.276556
1549.972373	-6.467505
1550.774147	-6.751014
1551.576751	-7.118937
1552.380185	-7.578697
1553.184453	-8.127674
1553.989554	-8.769710
1554.795490	-9.508242
1555.602263	-10.341301
1556.409873	-11.278342
1557.218322	-12.305230
1558.027612	-13.422168
1558.837743	-14.579353
1559.648717	-15.725675
1560.460536	-16.718670
1561.273200	-17.423312
1562.086710	-17.685846
1562.901069	-17.526181
1563.716278	-17.040253
1564.532337	-16.411306
1565.349249	-15.739350
1566.167014	-15.112751
1566.985634	-14.551185
1567.805111	-14.077309
1568.625444	-13.682753
1569.446637	-13.367018
1570.268690	-13.122851
1571.091605	-12.941431
1571.915382	-12.820133
1572.740024	-12.744270
1573.565532	-12.715282
1574.391907	-12.715215
1575.219150	-12.751900
1576.047262	-12.807403
1576.876246	-12.890280
1577.706103	-12.983051
1578.536833	-13.095354
1579.368439	-13.211909
1580.200922	-13.343653
1581.034282	-13.478175
1581.868522	-13.621172
1582.703643	-13.763046
1583.539646	-13.908182
1584.376532	-14.048399
1585.214304	-14.185202
1586.052962	-14.312572
1586.892508	-14.426450
1587.732943	-14.524242
1588.574269	-14.603990
1589.416487	-14.665390
1590.259599	-14.706319
1591.103605	-14.730686
1591.948508	-14.735530
1592.794309	-14.728836
1593.641009	-14.710682
1594.488609	-14.689144
1595.337112	-14.661882
1596.186518	-14.637218
1597.036829	-14.611069
1597.888047	-14.592292
1598.740172	-14.576452
1599.593207	-14.569392
1600.447153	-14.562691
1601.302010	-14.563642
1602.157782	-14.563154
1603.014469	-14.568344
1603.872072	-14.569528
1604.730593	-14.570863
1605.590034	-14.562266
1606.450397	-14.551734
1607.311681	-14.528563
1608.173890	-14.500102
1609.037024	-14.456353
1609.901085	-14.404064
1610.766075	-14.337237
1611.631995	-14.265412
1612.498846	-14.181224
1613.366630	-14.095101
1614.235349	-14.001788
1615.105004	-13.912143
1615.975596	-13.824426
1616.847128	-13.747014
1617.719600	-13.676008
1618.593014	-13.620093
1619.467372	-13.575779
1620.342675	-13.549654
1621.218924	-13.537739
1622.096122	-13.540692
1622.974270	-13.554555
1623.853369	-13.580467
1624.733420	-13.612529
1625.614427	-13.648978
1626.496389	-13.683417
1627.379308	-13.712603
1628.263187	-13.735654
1629.148026	-13.748683
1630.033828	-13.751790
1630.920593	-13.743271
1631.808324	-13.727458
1632.697022	-13.705514
1633.586688	-13.684773
1634.477324	-13.663236
1635.368932	-13.650664
1636.261514	-13.643505
1637.155070	-13.651971
1638.049602	-13.669040
1638.945113	-13.700868
1639.841603	-13.739006
1640.739075	-13.789958
1641.637529	-13.842762
1642.536968	-13.903487
1643.437393	-13.959089
1644.338806	-14.018087
1645.241209	-14.071158
1646.144602	-14.125018
1647.048988	-14.172861
1647.954368	-14.220542
1648.860744	-14.266214
1649.768118	-14.314262
1650.676491	-14.361856
1651.585865	-14.411083
1652.496241	-14.462074
1653.407621	-14.513673
1654.320008	-14.569371
1655.233401	-14.621869
1656.147804	-14.678928
1657.063218	-14.731728
1657.979645	-14.790683
1658.897085	-14.844487
1659.815542	-14.900799
1660.735016	-14.953221
1661.655509	-15.007625
1662.577023	-15.058575
1663.499560	-15.108579
1664.423121	-15.154844
1665.347709	-15.200408
1666.273324	-15.244910
1667.199969	-15.285681
1668.127645	-15.327034
1669.056353	-15.363331
1669.986097	-15.403469
1670.916877	-15.436430
1671.848695	-15.471348
1672.781553	-15.498094
1673.715452	-15.525477
1674.650395	-15.547670
1675.586383	-15.564992
1676.523418	-15.580446
1677.461501	-15.591191
1678.400635	-15.603723
1679.340821	-15.609739
1680.282061	-15.616855
1681.224357	-15.618354
1682.167710	-15.620661
1683.112122	-15.617506
1684.057595	-15.610999
1685.004132	-15.601962
1685.951732	-15.589810
1686.900400	-15.577376
1687.850135	-15.560098
1688.800940	-15.543076
1689.752818	-15.523098
1690.705768	-15.503527
1691.659795	-15.479264
1692.614898	-15.455165
1693.571081	-15.429457
1694.528345	-15.402161
1695.486691	-15.374267
1696.446122	-15.342203
1697.406640	-15.312193
1698.368245	-15.278150
1699.330941	-15.244853
1700.294729	-15.209326
1701.259611	-15.174924
1702.225588	-15.141416
1703.192664	-15.105525
1704.160838	-15.071707
1705.130114	-15.035450
1706.100493	-15.002397
1707.071977	-14.964903
1708.044568	-14.930236
1709.018268	-14.893696
1709.993079	-14.857918
1710.969003	-14.822304
1711.946041	-14.783498
1712.924196	-14.749477
1713.903469	-14.710238
1714.883862	-14.674840
1715.865378	-14.634968
1716.848017	-14.598069
1717.831783	-14.559948
1718.816677	-14.520263
1719.802701	-14.482763
1720.789857	-14.443586
1721.778147	-14.406732
1722.767573	-14.368842
1723.758136	-14.330972
1724.749840	-14.296269
1725.742685	-14.258439
1726.736673	-14.224428
1727.731808	-14.187923
1728.728090	-14.154821
1729.725521	-14.120531
1730.724105	-14.086116
1731.723842	-14.054266
1732.724735	-14.020197
1733.726785	-13.989653
1734.729995	-13.957560
1735.734366	-13.928322
1736.739902	-13.899193
1737.746603	-13.868274
1738.754472	-13.840449
1739.763510	-13.810346
1740.773721	-13.783756
1741.785105	-13.755870
1742.797665	-13.729651
1743.811403	-13.703480
1744.826321	-13.675818
1745.842422	-13.650252
1746.859706	-13.625015
1747.878177	-13.601375
1748.897835	-13.577998
1749.918685	-13.554081
1750.940726	-13.532266
1751.963963	-13.508666
1752.988395	-13.487593
1754.014027	-13.465961
1755.040860	-13.445418
1756.068895	-13.424374
1757.098135	-13.403786
1758.128583	-13.384552
1759.160240	-13.366730
1760.193109	-13.348360
1761.227191	-13.332065
1762.262488	-13.313419
1763.299004	-13.296511
1764.336740	-13.279358
1765.375697	-13.262993
1766.415880	-13.248277
1767.457288	-13.231922
1768.499926	-13.218693
1769.543794	-13.203875
1770.588895	-13.189863
1771.635231	-13.176842
1772.682805	-13.162757
1773.731619	-13.149902
1774.781674	-13.136766
1775.832973	-13.126127
1776.885519	-13.115386
1777.939312	-13.105094
1778.994357	-13.096004
1780.050654	-13.088250
1781.108207	-13.078631
1782.167017	-13.070671
1783.227087	-13.063334
1784.288418	-13.055583
1785.351013	-13.049515
1786.414875	-13.043183
1787.480006	-13.039729
1788.546407	-13.034327
1789.614082	-13.029823
1790.683032	-13.027404
1791.753259	-13.022915
1792.824767	-13.020288
1793.897557	-13.017030
1794.971632	-13.015223
1796.046994	-13.013925
1797.123645	-13.011918
1798.201588	-13.010971
1799.280824	-13.010477
1800.361357	-13.009608
1801.443188	-13.009652
1802.526320	-13.008729
1803.610756	-13.009712
1804.696497	-13.008418
1805.783546	-13.010036
1806.871906	-13.011790
1807.961578	-13.012898
1809.052565	-13.013607
1810.144870	-13.014289
1811.238494	-13.015631
1812.333441	-13.014929
1813.429713	-13.016700
1814.527311	-13.018319
1815.626239	-13.018673
1816.726499	-13.019972
1817.828094	-13.021803
1818.931025	-13.022543
1820.035295	-13.024670
1821.140906	-13.025806
1822.247862	-13.027053
1823.356165	-13.028983
1824.465816	-13.030882
1825.576819	-13.034453
1826.689175	-13.036939
1827.802888	-13.040843
1828.917960	-13.045161
1830.034394	-13.049146
1831.152191	-13.054093
1832.271354	-13.058750
1833.391887	-13.063284
1834.513790	-13.069544
1835.637068	-13.076947
1836.761722	-13.083373
1837.887755	-13.089932
1839.015169	-13.095061
1840.143968	-13.098754
1841.274153	-13.106466
1842.405727	-13.113213
1843.538693	-13.120047
1844.673053	-13.128432
1845.808810	-13.133825
1846.945966	-13.140443
1848.084525	-13.148792
1849.224488	-13.154516
1850.365858	-13.160797
1851.508638	-13.167487
1852.652831	-13.173307
1853.798438	-13.179954
1854.945463	-13.187527
1856.093909	-13.193329
1857.243777	-13.199178
1858.395071	-13.206216
1859.547794	-13.212317
1860.701947	-13.218400
1861.857533	-13.226655
1863.014556	-13.233951
1864.173018	-13.241271
1865.332922	-13.249151
1866.494270	-13.256310
1867.657065	-13.262633
1868.821309	-13.270620
1869.987006	-13.280167
1871.154158	-13.288679
1872.322768	-13.296992
1873.492839	-13.307852
1874.664373	-13.316377
1875.837373	-13.323689
1877.011841	-13.334660
1878.187782	-13.344642
1879.365197	-13.353751
1880.544089	-13.365650
1881.724460	-13.376700
1882.906315	-13.385384
1884.089655	-13.395459
1885.274483	-13.405773
1886.460803	-13.414791
1887.648616	-13.424000
1888.837927	-13.434672
1890.028736	-13.445098
1891.221049	-13.453062
1892.414866	-13.459927
1893.610192	-13.468437
1894.807028	-13.477653
1896.005379	-13.484158
1897.205246	-13.491134
1898.406633	-13.501338
1899.609542	-13.509305
1900.813977	-13.513576
1902.019940	-13.521042
1903.227434	-13.529631
1904.436462	-13.533558
1905.647028	-13.538611
1906.859133	-13.546615
1908.072781	-13.553780
1909.287976	-13.559709
1910.504719	-13.565532
1911.723013	-13.571299
1912.942863	-13.577491
1914.164270	-13.585518
1915.387238	-13.592218
1916.611770	-13.597214
1917.837868	-13.604148
1919.065536	-13.610741
1920.294777	-13.615206
1921.525594	-13.621353
1922.757989	-13.629988
1923.991967	-13.637464
1925.227529	-13.642558
1926.464679	-13.648020
1927.703420	-13.655395
1928.943755	-13.662957
1930.185688	-13.670251
1931.429221	-13.676747
1932.674356	-13.682149
1933.921099	-13.688576
1935.169451	-13.695770
1936.419415	-13.700727
1937.670996	-13.702063
1938.924195	-13.703474
1940.179017	-13.707699
1941.435463	-13.711634
1942.693538	-13.712195
1943.953245	-13.710405
1945.214586	-13.708701
1946.477566	-13.708980
1947.742186	-13.709967
1949.008451	-13.709087
1950.276363	-13.705465
1951.545926	-13.700507
1952.817143	-13.696837
1954.090017	-13.694940
1955.364551	-13.693248
1956.640749	-13.689479
1957.918615	-13.682354
1959.198150	-13.674046
1960.479359	-13.667917
1961.762244	-13.664090
1963.046810	-13.660011
1964.333059	-13.654346
1965.620995	-13.647512
1966.910621	-13.640094
1968.201940	-13.633937
1969.494956	-13.628608
1970.789672	-13.623855
1972.086091	-13.618842
1973.384217	-13.612608
1974.684053	-13.604742
1975.985602	-13.595785
1977.288869	-13.588113
1978.593855	-13.581424
1979.900566	-13.574945
1981.209003	-13.566914
1982.519171	-13.556161
1983.831073	-13.543223
1985.144712	-13.529497
1986.460093	-13.516411
1987.777217	-13.503774
1989.096089	-13.491188
1990.416713	-13.477222
1991.739092	-13.462319
1993.063228	-13.446354
1994.389127	-13.429662
1995.716791	-13.413088
1997.046223	-13.396953
1998.377428	-13.380251
1999.710409	-13.363242
2001.045169	-13.347254
2002.381713	-13.332721
2003.720043	-13.318800
2005.060163	-13.304620
2006.402077	-13.290565
2007.745788	-13.276957
2009.091301	-13.263845
2010.438618	-13.251633
2011.787743	-13.239527
2013.138680	-13.226743
2014.491433	-13.213087
2015.846005	-13.199438
2017.202399	-13.186692
2018.560621	-13.175436
2019.920673	-13.165071
2021.282558	-13.155622
2022.646281	-13.145627
2024.011846	-13.135317
2025.379256	-13.125193
2026.748515	-13.114468
2028.119626	-13.102333
2029.492594	-13.088136
2030.867422	-13.072461
2032.244114	-13.055502
2033.622673	-13.037428
2035.003104	-13.016466
2036.385411	-12.993566
2037.769597	-12.969958
2039.155665	-12.945825
2040.543621	-12.921383
2041.933467	-12.897439
2043.325208	-12.874229
2044.718847	-12.851225
2046.114389	-12.829570
2047.511837	-12.808376
2048.911195	-12.788210
2050.312467	-12.770092
2051.715657	-12.753504
2053.120769	-12.738016
2054.527807	-12.724330
2055.936775	-12.713152
2057.347677	-12.703581
2058.760516	-12.694464
2060.175297	-12.686409
2061.592025	-12.679389
2063.010701	-12.674127
2064.431332	-12.669955
2065.853921	-12.665666
2067.278472	-12.661580
2068.704988	-12.657405
2070.133475	-12.653614
2071.563936	-12.650974
2072.996375	-12.646861
2074.430796	-12.642534
2075.867204	-12.637372
2077.305603	-12.631751
2078.745996	-12.623890
2080.188389	-12.613306
2081.632784	-12.602691
2083.079187	-12.591216
2084.527601	-12.578348
2085.978030	-12.565287
2087.430480	-12.554008
2088.884954	-12.543591
2090.341455	-12.532266
2091.799990	-12.522027
2093.260561	-12.515204
2094.723173	-12.510986
2096.187831	-12.507657
2097.654538	-12.505632
2099.123300	-12.505155
2100.594119	-12.504956
2102.067001	-12.503956
2103.541950	-12.503352
2105.018971	-12.503330
2106.498067	-12.504928
2107.979243	-12.506223
2109.462503	-12.507814
2110.947853	-12.510439
2112.435295	-12.514920
2113.924836	-12.518982
2115.416478	-12.522243
2116.910227	-12.524908
2118.406087	-12.530546
2119.904063	-12.537784
2121.404158	-12.542400
2122.906378	-12.543041
2124.410727	-12.542198
2125.917210	-12.544511
2127.425831	-12.549598
2128.936594	-12.553187
2130.449505	-12.553336
2131.964567	-12.550828
2133.481786	-12.548632
2135.001166	-12.547540
2136.522711	-12.548500
2138.046427	-12.552406
2139.572317	-12.559806
2141.100388	-12.571536
2142.630642	-12.585843
2144.163085	-12.595758
2145.697722	-12.597039
2147.234558	-12.589995
2148.773596	-12.583530
2150.314842	-12.589095
2151.858301	-12.614201
2153.403977	-12.654685
2154.951875	-12.692757
2156.502000	-12.710384
2158.054357	-12.702179
2159.608950	-12.678171
2161.165785	-12.659065
2162.724866	-12.664311
2164.286198	-12.701402
2165.849786	-12.762199
2167.415635	-12.826249
2168.983749	-12.869532
2170.554134	-12.878814
2172.126795	-12.859365
2173.701737	-12.826652
2175.278964	-12.796596
2176.858481	-12.780923
2178.440294	-12.787602
2180.024408	-12.819469
2181.610827	-12.869303
2183.199557	-12.924096
2184.790602	-12.972649
2186.383968	-13.009800
2187.979660	-13.036190
2189.577683	-13.052880
2191.178041	-13.060891
2192.780741	-13.063805
2194.385787	-13.069752
2195.993185	-13.081055
2197.602939	-13.094645
2199.215054	-13.109598
2200.829537	-13.130719
2202.446392	-13.157349
2204.065624	-13.186246
2205.687239	-13.217856
2207.311242	-13.255042
2208.937638	-13.297631
2210.566433	-13.341038
2212.197631	-13.386422
2213.831239	-13.436193
2215.467261	-13.487345
2217.105703	-13.536304
2218.746570	-13.583639
2220.389867	-13.632085
2222.035601	-13.679765
2223.683776	-13.723670
2225.334398	-13.766658
2226.987472	-13.810193
2228.643004	-13.849810
2230.300999	-13.889311
2231.961463	-13.931803
2233.624402	-13.972497
2235.289820	-14.011094
2236.957723	-14.049272
2238.628118	-14.082847
2240.301009	-14.111339
2241.976402	-14.140215
2243.654303	-14.166584
2245.334717	-14.190783
2247.017650	-14.216759
2248.703108	-14.241325
2250.391096	-14.264813
2252.081620	-14.291593
2253.774686	-14.322802
2255.470300	-14.361395
2257.168467	-14.414282
2258.869193	-14.478762
2260.572484	-14.556420
2262.278345	-14.646911
2263.986783	-14.739054
2265.697804	-14.826642
2267.411412	-14.903365
2269.127615	-14.957091
2270.846417	-14.986901
2272.567826	-14.998970
2274.291846	-15.003093
2276.018484	-15.018613
2277.747745	-15.058248
2279.479637	-15.128783
2281.214164	-15.225048
2282.951333	-15.330761
2284.691149	-15.427739
2286.433619	-15.492645
2288.178750	-15.529158
2289.926546	-15.549589
2291.677014	-15.575068
2293.430161	-15.634786
2295.185992	-15.727891
2296.944513	-15.849307
2298.705732	-15.971354
2300.469653	-16.065050
2302.236283	-16.125607
2304.005629	-16.162954
2305.777696	-16.201706
2307.552492	-16.261259
2309.330022	-16.348400
2311.110292	-16.445413
2312.893310	-16.536190
2314.679080	-16.599631
2316.467611	-16.644473
2318.258907	-16.683590
2320.052976	-16.732488
2321.849824	-16.805934
2323.649457	-16.888307
2325.451883	-16.971133
2327.257106	-17.035398
2329.065135	-17.094577
2330.875975	-17.160551
2332.689633	-17.248902
2334.506116	-17.350676
2336.325430	-17.448307
2338.147581	-17.538599
2339.972578	-17.628413
2341.800425	-17.725907
2343.631130	-17.833727
2345.464700	-17.939001
2347.301141	-18.039328
2349.140461	-18.132298
2350.982665	-18.233398
2352.827760	-18.335877
2354.675754	-18.435837
2356.526653	-18.524956
2358.380464	-18.612006
2360.237195	-18.698005
2362.096851	-18.783985
2363.959440	-18.865383
2365.824968	-18.939817
2367.693444	-19.014903
2369.564873	-19.094950
2371.439263	-19.178276
2373.316620	-19.257151
2375.196953	-19.341281
2377.080267	-19.435437
2378.966570	-19.530301
2380.855869	-19.625176
2382.748171	-19.731520
2384.643484	-19.849582
2386.541815	-19.960372
2388.443170	-20.081031
2390.347557	-20.210117
2392.254984	-20.336496
2394.165457	-20.457581
2396.078984	-20.582405
2397.995572	-20.704945
2399.915229	-20.813970
2401.837961	-20.925397
2403.763777	-21.047454
2405.692684	-21.161937
2407.624689	-21.274105
2409.559800	-21.387775
2411.498023	-21.492017
2413.439368	-21.582149
2415.383840	-21.671712
2417.331449	-21.761890
2419.282201	-21.850447
2421.236104	-21.939769
2423.193165	-22.035998
2425.153393	-22.130569
2427.116795	-22.222500
2429.083378	-22.329110
2431.053151	-22.451525
2433.026121	-22.567175
2435.002297	-22.697714
2436.981685	-22.842899
2438.964293	-22.986146
2440.950131	-23.125399
2442.939204	-23.278646
2444.931522	-23.433900
2446.927092	-23.574138
2448.925923	-23.715287
2450.928022	-23.860116
2452.933397	-23.995122
2454.942056	-24.131085
2456.954008	-24.273702
2458.969260	-24.404550
2460.987821	-24.523482
2463.009699	-24.642586
2465.034902	-24.757949
2467.063437	-24.857721
2469.095315	-24.953902
2471.130542	-25.044586
2473.169127	-25.133180
2475.211078	-25.221061
2477.256404	-25.320400
2479.305112	-25.426388
2481.357212	-25.543210
2483.412713	-25.669588
2485.471621	-25.815419
2487.533946	-25.965761
2489.599696	-26.120291
2491.668880	-26.288338
2493.741507	-26.463140
2495.817585	-26.638794
2497.897122	-26.814007
2499.980127	-26.988530
2502.066609	-27.157097
2504.156578	-27.325696
2506.250040	-27.495850
2508.347006	-27.657371
2510.447483	-27.815673
2512.551482	-27.967034
2514.659010	-28.114929
2516.770076	-28.249451
2518.884690	-28.373638
2521.002861	-28.473785
2523.124597	-28.567072
2525.249907	-28.650398
2527.378801	-28.720182
2529.511287	-28.792688
2531.647375	-28.887520
2533.787074	-28.997908
2535.930393	-29.116762
2538.077340	-29.263724
2540.227927	-29.415136
2542.382160	-29.577512
2544.540051	-29.753042
2546.701608	-29.955228
2548.866840	-30.151545
2551.035757	-30.354410
2553.208369	-30.566320
2555.384684	-30.778321
2557.564713	-30.977707
2559.748465	-31.188315
2561.935948	-31.389692
2564.127174	-31.598762
2566.322152	-31.808334
2568.520890	-32.009189
2570.723399	-32.187162
2572.929689	-32.352802
2575.139769	-32.473583
2577.353649	-32.561019
2579.571340	-32.636600
2581.792849	-32.697019
2584.018189	-32.726540
2586.247368	-32.784122
2588.480396	-32.865364
2590.717284	-32.950825
2592.958041	-33.058247
2595.202678	-33.189328
2597.451204	-33.334400
2599.703630	-33.503206
2601.959966	-33.688160
2604.220222	-33.877127
2606.484408	-34.090623
2608.752535	-34.313453
2611.024612	-34.543120
2613.300651	-34.779688
2615.580661	-35.031529
2617.864653	-35.278570
2620.152638	-35.577785
2622.444625	-35.884382
2624.740626	-36.205137
2627.040651	-36.513754
2629.344710	-36.782735
2631.652814	-36.992602
2633.964974	-37.157326
2636.281200	-37.245407
2638.601504	-37.305315
2640.925896	-37.337008
2643.254386	-37.347873
2645.586987	-37.386806
2647.923707	-37.429570
2650.264559	-37.458768
2652.609554	-37.531287
2654.958702	-37.631376
2657.312015	-37.706424
2659.669503	-37.831474
2662.031178	-37.952706
2664.397051	-38.085561
2666.767132	-38.259915
2669.141434	-38.434594
2671.519968	-38.626776
2673.902745	-38.875878
2676.289776	-39.106782
2678.681072	-39.425409
2681.076646	-39.876398
2683.476508	-40.313106
2685.880671	-40.797294
2688.289145	-41.258681
2690.701942	-41.678863
2693.119075	-42.059818
2695.540554	-42.347323
2697.966391	-42.551408
2700.396599	-42.777188
2702.831189	-42.863519
2705.270172	-42.913375
2707.713561	-43.045859
2710.161368	-43.063866
2712.613605	-43.095593
2715.070283	-43.099743
2717.531416	-43.052853
2719.997014	-43.071275
2722.467090	-43.029252
2724.941657	-42.995425
2727.420726	-43.038515
2729.904310	-42.984044
2732.392421	-42.925596
2734.885072	-42.958690
2737.382275	-43.007160
2739.884042	-43.179787
2742.390387	-43.472819
2744.901321	-43.831881
2747.416857	-44.338010
2749.937008	-44.805768
2752.461787	-45.256991
2754.991206	-45.774722
2757.525279	-46.247948
2760.064017	-46.699666
2762.607434	-47.187213
2765.155544	-47.655335
2767.708358	-48.050890
2770.265890	-48.502238
2772.828153	-48.928039
2775.395160	-49.352958
2777.966924	-49.672683
2780.543459	-49.906040
2783.124778	-50.279354
2785.710894	-50.383260
2788.301821	-50.304033
2790.897572	-50.080161
2793.498160	-49.639915
2796.103599	-49.222786
2798.713903	-48.783437
2801.329085	-48.577579
2803.949159	-48.560411
2806.574139	-48.578174
2809.204038	-48.772230
2811.838871	-48.995188
2814.478650	-49.148447
2817.123391	-49.392120
2819.773107	-49.700762
2822.427812	-49.956454
2825.087521	-50.187850
2827.752247	-50.517163
2830.422005	-50.822856
2833.096808	-51.051238
2835.776672	-51.490717
2838.461611	-51.933657
2841.151638	-52.354666
2843.846769	-52.919758
2846.547019	-53.816124
2849.252401	-54.883088
2851.962930	-56.036227
2854.678621	-57.789085
2857.399489	-58.775100
2860.125549	-58.985531
2862.856815	-58.526554
2865.593302	-57.866135
2868.335026	-57.253478
2871.082002	-56.972945
2873.834244	-56.692755
2876.591767	-56.364675
2879.354588	-56.268964
2882.122721	-56.374214
2884.896181	-56.421581
2887.674984	-56.460088
2890.459146	-56.552152
2893.248681	-56.398581
2896.043606	-56.300746
2898.843937	-56.295330
2901.649687	-56.055218
2904.460875	-55.748334
2907.277515	-55.640264
2910.099623	-55.531441
2912.927215	-55.373131
2915.760308	-55.846010
2918.598916	-56.551286
2921.443057	-57.661418
2924.292747	-58.965261
2927.148002	-60.308712
2930.008837	-60.998757
2932.875270	-62.188869
2935.747318	-63.607283
2938.624995	-64.211499
2941.508320	-64.960167
2944.397308	-65.328588
2947.291977	-64.646672
2950.192343	-64.861779
2953.098423	-65.037908
2956.010234	-65.125733
2958.927792	-65.309252
2961.851116	-66.544486
2964.780221	-67.455942
2967.715126	-68.913909
2970.655847	-69.549492
2973.602402	-67.833932
2976.554808	-65.827959
2979.513083	-63.834115
2982.477243	-62.413338
2985.447308	-61.965492
2988.423293	-61.752230
2991.405218	-61.810092
2994.393099	-62.212857
2997.386955	-62.284451
