# 2022-03-21_17.00.34
# shape = sech2
# FWHM_ps = 0.1
# carrier_nm = 1542
# frep_MHz = 12126
# pow_mW = 8000
# GDD = 0.0
# propa_len = 0.12111111111111113
# untap_len = 0.01
# taper_len = 0.061111111111111116
# waist_len = 0.02
# uptap_len = 0.02
# untap_scale = 1.0
# waist_scale = 0.2388888888888889
# workingDir = NL_20110305_12 (Spirou)
# axis = slow
# window_ps = 10.0
# steps = 200
# points = 21700
# 
# wavelength [nm]	 power spectral density [dB]
600.043425	-81.574387
600.163550	-81.358892
600.283723	-81.115847
600.403943	-80.887591
600.524212	-80.712950
600.644529	-80.625924
600.764895	-80.641506
600.885308	-80.751191
601.005770	-80.933501
601.126280	-81.159969
601.246839	-81.396656
601.367446	-81.604414
601.488101	-81.754930
601.608804	-81.820920
601.729557	-81.798678
601.850357	-81.721219
601.971206	-81.633496
602.092104	-81.575962
602.213050	-81.579144
602.334045	-81.669687
602.455089	-81.866610
602.576181	-82.181815
602.697322	-82.608546
602.818511	-83.109512
602.939749	-83.636994
603.061036	-84.128282
603.182372	-84.506179
603.303757	-84.712415
603.425191	-84.734635
603.546673	-84.626027
603.668204	-84.479161
603.789785	-84.381208
603.911414	-84.391444
604.033092	-84.541692
604.154820	-84.846058
604.276596	-85.316784
604.398422	-85.956255
604.520297	-86.733715
604.642220	-87.592151
604.764193	-88.437910
604.886216	-89.097442
605.008287	-89.407234
605.130408	-89.350858
605.252578	-89.092080
605.374798	-88.823446
605.497066	-88.689658
605.619385	-88.771744
605.741752	-89.118342
605.864169	-89.776568
605.986636	-90.741262
606.109152	-91.915491
606.231718	-92.967451
606.354333	-93.288470
606.476998	-92.548614
606.599712	-91.175367
606.722476	-89.700193
606.845290	-88.400881
606.968154	-87.362197
607.091067	-86.575034
607.214030	-86.021922
607.337043	-85.681850
607.460106	-85.504965
607.583219	-85.424548
607.706381	-85.354291
607.829594	-85.206939
607.952856	-84.923896
608.076169	-84.486887
608.199531	-83.911391
608.322944	-83.250394
608.446407	-82.574033
608.569920	-81.945112
608.693483	-81.412615
608.817096	-80.981756
608.940759	-80.636785
609.064473	-80.370979
609.188237	-80.168118
609.312051	-80.006065
609.435916	-79.866200
609.559831	-79.714150
609.683796	-79.523343
609.807812	-79.273999
609.931878	-78.959418
610.055995	-78.596190
610.180162	-78.214539
610.304380	-77.840752
610.428648	-77.494899
610.552967	-77.188921
610.677337	-76.929322
610.801757	-76.727642
610.926228	-76.583779
611.050750	-76.483818
611.175323	-76.411104
611.299946	-76.349063
611.424620	-76.283825
611.549345	-76.203196
611.674121	-76.101903
611.798948	-75.973108
611.923826	-75.819723
612.048755	-75.653210
612.173734	-75.482215
612.298765	-75.319178
612.423847	-75.174776
612.548980	-75.060657
612.674165	-74.983876
612.799400	-74.943779
612.924687	-74.936712
613.050025	-74.950992
613.175414	-74.969613
613.300854	-74.980256
613.426346	-74.972043
613.551889	-74.939653
613.677484	-74.885771
613.803130	-74.811386
613.928827	-74.725370
614.054576	-74.641698
614.180377	-74.571435
614.306229	-74.523821
614.432132	-74.506375
614.558087	-74.523148
614.684094	-74.576664
614.810153	-74.665892
614.936263	-74.785251
615.062425	-74.930708
615.188639	-75.089740
615.314904	-75.248278
615.441222	-75.392576
615.567591	-75.516089
615.694012	-75.621500
615.820486	-75.709174
615.947011	-75.783896
616.073588	-75.856389
616.200217	-75.943443
616.326898	-76.062857
616.453632	-76.218947
616.580417	-76.411837
616.707255	-76.642137
616.834144	-76.913100
616.961086	-77.228942
617.088081	-77.576739
617.215127	-77.940042
617.342226	-78.315853
617.469378	-78.689414
617.596581	-79.044250
617.723837	-79.369505
617.851146	-79.671282
617.978507	-79.966995
618.105920	-80.276329
618.233386	-80.620282
618.360905	-81.025402
618.488476	-81.512257
618.616100	-82.097044
618.743777	-82.786144
618.871506	-83.586342
618.999288	-84.494489
619.127123	-85.503533
619.255011	-86.574112
619.382951	-87.640814
619.510945	-88.538412
619.638991	-89.095115
619.767090	-89.238018
619.895243	-88.962395
620.023448	-88.417058
620.151706	-87.763747
620.280017	-87.108018
620.408382	-86.479044
620.536799	-85.833616
620.665270	-85.143935
620.793794	-84.397397
620.922371	-83.615249
621.051002	-82.811663
621.179686	-81.996935
621.308423	-81.193011
621.437213	-80.416496
621.566057	-79.684969
621.694954	-79.002252
621.823905	-78.371354
621.952909	-77.798525
622.081967	-77.288096
622.211079	-76.841968
622.340244	-76.454324
622.469462	-76.115909
622.598735	-75.815234
622.728061	-75.540455
622.857441	-75.276949
622.986874	-75.014518
623.116361	-74.750683
623.245903	-74.477984
623.375498	-74.193981
623.505147	-73.904203
623.634850	-73.613234
623.764606	-73.328090
623.894417	-73.053059
624.024282	-72.789890
624.154201	-72.545803
624.284174	-72.331009
624.414202	-72.147980
624.544283	-71.997721
624.674419	-71.877924
624.804609	-71.784969
624.934853	-71.714370
625.065151	-71.652036
625.195504	-71.589893
625.325911	-71.523097
625.456373	-71.446682
625.586889	-71.358729
625.717460	-71.256876
625.848085	-71.146277
625.978764	-71.036934
626.109498	-70.933363
626.240287	-70.839123
626.371131	-70.756887
626.502029	-70.695812
626.632982	-70.665072
626.763989	-70.670881
626.895052	-70.709390
627.026169	-70.773714
627.157341	-70.863835
627.288568	-70.975338
627.419850	-71.095842
627.551187	-71.212825
627.682579	-71.318177
627.814026	-71.413922
627.945528	-71.498518
628.077085	-71.571113
628.208697	-71.635034
628.340364	-71.699862
628.472087	-71.778154
628.603865	-71.875252
628.735698	-71.995881
628.867586	-72.148004
628.999530	-72.339973
629.131529	-72.577023
629.263584	-72.860305
629.395694	-73.185232
629.527859	-73.547542
629.660080	-73.938428
629.792357	-74.350047
629.924689	-74.764689
630.057077	-75.175088
630.189520	-75.583184
630.322019	-75.994531
630.454574	-76.408322
630.587184	-76.826566
630.719851	-77.270187
630.852573	-77.757216
630.985351	-78.297550
631.118185	-78.914854
631.251075	-79.629983
631.384021	-80.482298
631.517023	-81.513508
631.650081	-82.771205
631.783195	-84.312759
631.916365	-86.248965
632.049592	-88.740940
632.182874	-92.034515
632.316213	-96.252524
632.449608	-98.060149
632.583059	-94.532526
632.716567	-91.016311
632.850131	-88.406424
632.983751	-86.422101
633.117428	-84.853887
633.251161	-83.544278
633.384951	-82.404469
633.518797	-81.385767
633.652700	-80.450276
633.786660	-79.564888
633.920676	-78.718467
634.054749	-77.914938
634.188879	-77.148968
634.323065	-76.421220
634.457308	-75.743819
634.591608	-75.123073
634.725965	-74.555220
634.860379	-74.034722
634.994850	-73.562560
635.129377	-73.136627
635.263962	-72.750293
635.398604	-72.401653
635.533303	-72.084760
635.668058	-71.794325
635.802872	-71.529759
635.937742	-71.285471
636.072669	-71.053159
636.207654	-70.830114
636.342696	-70.616679
636.477796	-70.410253
636.612953	-70.212503
636.748167	-70.023557
636.883439	-69.843910
637.018768	-69.671716
637.154155	-69.508330
637.289599	-69.354884
637.425101	-69.209068
637.560660	-69.074141
637.696277	-68.953618
637.831952	-68.849712
637.967685	-68.766138
638.103475	-68.707472
638.239324	-68.677322
638.375230	-68.674713
638.511194	-68.698424
638.647215	-68.746559
638.783295	-68.814856
638.919433	-68.895037
639.055629	-68.981209
639.191883	-69.070756
639.328195	-69.158639
639.464565	-69.240387
639.600994	-69.317610
639.737481	-69.393173
639.874025	-69.469029
640.010629	-69.556385
640.147290	-69.662195
640.284010	-69.792657
640.420789	-69.955563
640.557625	-70.157283
640.694521	-70.398214
640.831474	-70.675014
640.968487	-70.985843
641.105558	-71.326117
641.242687	-71.691160
641.379876	-72.075694
641.517123	-72.479414
641.654429	-72.901697
641.791793	-73.346799
641.929216	-73.825814
642.066699	-74.342420
642.204240	-74.907154
642.341840	-75.525315
642.479499	-76.206024
642.617217	-76.953919
642.754994	-77.785602
642.892830	-78.699574
643.030726	-79.700974
643.168680	-80.803299
643.306694	-82.020884
643.444767	-83.351299
643.582899	-84.767845
643.721091	-86.175907
643.859342	-87.251356
643.997652	-87.478959
644.136022	-86.619564
644.274451	-85.080965
644.412940	-83.389192
644.551488	-81.806570
644.690096	-80.413163
644.828763	-79.212004
644.967490	-78.180182
645.106277	-77.285621
645.245124	-76.506297
645.384030	-75.815523
645.522997	-75.196002
645.662023	-74.628127
645.801109	-74.093427
645.940255	-73.582119
646.079460	-73.089316
646.218726	-72.615522
646.358052	-72.156811
646.497438	-71.723104
646.636884	-71.318399
646.776391	-70.945824
646.915957	-70.604130
647.055584	-70.295780
647.195271	-70.015818
647.335019	-69.761039
647.474826	-69.522858
647.614695	-69.300057
647.754623	-69.091027
647.894612	-68.899031
648.034662	-68.726474
648.174772	-68.576246
648.314943	-68.451525
648.455174	-68.354337
648.595466	-68.286128
648.735819	-68.246489
648.876233	-68.230860
649.016707	-68.235971
649.157242	-68.257973
649.297838	-68.290912
649.438495	-68.328925
649.579213	-68.370684
649.719992	-68.411641
649.860832	-68.451764
650.001733	-68.494638
650.142695	-68.542674
650.283718	-68.602892
650.424803	-68.683821
650.565949	-68.786928
650.707156	-68.917138
650.848424	-69.074193
650.989754	-69.255367
651.131145	-69.459427
651.272597	-69.681622
651.414111	-69.918217
651.555687	-70.173495
651.697324	-70.447062
651.839022	-70.740601
651.980782	-71.061449
652.122604	-71.417330
652.264488	-71.804755
652.406433	-72.226384
652.548441	-72.685203
652.690510	-73.174524
652.832640	-73.683925
652.974833	-74.211159
653.117088	-74.746674
653.259405	-75.281896
653.401784	-75.802106
653.544224	-76.292740
653.686727	-76.740938
653.829293	-77.137693
653.971920	-77.451844
654.114609	-77.672753
654.257361	-77.786128
654.400175	-77.773313
654.543052	-77.636317
654.685991	-77.391650
654.828992	-77.052260
654.972056	-76.645552
655.115183	-76.187539
655.258372	-75.695033
655.401623	-75.186272
655.544937	-74.672882
655.688314	-74.168773
655.831754	-73.685872
655.975256	-73.234336
656.118822	-72.815051
656.262450	-72.432469
656.406141	-72.085593
656.549894	-71.769335
656.693711	-71.483378
656.837591	-71.224851
656.981534	-70.986239
657.125540	-70.766236
657.269610	-70.564475
657.413742	-70.378695
657.557938	-70.208814
657.702196	-70.053823
657.846519	-69.913960
657.990904	-69.789146
658.135353	-69.680866
658.279866	-69.585510
658.424441	-69.505402
658.569081	-69.441148
658.713784	-69.391617
658.858550	-69.354275
659.003381	-69.332355
659.148274	-69.324249
659.293232	-69.334336
659.438253	-69.365692
659.583339	-69.421020
659.728488	-69.504286
659.873701	-69.617023
660.018978	-69.755089
660.164318	-69.918299
660.309723	-70.101362
660.455192	-70.296506
660.600725	-70.500242
660.746323	-70.703178
660.891984	-70.903421
661.037710	-71.101134
661.183500	-71.296745
661.329354	-71.492195
661.475272	-71.690748
661.621255	-71.888174
661.767303	-72.086168
661.913415	-72.274741
662.059591	-72.446108
662.205833	-72.587737
662.352138	-72.691257
662.498509	-72.743858
662.644944	-72.743142
662.791443	-72.689875
662.938008	-72.590050
663.084638	-72.450173
663.231332	-72.281821
663.378091	-72.099776
663.524915	-71.910942
663.671804	-71.727837
663.818759	-71.555117
663.965778	-71.391845
664.112863	-71.236918
664.260012	-71.088909
664.407227	-70.940666
664.554507	-70.790211
664.701853	-70.635651
664.849264	-70.482282
664.996740	-70.337427
665.144282	-70.209847
665.291889	-70.109663
665.439561	-70.043254
665.587300	-70.018747
665.735103	-70.035393
665.882973	-70.085363
666.030908	-70.161707
666.178909	-70.255615
666.326976	-70.356862
666.475109	-70.462343
666.623307	-70.570547
666.771571	-70.686535
666.919902	-70.820272
667.068298	-70.975987
667.216761	-71.170045
667.365289	-71.412507
667.513884	-71.701322
667.662545	-72.046512
667.811272	-72.443667
667.960065	-72.884571
668.108925	-73.367217
668.257851	-73.882401
668.406843	-74.430341
668.555902	-75.011714
668.705027	-75.631318
668.854219	-76.287431
669.003478	-76.978147
669.152803	-77.677761
669.302195	-78.339477
669.451653	-78.873176
669.601179	-79.182483
669.750771	-79.182091
669.900430	-78.860411
670.050156	-78.277126
670.199949	-77.516675
670.349808	-76.665279
670.499735	-75.782848
670.649729	-74.907692
670.799790	-74.064081
670.949918	-73.273162
671.100114	-72.544922
671.250377	-71.882098
671.400707	-71.288996
671.551104	-70.759449
671.701569	-70.283863
671.852101	-69.853188
672.002700	-69.457039
672.153368	-69.085261
672.304102	-68.733945
672.454905	-68.399262
672.605775	-68.087711
672.756713	-67.798580
672.907718	-67.539951
673.058791	-67.315666
673.209933	-67.124879
673.361142	-66.969551
673.512419	-66.847744
673.663764	-66.752224
673.815177	-66.681904
673.966658	-66.634425
674.118207	-66.605892
674.269825	-66.601822
674.421510	-66.626273
674.573264	-66.683761
674.725086	-66.781076
674.876977	-66.922800
675.028936	-67.111147
675.180963	-67.344963
675.333059	-67.622710
675.485224	-67.944720
675.637457	-68.306186
675.789758	-68.708733
675.942129	-69.155847
676.094568	-69.650359
676.247075	-70.203557
676.399652	-70.819711
676.552298	-71.497074
676.705012	-72.231635
676.857795	-73.000953
677.010648	-73.769901
677.163569	-74.488060
677.316560	-75.085470
677.469619	-75.493946
677.622748	-75.656421
677.775946	-75.526008
677.929214	-75.130878
678.082551	-74.524652
678.235957	-73.785945
678.389432	-72.982365
678.542977	-72.167596
678.696592	-71.379916
678.850276	-70.633524
679.004030	-69.934334
679.157853	-69.284361
679.311746	-68.678200
679.465709	-68.115136
679.619742	-67.588965
679.773844	-67.098315
679.928017	-66.642477
680.082259	-66.222723
680.236571	-65.840820
680.390954	-65.497888
680.545406	-65.192373
680.699929	-64.923374
680.854522	-64.687530
681.009185	-64.480648
681.163918	-64.303030
681.318722	-64.153370
681.473596	-64.033257
681.628540	-63.945439
681.783555	-63.891587
681.938641	-63.875419
682.093797	-63.895340
682.249023	-63.949434
682.404321	-64.035239
682.559689	-64.146045
682.715128	-64.280897
682.870637	-64.438182
683.026218	-64.619764
683.181869	-64.827288
683.337591	-65.065637
683.493385	-65.334437
683.649249	-65.629581
683.805185	-65.938613
683.961191	-66.249261
684.117269	-66.548884
684.273418	-66.828332
684.429639	-67.083350
684.585930	-67.311001
684.742294	-67.507492
684.898728	-67.664772
685.055234	-67.767893
685.211812	-67.801688
685.368461	-67.755866
685.525182	-67.625466
685.681975	-67.418091
685.838839	-67.148228
685.995775	-66.837174
686.152783	-66.504172
686.309863	-66.162460
686.467014	-65.819764
686.624238	-65.475119
686.781534	-65.127867
686.938902	-64.777451
687.096342	-64.431604
687.253854	-64.097893
687.411438	-63.787672
687.569095	-63.508265
687.726824	-63.262790
687.884626	-63.049974
688.042499	-62.864912
688.200446	-62.701231
688.358465	-62.555434
688.516556	-62.428514
688.674720	-62.321373
688.832957	-62.241573
688.991266	-62.194171
689.149649	-62.181352
689.308104	-62.204118
689.466632	-62.257214
689.625233	-62.336041
689.783906	-62.432289
689.942653	-62.542958
690.101473	-62.666237
690.260367	-62.804434
690.419333	-62.962678
690.578372	-63.144196
690.737485	-63.345417
690.896672	-63.559493
691.055931	-63.770143
691.215264	-63.965064
691.374671	-64.130609
691.534151	-64.263251
691.693704	-64.363856
691.853332	-64.436696
692.013033	-64.486174
692.172807	-64.507612
692.332656	-64.494065
692.492578	-64.436427
692.652575	-64.329961
692.812645	-64.176127
692.972789	-63.987008
693.133007	-63.777634
693.293300	-63.562509
693.453666	-63.350215
693.614107	-63.145267
693.774622	-62.943810
693.935211	-62.743049
694.095875	-62.541194
694.256613	-62.342382
694.417426	-62.152781
694.578313	-61.979846
694.739274	-61.828941
694.900311	-61.702031
695.061421	-61.597803
695.222607	-61.511920
695.383868	-61.442067
695.545203	-61.386932
695.706613	-61.346625
695.868098	-61.324464
696.029658	-61.325853
696.191293	-61.353929
696.353003	-61.408625
696.514789	-61.488565
696.676649	-61.587989
696.838585	-61.705011
697.000596	-61.835317
697.162682	-61.978039
697.324844	-62.134146
697.487081	-62.301569
697.649394	-62.476733
697.811782	-62.652258
697.974246	-62.817604
698.136786	-62.962768
698.299401	-63.078793
698.462092	-63.160869
698.624859	-63.204769
698.787702	-63.210403
698.950621	-63.173967
699.113616	-63.093064
699.276686	-62.965449
699.439833	-62.791375
699.603056	-62.580529
699.766355	-62.345755
699.929731	-62.101822
700.093183	-61.858626
700.256711	-61.623686
700.420315	-61.397315
700.583996	-61.178878
700.747754	-60.969145
700.911588	-60.773574
701.075499	-60.598504
701.239486	-60.452875
701.403550	-60.341007
701.567691	-60.267166
701.731909	-60.229286
701.896203	-60.224684
702.060575	-60.246580
702.225024	-60.290700
702.389549	-60.357306
702.554152	-60.450374
702.718832	-60.575462
702.883589	-60.737147
703.048424	-60.934088
703.213335	-61.158566
703.378324	-61.398167
703.543391	-61.637749
703.708535	-61.868672
703.873757	-62.084920
704.039056	-62.288912
704.204433	-62.481573
704.369887	-62.660637
704.535420	-62.809121
704.701030	-62.907862
704.866718	-62.931482
705.032484	-62.872967
705.198328	-62.739613
705.364250	-62.552316
705.530250	-62.333130
705.696328	-62.091051
705.862485	-61.827901
706.028720	-61.541281
706.195033	-61.231120
706.361424	-60.905628
706.527894	-60.581464
706.694442	-60.276290
706.861069	-60.004608
707.027775	-59.769919
707.194559	-59.571309
707.361422	-59.400138
707.528363	-59.253960
707.695384	-59.131651
707.862483	-59.037750
708.029661	-58.977236
708.196918	-58.958309
708.364254	-58.983686
708.531670	-59.053235
708.699164	-59.160936
708.866738	-59.300267
709.034391	-59.465463
709.202123	-59.655587
709.369935	-59.873152
709.537826	-60.123280
709.705796	-60.406683
709.873847	-60.718249
710.041976	-61.044009
710.210186	-61.362595
710.378475	-61.649603
710.546844	-61.887560
710.715292	-62.065697
710.883821	-62.180733
711.052429	-62.223581
711.221118	-62.181314
711.389887	-62.038885
711.558735	-61.795383
711.727664	-61.465915
711.896673	-61.078461
712.065763	-60.664017
712.234932	-60.245614
712.404183	-59.839350
712.573513	-59.451445
712.742924	-59.081503
712.912416	-58.732301
713.081988	-58.410460
713.251641	-58.126113
713.421375	-57.888503
713.591190	-57.701848
713.761085	-57.565662
713.931061	-57.474957
714.101119	-57.423225
714.271257	-57.406386
714.441476	-57.424438
714.611777	-57.483832
714.782159	-57.589014
714.952622	-57.742760
715.123166	-57.939440
715.293792	-58.170532
715.464499	-58.424864
715.635288	-58.694078
715.806158	-58.973049
715.977110	-59.257859
716.148143	-59.544078
716.319259	-59.820413
716.490456	-60.063183
716.661735	-60.243593
716.833096	-60.332436
717.004538	-60.318654
717.176063	-60.208666
717.347670	-60.020165
717.519359	-59.767517
717.691130	-59.459054
717.862984	-59.103688
718.034920	-58.713339
718.206938	-58.307160
718.379039	-57.907633
718.551222	-57.533520
718.723488	-57.195359
718.895836	-56.893522
719.068267	-56.626421
719.240781	-56.390693
719.413377	-56.189465
719.586057	-56.027944
719.758819	-55.912849
719.931664	-55.848119
720.104593	-55.832054
720.277604	-55.860048
720.450699	-55.925378
720.623876	-56.023617
720.797137	-56.154963
720.970482	-56.319687
721.143910	-56.517967
721.317421	-56.744944
721.491016	-56.991302
721.664694	-57.241845
721.838456	-57.478918
722.012302	-57.687121
722.186231	-57.856628
722.360244	-57.980347
722.534342	-58.049657
722.708523	-58.052663
722.882788	-57.977935
723.057137	-57.823487
723.231570	-57.598366
723.406088	-57.322092
723.580689	-57.016166
723.755375	-56.699508
723.930146	-56.381912
724.105000	-56.069134
724.279940	-55.766399
724.454963	-55.481663
724.630072	-55.224929
724.805265	-55.005120
724.980543	-54.827359
725.155905	-54.691404
725.331353	-54.594657
725.506885	-54.534395
725.682503	-54.510154
725.858205	-54.521071
726.033993	-54.568564
726.209865	-54.652871
726.385823	-54.770872
726.561866	-54.916162
726.737995	-55.078361
726.914209	-55.247964
727.090508	-55.416370
727.266893	-55.578203
727.443364	-55.725015
727.619920	-55.848773
727.796562	-55.940134
727.973290	-55.989809
728.150103	-55.990445
728.327003	-55.942245
728.503988	-55.849728
728.681060	-55.719882
728.858218	-55.558910
729.035461	-55.372620
729.212791	-55.167894
729.390208	-54.953837
729.567710	-54.739044
729.745299	-54.531569
729.922975	-54.338313
730.100737	-54.164981
730.278586	-54.015143
730.456521	-53.890929
730.634543	-53.793009
730.812652	-53.724104
730.990848	-53.686029
731.169130	-53.680528
731.347500	-53.706726
731.525957	-53.761214
731.704500	-53.839182
731.883131	-53.935094
732.061850	-54.042597
732.240655	-54.155352
732.419548	-54.266438
732.598528	-54.365930
732.777596	-54.443869
732.956751	-54.493313
733.135994	-54.510487
733.315325	-54.495555
733.494744	-54.451046
733.674250	-54.380263
733.853844	-54.285639
734.033526	-54.171331
734.213296	-54.043792
734.393154	-53.912360
734.573101	-53.786629
734.753135	-53.672298
734.933258	-53.570971
735.113469	-53.482871
735.293769	-53.407354
735.474157	-53.347742
735.654633	-53.309998
735.835198	-53.298974
736.015852	-53.315151
736.196594	-53.354601
736.377426	-53.411431
736.558346	-53.481697
736.739355	-53.561781
736.920453	-53.649492
737.101640	-53.741027
737.282916	-53.829226
737.464282	-53.903110
737.645736	-53.949175
737.827280	-53.958801
738.008914	-53.930356
738.190637	-53.869081
738.372449	-53.783683
738.554351	-53.679883
738.736342	-53.561760
738.918424	-53.432495
739.100595	-53.299360
739.282855	-53.173411
739.465206	-53.065215
739.647647	-52.981958
739.830178	-52.926943
740.012799	-52.897860
740.195510	-52.891746
740.378311	-52.908223
740.561203	-52.949273
740.744185	-53.019775
740.927258	-53.120306
741.110421	-53.245883
741.293674	-53.387990
741.477018	-53.537236
741.660453	-53.685771
741.843979	-53.829674
742.027596	-53.964422
742.211303	-54.079829
742.395102	-54.160469
742.578991	-54.191996
742.762972	-54.167986
742.947044	-54.089372
743.131207	-53.966110
743.315461	-53.811544
743.499807	-53.638058
743.684244	-53.454645
743.868773	-53.270161
744.053394	-53.097160
744.238106	-52.948573
744.422910	-52.836335
744.607805	-52.767487
744.792793	-52.743902
744.977872	-52.764630
745.163044	-52.826606
745.348307	-52.927654
745.533663	-53.067830
745.719111	-53.246089
745.904651	-53.457252
746.090283	-53.690588
746.276008	-53.933420
746.461826	-54.172220
746.647735	-54.395452
746.833738	-54.593411
747.019833	-54.753815
747.206021	-54.862260
747.392302	-54.905048
747.578676	-54.877219
747.765143	-54.781488
747.951703	-54.629650
748.138356	-54.436561
748.325102	-54.221370
748.511941	-54.003001
748.698874	-53.798648
748.885900	-53.621715
749.073019	-53.482347
749.260232	-53.388007
749.447539	-53.344683
749.634939	-53.357393
749.822433	-53.428203
750.010021	-53.555792
750.197703	-53.734942
750.385479	-53.958683
750.573348	-54.217635
750.761312	-54.501849
750.949370	-54.802222
751.137523	-55.108831
751.325769	-55.405590
751.514110	-55.671668
751.702545	-55.880943
751.891075	-56.013505
752.079700	-56.061026
752.268419	-56.027351
752.457233	-55.921511
752.646142	-55.754870
752.835145	-55.540577
753.024244	-55.298765
753.213437	-55.055797
753.402726	-54.838424
753.592110	-54.666863
753.781589	-54.552530
753.971163	-54.500492
754.160833	-54.513981
754.350598	-54.593108
754.540459	-54.740511
754.730415	-54.956281
754.920467	-55.236957
755.110615	-55.569614
755.300858	-55.932733
755.491198	-56.300651
755.681633	-56.653113
755.872164	-56.972825
756.062792	-57.242128
756.253515	-57.434256
756.444335	-57.519028
756.635252	-57.483076
756.826264	-57.341780
757.017373	-57.128085
757.208579	-56.875794
757.399881	-56.611088
757.591280	-56.351662
757.782776	-56.114751
757.974368	-55.921874
758.166058	-55.795708
758.357844	-55.753410
758.549728	-55.798864
758.741708	-55.922222
758.933786	-56.111843
759.125961	-56.358950
759.318233	-56.658325
759.510603	-57.000528
759.703071	-57.362215
759.895635	-57.703503
760.088298	-57.974919
760.281058	-58.136394
760.473916	-58.175004
760.666872	-58.101735
760.859926	-57.933360
761.053078	-57.688240
761.246328	-57.391030
761.439676	-57.074070
761.633122	-56.775472
761.826667	-56.524515
762.020310	-56.338384
762.214052	-56.217864
762.407892	-56.159641
762.601831	-56.161959
762.795868	-56.229715
762.990004	-56.365645
763.184239	-56.559072
763.378573	-56.780994
763.573006	-56.989937
763.767538	-57.147033
763.962169	-57.224800
764.156900	-57.205768
764.351729	-57.082456
764.546658	-56.855646
764.741687	-56.542745
764.936815	-56.180633
765.132042	-55.813369
765.327370	-55.476464
765.522797	-55.189341
765.718324	-54.959195
765.913950	-54.789878
766.109677	-54.683214
766.305504	-54.640780
766.501431	-54.662029
766.697458	-54.739025
766.893586	-54.853756
767.089814	-54.980413
767.286142	-55.093134
767.482571	-55.167463
767.679100	-55.181030
767.875730	-55.112038
768.072461	-54.943193
768.269293	-54.670529
768.466225	-54.310432
768.663259	-53.898691
768.860393	-53.474334
769.057629	-53.067454
769.254966	-52.697826
769.452404	-52.379945
769.649944	-52.126074
769.847585	-51.946412
770.045328	-51.846859
770.243172	-51.825710
770.441118	-51.873314
770.639166	-51.975041
770.837315	-52.114321
771.035567	-52.271775
771.233920	-52.423293
771.432376	-52.538686
771.630934	-52.584936
771.829594	-52.536884
772.028356	-52.383630
772.227220	-52.130605
772.426188	-51.796101
772.625257	-51.405999
772.824430	-50.990679
773.023705	-50.579462
773.223083	-50.196341
773.422563	-49.862723
773.622147	-49.594619
773.821834	-49.401610
774.021624	-49.285748
774.221517	-49.243301
774.421513	-49.267230
774.621613	-49.346591
774.821816	-49.466666
775.022122	-49.605997
775.222532	-49.739162
775.423046	-49.838368
775.623664	-49.876848
775.824385	-49.836657
776.025211	-49.713011
776.226140	-49.513211
776.427173	-49.250785
776.628311	-48.944785
776.829553	-48.618525
777.030899	-48.297240
777.232350	-48.003943
777.433905	-47.754749
777.635564	-47.557701
777.837328	-47.416614
778.039197	-47.333159
778.241171	-47.307171
778.443250	-47.332266
778.645433	-47.393605
778.847722	-47.469301
779.050116	-47.535390
779.252615	-47.570576
779.455219	-47.559332
779.657929	-47.493277
779.860744	-47.368888
780.063665	-47.190410
780.266691	-46.973267
780.469823	-46.739394
780.673061	-46.510100
780.876405	-46.300524
781.079855	-46.119957
781.283410	-45.975216
781.487072	-45.873344
781.690840	-45.818533
781.894715	-45.807640
782.098695	-45.830388
782.302783	-45.870686
782.506976	-45.911560
782.711277	-45.936650
782.915684	-45.928761
783.120198	-45.871687
783.324818	-45.756593
783.529546	-45.587258
783.734381	-45.379200
783.939322	-45.152644
784.144372	-44.927477
784.349528	-44.720398
784.554792	-44.544974
784.760163	-44.412374
784.965642	-44.330769
785.171228	-44.301631
785.376922	-44.319710
785.582724	-44.374630
785.788634	-44.453108
785.994651	-44.540111
786.200777	-44.616526
786.407011	-44.658590
786.613353	-44.644729
786.819804	-44.563575
787.026363	-44.417223
787.233030	-44.219313
787.439806	-43.987909
787.646691	-43.742021
787.853684	-43.503366
788.060786	-43.293543
788.267997	-43.129387
788.475317	-43.019914
788.682746	-42.967398
788.890285	-42.970325
789.097932	-43.024185
789.305689	-43.118620
789.513555	-43.235711
789.721531	-43.350485
789.929617	-43.436178
790.137812	-43.470592
790.346117	-43.439776
790.554531	-43.339486
790.763056	-43.175664
790.971691	-42.964463
791.180436	-42.729696
791.389291	-42.497959
791.598256	-42.291888
791.807332	-42.126047
792.016518	-42.010007
792.225815	-41.950398
792.435222	-41.949519
792.644740	-42.001937
792.854369	-42.093953
793.064109	-42.205704
793.273960	-42.313935
793.483922	-42.393821
793.693995	-42.422345
793.904180	-42.384398
794.114475	-42.277749
794.324882	-42.114409
794.535401	-41.916566
794.746031	-41.708656
794.956774	-41.512375
795.167627	-41.346459
795.378593	-41.225504
795.589671	-41.158531
795.800861	-41.147682
796.012162	-41.188087
796.223577	-41.269136
796.435103	-41.375058
796.646742	-41.484545
796.858493	-41.571446
797.070357	-41.608937
797.282334	-41.578537
797.494423	-41.477423
797.706626	-41.317328
797.918941	-41.118987
798.131369	-40.907163
798.343911	-40.708285
798.556566	-40.546141
798.769334	-40.436707
798.982215	-40.387341
799.195210	-40.398278
799.408319	-40.464447
799.621541	-40.575499
799.834877	-40.713489
800.048327	-40.851908
800.261890	-40.958281
800.475568	-41.002652
800.689360	-40.967116
800.903266	-40.849271
801.117287	-40.661508
801.331422	-40.429411
801.545671	-40.186967
801.760036	-39.968229
801.974514	-39.799646
802.189108	-39.697556
802.403816	-39.670636
802.618640	-39.720959
802.833578	-39.842566
803.048632	-40.018746
803.263800	-40.220597
803.479085	-40.410000
803.694484	-40.546122
803.909999	-40.594294
804.125630	-40.534170
804.341376	-40.367731
804.557239	-40.121704
804.773217	-39.838863
804.989311	-39.563750
805.205521	-39.332397
805.421847	-39.169857
805.638290	-39.092128
805.854849	-39.106619
806.071524	-39.210429
806.288316	-39.388372
806.505225	-39.614188
806.722250	-39.850594
806.939393	-40.051482
807.156652	-40.169250
807.374028	-40.169073
807.591521	-40.043636
807.809132	-39.818133
808.026859	-39.538220
808.244705	-39.252165
808.462667	-39.000801
808.680748	-38.815858
808.898946	-38.718661
809.117261	-38.718055
809.335695	-38.810225
809.554246	-38.980064
809.772916	-39.201912
809.991704	-39.438890
810.210610	-39.643978
810.429634	-39.767827
810.648777	-39.774833
810.868039	-39.659921
811.087419	-39.449313
811.306918	-39.187773
811.526535	-38.923229
811.746272	-38.698022
811.966127	-38.543995
812.186102	-38.479776
812.406196	-38.510040
812.626409	-38.626828
812.846742	-38.812122
813.067194	-39.036861
813.287766	-39.258506
813.508457	-39.424936
813.729269	-39.489879
813.950200	-39.432994
814.171251	-39.267222
814.392422	-39.029582
814.613714	-38.767255
814.835126	-38.527692
815.056658	-38.350853
815.278311	-38.261251
815.500084	-38.267300
815.721978	-38.365038
815.943993	-38.539978
816.166128	-38.766163
816.388385	-39.002132
816.610762	-39.193369
816.833261	-39.288342
817.055881	-39.260241
817.278623	-39.115844
817.501486	-38.888542
817.724471	-38.627888
817.947577	-38.386635
818.170805	-38.208081
818.394155	-38.119157
818.617627	-38.129604
818.841221	-38.236067
819.064937	-38.423559
819.288775	-38.663599
819.512736	-38.910703
819.736819	-39.106970
819.961025	-39.200291
820.185354	-39.165214
820.409805	-39.012197
820.634379	-38.780867
820.859076	-38.525273
821.083897	-38.298620
821.308840	-38.141625
821.533907	-38.077936
821.759097	-38.113951
821.984411	-38.241309
822.209848	-38.438828
822.435409	-38.670253
822.661093	-38.884979
822.886902	-39.029839
823.112834	-39.066533
823.338891	-38.984703
823.565072	-38.807396
823.791377	-38.582911
824.017807	-38.364822
824.244361	-38.196745
824.471039	-38.106477
824.697843	-38.106491
824.924771	-38.194748
825.151824	-38.354077
825.379002	-38.552175
825.606306	-38.745103
825.833734	-38.886934
826.061288	-38.942734
826.288967	-38.899948
826.516772	-38.773289
826.744703	-38.601163
826.972759	-38.430894
827.200941	-38.301328
827.429249	-38.235687
827.657683	-38.244349
827.886243	-38.324397
828.114930	-38.457635
828.343743	-38.611683
828.572682	-38.747764
828.801748	-38.832658
829.030941	-38.847082
829.260260	-38.789884
829.489706	-38.679990
829.719280	-38.552363
829.948980	-38.444253
830.178808	-38.382479
830.408763	-38.379671
830.638845	-38.434481
830.869055	-38.533467
831.099393	-38.651864
831.329858	-38.754838
831.560451	-38.809625
831.791173	-38.801438
832.022022	-38.736236
832.252999	-38.633969
832.484105	-38.524822
832.715339	-38.443266
832.946702	-38.416074
833.178193	-38.453336
833.409813	-38.547677
833.641561	-38.678338
833.873439	-38.814210
834.105445	-38.916222
834.337581	-38.947639
834.569846	-38.893319
834.802241	-38.769697
835.034764	-38.613992
835.267418	-38.468327
835.500201	-38.370760
835.733114	-38.349467
835.966157	-38.416159
836.199329	-38.561590
836.432632	-38.756557
836.666065	-38.954942
836.899629	-39.100719
837.133323	-39.144370
837.367147	-39.064652
837.601102	-38.883997
837.835188	-38.656914
838.069405	-38.444528
838.303752	-38.298806
838.538231	-38.254566
838.772841	-38.325773
839.007582	-38.502555
839.242455	-38.750220
839.477459	-39.010271
839.712595	-39.208741
839.947863	-39.278453
840.183263	-39.190803
840.418794	-38.973335
840.654458	-38.694868
840.890254	-38.433461
841.126182	-38.252808
841.362242	-38.193141
841.598435	-38.267650
841.834761	-38.462984
842.071220	-38.740485
842.307811	-39.034293
842.544536	-39.257273
842.781393	-39.330007
843.018384	-39.223209
843.255508	-38.976915
843.492765	-38.674010
843.730156	-38.400240
843.967681	-38.221687
844.205339	-38.177165
844.443132	-38.275580
844.681058	-38.496242
844.919118	-38.789223
845.157313	-39.076989
845.395642	-39.267940
845.634105	-39.290122
845.872703	-39.133459
846.111436	-38.858977
846.350303	-38.558476
846.589306	-38.314403
846.828443	-38.182952
847.067716	-38.190544
847.307124	-38.333424
847.546667	-38.575313
847.786345	-38.849727
848.026160	-39.069248
848.266110	-39.152562
848.506195	-39.063394
848.746417	-38.834412
848.986775	-38.547196
849.227269	-38.288227
849.467899	-38.121043
849.708666	-38.079589
849.949569	-38.167855
850.190609	-38.359023
850.431785	-38.595292
850.673099	-38.796842
850.914549	-38.886034
851.156137	-38.822681
851.397861	-38.627516
851.639723	-38.370822
851.881723	-38.134300
852.123860	-37.979434
852.366135	-37.937352
852.608547	-38.010334
852.851098	-38.173474
853.093786	-38.372865
853.336613	-38.535186
853.579578	-38.594338
853.822681	-38.520714
854.065923	-38.336657
854.309304	-38.106500
854.552823	-37.904560
854.796481	-37.786994
855.040278	-37.776716
855.284215	-37.864995
855.528290	-38.015648
855.772505	-38.169218
856.016859	-38.260381
856.261353	-38.244417
856.505987	-38.118993
856.750760	-37.924149
856.995673	-37.721779
857.240727	-37.572009
857.485920	-37.513936
857.731254	-37.555553
857.976729	-37.671445
858.222343	-37.808444
858.468099	-37.900203
858.713995	-37.892037
858.960032	-37.772065
859.206211	-37.577001
859.452530	-37.367966
859.698991	-37.205182
859.945593	-37.130490
860.192336	-37.157083
860.439222	-37.267623
860.686248	-37.413978
860.933417	-37.525274
861.180728	-37.533381
861.428181	-37.410144
861.675776	-37.187060
861.923514	-36.936901
862.171394	-36.733255
862.419417	-36.628219
862.667582	-36.643223
862.915890	-36.764454
863.164342	-36.941580
863.412936	-37.096286
863.661674	-37.147725
863.910555	-37.047972
864.159579	-36.812169
864.408747	-36.515051
864.658059	-36.250013
864.907515	-36.088114
865.157114	-36.061808
865.406858	-36.166958
865.656746	-36.360384
865.906778	-36.560293
866.156955	-36.670411
866.407277	-36.622838
866.657743	-36.417267
866.908354	-36.120349
867.159110	-35.826436
867.410011	-35.618783
867.661057	-35.545924
867.912249	-35.613070
868.163586	-35.784904
868.415069	-35.988361
868.666697	-36.125438
868.918472	-36.114362
869.170392	-35.939846
869.422458	-35.662539
869.674671	-35.376494
869.927030	-35.163419
870.179536	-35.073401
870.432188	-35.115605
870.684987	-35.258592
870.937933	-35.434104
871.191026	-35.552248
871.444266	-35.539132
871.697653	-35.378906
871.951188	-35.125683
872.204870	-34.867413
872.458700	-34.680968
872.712677	-34.609527
872.966803	-34.655855
873.221076	-34.784232
873.475498	-34.928173
873.730068	-35.008232
873.984787	-34.967579
874.239654	-34.803684
874.494669	-34.571484
874.749834	-34.351357
875.005147	-34.208756
875.260610	-34.174717
875.516222	-34.242356
875.771983	-34.366089
876.027894	-34.475109
876.283954	-34.502432
876.540164	-34.417120
876.796524	-34.240428
877.053033	-34.032998
877.309693	-33.863668
877.566503	-33.779972
877.823464	-33.794189
878.080575	-33.882173
878.337837	-33.989352
878.595249	-34.048127
878.852813	-34.010330
879.110528	-33.875803
879.368393	-33.691674
879.626410	-33.521635
879.884579	-33.417514
880.142899	-33.402471
880.401371	-33.462800
880.659994	-33.553646
880.918770	-33.613992
881.177698	-33.591665
881.436778	-33.474732
881.696010	-33.299820
881.955395	-33.130963
882.214933	-33.024397
882.474623	-33.006271
882.734467	-33.066281
882.994463	-33.159284
883.254613	-33.220904
883.514916	-33.197437
883.775372	-33.074472
884.035982	-32.888058
884.296746	-32.704018
884.557664	-32.584790
884.818735	-32.563240
885.079961	-32.632147
885.341341	-32.744309
885.602876	-32.825435
885.864565	-32.809381
886.126409	-32.676628
886.388407	-32.468341
886.650561	-32.259924
886.912870	-32.121659
887.175334	-32.092269
887.437953	-32.166961
887.700728	-32.297464
887.963658	-32.402788
888.226745	-32.404045
888.489987	-32.270765
888.753385	-32.044892
889.016940	-31.813675
889.280651	-31.657724
889.544518	-31.621994
889.808543	-31.703324
890.072723	-31.848537
890.337061	-31.970708
890.601556	-31.984174
890.866208	-31.853535
891.131017	-31.620248
891.395984	-31.377041
891.661109	-31.212469
891.926391	-31.174203
892.191831	-31.259082
892.457429	-31.412080
892.723186	-31.539531
892.989100	-31.550961
893.255173	-31.415839
893.521405	-31.183031
893.787796	-30.946043
894.054345	-30.792721
894.321053	-30.769343
894.587921	-30.866014
894.854948	-31.020640
895.122134	-31.137790
895.389480	-31.132234
895.656986	-30.983683
895.924651	-30.754386
896.192477	-30.541201
896.460463	-30.422604
896.728609	-30.431516
896.996915	-30.546956
897.265382	-30.697312
897.534010	-30.786791
897.802799	-30.746809
898.071749	-30.579969
898.340860	-30.360434
898.610132	-30.183793
898.879566	-30.114101
899.149162	-30.163748
899.418919	-30.293534
899.688838	-30.423124
899.958919	-30.465436
900.229162	-30.378954
900.499568	-30.197782
900.770136	-30.003494
901.040867	-29.877101
901.311761	-29.860575
901.582817	-29.940467
901.854037	-30.057394
902.125420	-30.131514
902.396966	-30.103814
902.668676	-29.974461
902.940550	-29.802818
903.212587	-29.664660
903.484788	-29.610030
903.757153	-29.644754
904.029683	-29.728783
904.302377	-29.792349
904.575236	-29.777662
904.848259	-29.676181
905.121447	-29.531530
905.394800	-29.410008
905.668319	-29.361046
905.942002	-29.391222
906.215852	-29.463167
906.489866	-29.513957
906.764047	-29.488914
907.038393	-29.378592
907.312906	-29.229272
907.587584	-29.109470
907.862429	-29.068754
908.137441	-29.114301
908.412619	-29.205289
908.687964	-29.269468
908.963476	-29.245025
909.239155	-29.123600
909.515002	-28.955671
909.791015	-28.817291
910.067197	-28.766935
910.343546	-28.816063
910.620063	-28.923851
910.896748	-29.013943
911.173601	-29.013386
911.450623	-28.903122
911.727813	-28.733023
912.005171	-28.584677
912.282699	-28.521329
912.560395	-28.559833
912.838261	-28.663755
913.116296	-28.756278
913.394500	-28.763521
913.672874	-28.663708
913.951418	-28.502313
914.230131	-28.358766
914.509015	-28.295493
914.788068	-28.325938
915.067292	-28.411875
915.346687	-28.480724
915.626252	-28.466406
915.905988	-28.354968
916.185895	-28.195650
916.465973	-28.063745
916.746223	-28.013417
917.026644	-28.050621
917.307236	-28.129769
917.588000	-28.177553
917.868937	-28.138216
918.150045	-28.012365
918.431325	-27.856578
918.712778	-27.742979
918.994404	-27.716039
919.276202	-27.770109
919.558173	-27.852605
919.840317	-27.891398
920.122634	-27.840503
920.405125	-27.714307
920.687789	-27.575103
920.970627	-27.488524
921.253639	-27.487256
921.536824	-27.554499
921.820184	-27.632671
922.103718	-27.655008
922.387427	-27.592450
922.671310	-27.473284
922.955368	-27.361155
923.239601	-27.310031
923.524009	-27.334272
923.808592	-27.402261
924.093351	-27.454146
924.378285	-27.439145
924.663396	-27.352802
924.948682	-27.239991
925.234144	-27.160953
925.519782	-27.150959
925.805597	-27.200480
926.091589	-27.260886
926.377757	-27.274154
926.664102	-27.212887
926.950624	-27.101626
927.237323	-26.999012
927.524200	-26.955742
927.811255	-26.983494
928.098487	-27.048853
928.385897	-27.090883
928.673485	-27.062024
928.961251	-26.963789
929.249196	-26.844913
929.537319	-26.766006
929.825621	-26.759941
930.114102	-26.812757
930.402762	-26.871899
930.691601	-26.878275
930.980620	-26.808157
931.269818	-26.691954
931.559196	-26.591258
931.848753	-26.553275
932.138491	-26.584315
932.428409	-26.645932
932.718508	-26.677485
933.008787	-26.638573
933.299246	-26.539190
933.589887	-26.431952
933.880709	-26.373834
934.171712	-26.386075
934.462896	-26.444811
934.754262	-26.494783
935.045810	-26.484618
935.337539	-26.406365
935.629451	-26.301696
935.921545	-26.229384
936.213822	-26.224902
936.506281	-26.277248
936.798922	-26.337409
937.091747	-26.349196
937.384755	-26.290867
937.677946	-26.192126
937.971321	-26.109824
938.264879	-26.087218
938.558621	-26.125345
938.852547	-26.182148
939.146657	-26.202309
939.440952	-26.155811
939.735431	-26.061839
940.030095	-25.973213
940.324943	-25.935246
940.619977	-25.956251
940.915196	-26.002081
941.210600	-26.019403
941.506189	-25.976168
941.801965	-25.885728
942.097926	-25.795654
942.394074	-25.750548
942.690407	-25.760508
942.986927	-25.796132
943.283634	-25.809456
943.580527	-25.769195
943.877608	-25.687090
944.174875	-25.605816
944.472330	-25.564852
944.769972	-25.572121
945.067802	-25.600241
945.365820	-25.607254
945.664026	-25.569207
945.962420	-25.499949
946.261002	-25.438707
946.559773	-25.416441
946.858733	-25.431843
947.157881	-25.453685
947.457219	-25.445791
947.756746	-25.397888
948.056462	-25.334801
948.356368	-25.295334
948.656464	-25.299787
948.956749	-25.331944
949.257225	-25.349547
949.557891	-25.320079
949.858748	-25.249835
950.159796	-25.180487
950.461034	-25.155079
950.762463	-25.183234
951.064084	-25.231415
951.365896	-25.245590
951.667900	-25.195152
951.970095	-25.103235
952.272483	-25.026675
952.575063	-25.010740
952.877835	-25.054351
953.180799	-25.108235
953.483956	-25.111768
953.787307	-25.043979
954.090850	-24.943812
954.394586	-24.876306
954.698516	-24.878904
955.002640	-24.933551
955.306957	-24.978811
955.611469	-24.958946
955.916174	-24.874667
956.221074	-24.782840
956.526169	-24.745504
956.831458	-24.779576
957.136942	-24.843132
957.442622	-24.866130
957.748496	-24.811660
958.054567	-24.712572
958.360833	-24.641582
958.667294	-24.647227
958.973952	-24.715440
959.280806	-24.777015
959.587857	-24.763500
959.895104	-24.671287
960.202548	-24.567322
960.510189	-24.528518
960.818027	-24.577235
961.126062	-24.663673
961.434295	-24.702270
961.742726	-24.644782
962.051355	-24.528217
962.360182	-24.439776
962.669207	-24.440366
962.978431	-24.516544
963.287854	-24.590570
963.597475	-24.585208
963.907296	-24.493707
964.217315	-24.385354
964.527535	-24.338531
964.837954	-24.375200
965.148573	-24.445745
965.459392	-24.471787
965.770411	-24.418035
966.081630	-24.324719
966.393051	-24.263446
966.704672	-24.270587
967.016494	-24.318181
967.328517	-24.341851
967.640742	-24.301986
967.953169	-24.224431
968.265797	-24.171282
968.578627	-24.176896
968.891660	-24.216766
969.204895	-24.229835
969.518332	-24.180224
969.831972	-24.096115
970.145816	-24.042173
970.459862	-24.055334
970.774112	-24.106738
971.088565	-24.126043
971.403223	-24.069136
971.718084	-23.967406
972.033149	-23.898316
972.348419	-23.908756
972.663893	-23.972257
972.979572	-24.008416
973.295456	-23.958558
973.611546	-23.849371
973.927840	-23.766464
974.244340	-23.769894
974.561046	-23.838895
974.877958	-23.887870
975.195076	-23.847001
975.512401	-23.737152
975.829932	-23.649903
976.147670	-23.653807
976.465615	-23.731171
976.783767	-23.790200
977.102126	-23.752225
977.420693	-23.637623
977.739468	-23.545578
978.058451	-23.553477
978.377642	-23.644251
978.697041	-23.717399
979.016649	-23.682937
979.336466	-23.559947
979.656492	-23.458414
979.976727	-23.465515
980.297171	-23.565752
980.617825	-23.652506
980.938689	-23.625185
981.259763	-23.499482
981.581048	-23.390602
981.902542	-23.392329
982.224248	-23.492212
982.546164	-23.582201
982.868291	-23.560883
983.190630	-23.441937
983.513180	-23.337257
983.835942	-23.336906
984.158916	-23.426933
984.482101	-23.504609
984.805500	-23.480149
985.129110	-23.374097
985.452934	-23.289448
985.776970	-23.297956
986.101220	-23.374261
986.425683	-23.424266
986.750359	-23.384460
987.075250	-23.292460
987.400354	-23.239947
987.725673	-23.269181
988.051206	-23.332721
988.376954	-23.345159
988.702916	-23.279815
989.029094	-23.200047
989.355487	-23.184549
989.682095	-23.239217
990.008919	-23.289949
990.335959	-23.261879
990.663216	-23.169821
990.990688	-23.101965
991.318377	-23.120421
991.646283	-23.193959
991.974406	-23.225418
992.302746	-23.159385
992.631304	-23.051026
992.960079	-23.002199
993.289072	-23.049533
993.618283	-23.125450
993.947713	-23.125249
994.277361	-23.026875
994.607227	-22.920082
994.937313	-22.901676
995.267618	-22.970970
995.598142	-23.030133
995.928886	-22.988048
996.259849	-22.868876
996.591033	-22.783783
996.922437	-22.803677
997.254061	-22.883791
997.585906	-22.909177
997.917972	-22.825522
998.250260	-22.705548
998.582768	-22.660503
998.915498	-22.716563
999.248450	-22.787134
999.581624	-22.765758
999.915020	-22.653882
1000.248639	-22.559334
1000.582480	-22.566052
1000.916545	-22.643664
1001.250832	-22.679720
1001.585343	-22.607836
1001.920077	-22.492474
1002.255035	-22.447371
1002.590218	-22.503737
1002.925624	-22.576238
1003.261255	-22.557284
1003.597111	-22.449163
1003.933192	-22.362130
1004.269497	-22.380177
1004.606029	-22.466555
1004.942785	-22.502030
1005.279768	-22.426036
1005.616977	-22.314513
1005.954412	-22.284624
1006.292074	-22.358254
1006.629962	-22.436630
1006.968077	-22.411206
1007.306420	-22.300048
1007.644990	-22.225661
1007.983787	-22.263806
1008.322813	-22.359543
1008.662067	-22.387454
1009.001549	-22.302970
1009.341259	-22.200470
1009.681199	-22.191901
1010.021367	-22.275506
1010.361765	-22.339702
1010.702392	-22.295259
1011.043250	-22.189580
1011.384337	-22.142080
1011.725654	-22.195603
1012.067202	-22.269541
1012.408980	-22.257762
1012.750989	-22.164685
1013.093230	-22.097158
1013.435702	-22.123766
1013.778405	-22.192735
1014.121341	-22.196253
1014.464508	-22.111970
1014.807908	-22.032911
1015.151540	-22.042744
1015.495405	-22.109443
1015.839503	-22.123342
1016.183835	-22.039854
1016.528400	-21.943898
1016.873198	-21.936116
1017.218231	-22.004515
1017.563498	-22.035315
1017.908999	-21.957206
1018.254735	-21.841681
1018.600707	-21.807833
1018.946913	-21.871203
1019.293354	-21.922202
1019.640032	-21.861868
1019.986945	-21.736919
1020.334094	-21.676159
1020.681480	-21.724127
1021.029102	-21.787785
1021.376961	-21.751471
1021.725058	-21.632376
1022.073391	-21.555531
1022.421962	-21.586094
1022.770772	-21.650886
1023.119819	-21.631321
1023.469104	-21.524490
1023.818628	-21.444908
1024.168391	-21.466472
1024.518393	-21.529029
1024.868634	-21.516666
1025.219115	-21.417610
1025.569836	-21.340642
1025.920796	-21.362949
1026.271997	-21.428855
1026.623438	-21.421804
1026.975121	-21.326045
1027.327044	-21.250601
1027.679208	-21.276194
1028.031614	-21.348730
1028.384262	-21.348262
1028.737152	-21.255343
1029.090284	-21.180485
1029.443659	-21.207703
1029.797276	-21.283491
1030.151137	-21.286480
1030.505240	-21.196520
1030.859587	-21.124167
1031.214178	-21.152957
1031.569013	-21.227386
1031.924093	-21.227686
1032.279417	-21.138574
1032.634985	-21.071806
1032.990799	-21.104664
1033.346858	-21.175295
1033.703162	-21.166978
1034.059712	-21.075461
1034.416509	-21.015287
1034.773551	-21.053173
1035.130841	-21.117240
1035.488377	-21.095434
1035.846160	-20.999024
1036.204190	-20.944661
1036.562468	-20.985878
1036.920994	-21.039426
1037.279768	-21.002018
1037.638790	-20.901674
1037.998061	-20.854314
1038.357581	-20.896184
1038.717350	-20.935725
1039.077368	-20.883822
1039.437636	-20.785358
1039.798154	-20.747967
1040.158922	-20.786746
1040.519940	-20.807066
1040.881209	-20.743124
1041.242729	-20.654706
1041.604501	-20.631360
1041.966524	-20.662093
1042.328798	-20.656951
1042.691325	-20.583289
1043.054103	-20.513701
1043.417135	-20.509818
1043.780419	-20.530807
1044.143956	-20.498212
1044.507746	-20.418975
1044.871791	-20.374835
1045.236088	-20.393713
1045.600641	-20.405606
1045.965447	-20.349049
1046.330508	-20.270418
1046.695824	-20.253206
1047.061395	-20.290100
1047.427222	-20.290027
1047.793304	-20.216428
1048.159642	-20.147219
1048.526237	-20.155701
1048.893088	-20.200372
1049.260196	-20.184712
1049.627561	-20.105223
1049.995183	-20.057684
1050.363063	-20.089960
1050.731201	-20.130951
1051.099597	-20.097036
1051.468251	-20.023183
1051.837164	-20.005992
1052.206336	-20.055077
1052.575767	-20.079111
1052.945458	-20.026332
1053.315409	-19.967239
1053.685619	-19.981066
1054.056090	-20.034206
1054.426821	-20.031975
1054.797814	-19.967172
1055.169067	-19.931495
1055.540582	-19.969464
1055.912359	-20.011296
1056.284398	-19.981435
1056.656698	-19.918380
1057.029262	-19.910083
1057.402088	-19.955596
1057.775177	-19.969551
1058.148530	-19.918557
1058.522146	-19.872064
1058.896027	-19.886133
1059.270171	-19.916908
1059.644580	-19.894747
1060.019254	-19.838640
1060.394193	-19.819678
1060.769397	-19.842095
1061.144867	-19.839750
1061.520602	-19.788168
1061.896604	-19.746045
1062.272872	-19.752519
1062.649407	-19.761032
1063.026210	-19.717843
1063.403279	-19.656018
1063.780616	-19.639762
1064.158221	-19.655121
1064.536094	-19.630498
1064.914235	-19.558859
1065.292645	-19.512300
1065.671325	-19.521396
1066.050273	-19.522578
1066.429491	-19.462815
1066.808979	-19.391435
1067.188738	-19.377303
1067.568766	-19.394060
1067.949066	-19.362589
1068.329636	-19.285170
1068.710478	-19.242050
1069.091592	-19.255482
1069.472977	-19.252921
1069.854635	-19.189068
1070.236565	-19.124598
1070.618768	-19.120884
1071.001243	-19.136943
1071.383993	-19.098604
1071.767016	-19.027164
1072.150313	-19.001344
1072.533884	-19.021976
1072.917730	-19.010799
1073.301850	-18.946323
1073.686246	-18.901419
1074.070917	-18.914997
1074.455864	-18.925509
1074.841087	-18.877421
1075.226586	-18.820982
1075.612362	-18.822017
1075.998415	-18.847025
1076.384745	-18.820864
1076.771353	-18.760613
1077.158238	-18.745727
1077.545401	-18.776839
1077.932843	-18.773421
1078.320564	-18.716010
1078.708564	-18.681896
1079.096842	-18.707638
1079.485401	-18.723539
1079.874240	-18.676127
1080.263358	-18.624478
1080.652757	-18.633892
1081.042438	-18.661053
1081.432399	-18.630102
1081.822641	-18.568581
1082.213166	-18.555491
1082.603972	-18.580923
1082.995061	-18.565951
1083.386433	-18.505159
1083.778087	-18.473032
1084.170025	-18.487300
1084.562246	-18.481244
1084.954751	-18.428284
1085.347541	-18.387973
1085.740615	-18.391743
1086.133973	-18.387187
1086.527617	-18.339874
1086.921546	-18.298478
1087.315761	-18.298551
1087.710262	-18.293782
1088.105050	-18.245737
1088.500124	-18.201210
1088.895485	-18.202567
1089.291134	-18.203023
1089.687070	-18.152728
1090.083294	-18.098732
1090.479806	-18.099003
1090.876607	-18.110195
1091.273696	-18.063600
1091.671075	-17.997374
1092.068744	-17.989113
1092.466702	-18.010497
1092.864950	-17.975808
1093.263489	-17.902605
1093.662319	-17.881504
1094.061440	-17.908079
1094.460852	-17.890633
1094.860555	-17.820744
1095.260551	-17.789179
1095.660840	-17.815372
1096.061421	-17.813923
1096.462295	-17.755800
1096.863462	-17.720993
1097.264923	-17.743853
1097.666678	-17.751489
1098.068727	-17.706156
1098.471071	-17.675120
1098.873710	-17.695836
1099.276644	-17.705055
1099.679874	-17.666314
1100.083400	-17.640985
1100.487222	-17.662174
1100.891340	-17.667888
1101.295756	-17.626499
1101.700468	-17.602306
1102.105478	-17.624407
1102.510787	-17.624895
1102.916393	-17.574184
1103.322298	-17.544766
1103.728502	-17.565906
1104.135005	-17.561959
1104.541807	-17.501053
1104.948909	-17.463031
1105.356312	-17.480742
1105.764015	-17.473623
1106.172019	-17.406254
1106.580324	-17.361368
1106.988931	-17.374688
1107.397840	-17.364944
1107.807051	-17.296304
1108.216564	-17.250571
1108.626380	-17.261679
1109.036500	-17.249738
1109.446923	-17.183657
1109.857649	-17.142968
1110.268680	-17.154390
1110.680016	-17.139583
1111.091657	-17.076924
1111.503602	-17.044161
1111.915854	-17.056659
1112.328411	-17.037936
1112.741275	-16.978955
1113.154445	-16.954625
1113.567922	-16.966588
1113.981706	-16.941945
1114.395798	-16.886146
1114.810198	-16.868438
1115.224906	-16.875716
1115.639923	-16.842853
1116.055249	-16.790454
1116.470884	-16.777907
1116.886829	-16.777288
1117.303084	-16.735692
1117.719650	-16.688417
1118.136526	-16.680739
1118.553713	-16.671004
1118.971212	-16.622019
1119.389022	-16.582357
1119.807145	-16.580670
1120.225580	-16.563235
1120.644328	-16.510652
1121.063389	-16.482298
1121.482763	-16.488070
1121.902452	-16.464946
1122.322454	-16.413662
1122.742771	-16.400304
1123.163404	-16.413430
1123.584351	-16.386268
1124.005614	-16.342059
1124.427193	-16.346264
1124.849089	-16.363606
1125.271301	-16.332313
1125.693830	-16.299875
1126.116677	-16.320709
1126.539842	-16.336056
1126.963324	-16.300478
1127.387126	-16.282791
1127.811246	-16.315251
1128.235685	-16.321192
1128.660444	-16.282168
1129.085522	-16.279292
1129.510922	-16.314192
1129.936641	-16.303870
1130.362682	-16.263172
1130.789044	-16.272097
1131.215728	-16.298951
1131.642734	-16.269039
1132.070063	-16.229677
1132.497714	-16.245321
1132.925689	-16.255762
1133.353987	-16.208114
1133.782610	-16.173757
1134.211556	-16.191254
1134.640827	-16.182003
1135.070424	-16.122395
1135.500345	-16.096584
1135.930593	-16.112164
1136.361166	-16.082720
1136.792067	-16.017678
1137.223294	-16.004210
1137.654848	-16.015399
1138.086730	-15.967264
1138.518940	-15.907057
1138.951479	-15.911394
1139.384346	-15.913481
1139.817543	-15.850009
1140.251069	-15.807752
1140.684925	-15.828450
1141.119111	-15.811859
1141.553628	-15.744271
1141.988475	-15.731977
1142.423655	-15.756316
1142.859166	-15.716556
1143.295009	-15.663605
1143.731185	-15.679424
1144.167694	-15.688078
1144.604536	-15.634567
1145.041711	-15.610333
1145.479221	-15.637744
1145.917065	-15.622761
1146.355245	-15.573483
1146.793759	-15.575738
1147.232609	-15.595588
1147.671795	-15.561361
1148.111317	-15.526240
1148.551177	-15.543181
1148.991373	-15.545267
1149.431907	-15.499339
1149.872779	-15.482332
1150.313989	-15.503505
1150.755538	-15.479592
1151.197426	-15.430454
1151.639653	-15.436409
1152.082220	-15.443991
1152.525128	-15.389365
1152.968376	-15.359582
1153.411966	-15.381814
1153.855897	-15.349011
1154.300169	-15.286667
1154.744784	-15.295437
1155.189742	-15.294532
1155.635042	-15.221987
1156.080687	-15.197260
1156.526674	-15.216952
1156.973007	-15.161485
1157.419683	-15.103819
1157.866705	-15.119357
1158.314072	-15.092735
1158.761786	-15.020906
1159.209845	-15.014825
1159.658251	-15.008760
1160.107004	-14.943877
1160.556104	-14.917668
1161.005553	-14.916455
1161.455349	-14.865111
1161.905494	-14.829819
1162.355989	-14.825097
1162.806832	-14.782594
1163.258026	-14.747321
1163.709570	-14.741615
1164.161464	-14.701878
1164.613710	-14.667063
1165.066307	-14.665889
1165.519256	-14.627698
1165.972558	-14.587856
1166.426212	-14.593601
1166.880219	-14.563166
1167.334580	-14.514113
1167.789295	-14.521652
1168.244364	-14.506042
1168.699788	-14.450509
1169.155567	-14.450369
1169.611702	-14.450300
1170.068193	-14.397324
1170.525041	-14.384324
1170.982245	-14.393208
1171.439807	-14.350990
1171.897726	-14.327246
1172.356004	-14.336095
1172.814640	-14.306727
1173.273635	-14.278358
1173.732989	-14.281338
1174.192703	-14.262452
1174.652778	-14.236226
1175.113213	-14.231941
1175.574009	-14.218499
1176.035167	-14.198216
1176.496687	-14.187938
1176.958569	-14.174989
1177.420814	-14.162107
1177.883422	-14.149429
1178.346394	-14.134084
1178.809730	-14.127477
1179.273430	-14.114758
1179.737496	-14.095422
1180.201927	-14.093601
1180.666723	-14.082609
1181.131886	-14.058664
1181.597416	-14.060761
1182.063312	-14.053250
1182.529576	-14.023365
1182.996209	-14.027198
1183.463209	-14.025270
1183.930579	-13.989379
1184.398317	-13.992176
1184.866426	-13.997838
1185.334904	-13.957446
1185.803754	-13.955601
1186.272974	-13.968999
1186.742566	-13.926900
1187.212529	-13.917508
1187.682865	-13.937302
1188.153574	-13.897513
1188.624656	-13.879735
1189.096112	-13.902470
1189.567942	-13.867695
1190.040147	-13.842710
1190.512726	-13.864563
1190.985681	-13.835682
1191.459012	-13.806942
1191.932720	-13.825974
1192.406804	-13.801214
1192.881265	-13.770997
1193.356104	-13.787077
1193.831322	-13.764226
1194.306918	-13.733759
1194.782893	-13.748739
1195.259248	-13.726587
1195.735982	-13.694897
1196.213097	-13.709890
1196.690593	-13.688449
1197.168471	-13.654197
1197.646730	-13.670107
1198.125371	-13.651097
1198.604395	-13.612871
1199.083803	-13.628401
1199.563594	-13.613476
1200.043769	-13.571214
1200.524329	-13.584499
1201.005273	-13.575328
1201.486604	-13.530574
1201.968320	-13.539201
1202.450422	-13.535378
1202.932912	-13.490571
1203.415789	-13.493716
1203.899054	-13.494024
1204.382707	-13.451284
1204.866748	-13.449328
1205.351179	-13.452094
1205.836000	-13.412314
1206.321211	-13.406389
1206.806812	-13.410839
1207.292805	-13.374418
1207.779189	-13.365536
1208.265965	-13.371332
1208.753134	-13.338375
1209.240696	-13.326998
1209.728651	-13.334016
1210.217000	-13.304997
1210.705744	-13.291647
1211.194883	-13.299534
1211.684417	-13.274769
1212.174347	-13.259820
1212.664673	-13.268033
1213.155396	-13.247953
1213.646516	-13.232151
1214.138034	-13.239965
1214.629951	-13.224503
1215.122266	-13.208482
1215.614980	-13.215036
1216.108095	-13.203827
1216.601609	-13.188542
1217.095524	-13.193236
1217.589841	-13.185205
1218.084559	-13.171352
1218.579679	-13.174132
1219.075202	-13.168200
1219.571128	-13.156024
1220.067458	-13.157114
1220.564191	-13.152155
1221.061330	-13.141351
1221.558874	-13.141287
1222.056823	-13.136586
1222.555178	-13.126449
1223.053940	-13.125445
1223.553109	-13.120617
1224.052686	-13.110485
1224.552671	-13.108753
1225.053065	-13.103450
1225.553867	-13.092416
1226.055079	-13.090025
1226.556702	-13.084305
1227.058735	-13.071885
1227.561179	-13.068895
1228.064035	-13.062582
1228.567303	-13.048246
1229.070983	-13.044766
1229.575077	-13.037839
1230.079585	-13.021298
1230.584506	-13.017349
1231.089842	-13.009416
1231.595594	-12.990483
1232.101761	-12.986336
1232.608345	-12.977196
1233.115345	-12.955936
1233.622762	-12.951742
1234.130597	-12.940917
1234.638851	-12.917664
1235.147523	-12.913733
1235.656615	-12.900840
1236.166126	-12.876139
1236.676058	-12.872447
1237.186411	-12.856826
1237.697185	-12.831487
1238.208381	-12.828120
1238.719999	-12.809277
1239.232040	-12.784228
1239.744505	-12.780844
1240.257394	-12.758372
1240.770708	-12.734772
1241.284446	-12.731057
1241.798610	-12.705015
1242.313201	-12.683890
1242.828218	-12.678949
1243.343662	-12.649772
1243.859534	-12.632138
1244.375834	-12.624969
1244.892563	-12.593547
1245.409721	-12.579951
1245.927309	-12.569422
1246.445327	-12.537458
1246.963777	-12.528240
1247.482657	-12.513546
1248.001970	-12.483065
1248.521716	-12.477689
1249.041894	-12.458449
1249.562506	-12.431933
1250.083553	-12.429285
1250.605034	-12.405681
1251.126950	-12.385164
1251.649302	-12.383342
1252.172091	-12.356663
1252.695316	-12.343752
1253.218979	-12.340474
1253.743079	-12.312781
1254.267619	-12.307868
1254.792597	-12.301061
1255.318015	-12.275359
1255.843874	-12.277393
1256.370173	-12.265431
1256.896913	-12.244895
1257.424095	-12.251399
1257.951720	-12.234133
1258.479787	-12.221550
1259.008298	-12.228875
1259.537254	-12.207941
1260.066654	-12.204879
1260.596499	-12.209217
1261.126790	-12.188004
1261.657527	-12.194055
1262.188711	-12.192470
1262.720342	-12.175389
1263.252422	-12.187702
1263.784950	-12.179191
1264.317928	-12.170487
1264.851355	-12.184468
1265.385232	-12.170683
1265.919560	-12.172635
1266.454340	-12.183201
1266.989572	-12.168696
1267.525256	-12.180731
1268.061394	-12.183913
1268.597985	-12.174300
1269.135031	-12.192465
1269.672531	-12.187580
1270.210487	-12.187697
1270.748899	-12.205487
1271.287768	-12.195607
1271.827094	-12.207347
1272.366877	-12.218722
1272.907119	-12.210240
1273.447820	-12.230753
1273.988981	-12.232377
1274.530601	-12.232210
1275.072683	-12.254791
1275.615226	-12.248410
1276.158230	-12.260125
1276.701697	-12.276522
1277.245627	-12.268741
1277.790021	-12.290539
1278.334879	-12.295470
1278.880202	-12.294356
1279.425991	-12.318863
1279.972245	-12.313496
1280.518966	-12.324347
1281.066155	-12.341886
1281.613811	-12.333388
1282.161936	-12.354490
1282.710529	-12.358965
1283.259593	-12.356927
1283.809126	-12.379692
1284.359131	-12.372654
1284.909607	-12.382772
1285.460555	-12.396704
1286.011976	-12.387172
1286.563870	-12.406539
1287.116237	-12.406023
1287.669080	-12.404511
1288.222397	-12.422686
1288.776191	-12.411579
1289.330460	-12.422222
1289.885207	-12.428349
1290.440431	-12.417988
1290.996133	-12.434912
1291.552314	-12.426247
1292.108975	-12.426672
1292.666115	-12.437314
1293.223737	-12.421954
1293.781839	-12.433239
1294.340424	-12.428683
1294.899491	-12.419293
1295.459041	-12.430838
1296.019075	-12.413893
1296.579593	-12.416872
1297.140597	-12.416073
1297.702086	-12.399382
1298.264061	-12.408368
1298.826524	-12.392333
1299.389474	-12.386797
1299.952912	-12.387913
1300.516839	-12.366662
1301.081255	-12.370851
1301.646162	-12.356354
1302.211559	-12.343682
1302.777448	-12.344914
1303.343829	-12.321468
1303.910702	-12.320695
1304.478069	-12.307743
1305.045930	-12.289826
1305.614285	-12.290043
1306.183136	-12.265712
1306.752483	-12.260353
1307.322326	-12.248518
1307.892666	-12.227114
1308.463504	-12.226032
1309.034841	-12.202017
1309.606677	-12.193293
1310.179012	-12.182480
1310.751849	-12.159397
1311.325186	-12.157003
1311.899025	-12.133566
1312.473366	-12.122630
1313.048211	-12.112296
1313.623559	-12.088791
1314.199412	-12.085531
1314.775770	-12.063014
1315.352634	-12.051300
1315.930004	-12.041196
1316.507881	-12.017981
1317.086266	-12.014136
1317.665159	-11.992188
1318.244562	-11.980501
1318.824474	-11.970286
1319.404897	-11.948091
1319.985831	-11.944270
1320.567276	-11.923073
1321.149234	-11.912509
1321.731706	-11.902083
1322.314691	-11.881430
1322.898190	-11.877803
1323.482205	-11.857196
1324.066736	-11.848483
1324.651783	-11.837916
1325.237347	-11.819724
1325.823430	-11.816672
1326.410031	-11.797062
1326.997151	-11.790689
1327.584791	-11.779537
1328.172952	-11.764190
1328.761634	-11.761352
1329.350839	-11.742929
1329.940566	-11.739115
1330.530817	-11.727400
1331.121592	-11.715625
1331.712891	-11.712572
1332.304716	-11.695833
1332.897068	-11.694145
1333.489946	-11.681555
1334.083352	-11.673606
1334.677287	-11.669633
1335.271750	-11.655566
1335.866744	-11.655550
1336.462268	-11.642595
1337.058323	-11.638641
1337.654910	-11.632994
1338.252029	-11.622341
1338.849682	-11.622707
1339.447869	-11.610156
1340.046591	-11.609848
1340.645848	-11.602414
1341.245641	-11.596189
1341.845972	-11.595655
1342.446840	-11.584884
1343.048246	-11.586752
1343.650191	-11.577746
1344.252677	-11.576033
1344.855702	-11.573410
1345.459269	-11.566116
1346.063379	-11.568496
1346.668030	-11.559397
1347.273226	-11.561339
1347.878965	-11.556048
1348.485250	-11.553081
1349.092080	-11.553720
1349.699456	-11.546524
1350.307380	-11.550196
1350.915851	-11.543344
1351.524871	-11.544818
1352.134441	-11.542466
1352.744560	-11.539054
1353.355231	-11.541711
1353.966453	-11.535442
1354.578227	-11.539569
1355.190555	-11.534705
1355.803436	-11.535977
1356.416872	-11.535714
1357.030863	-11.532667
1357.645411	-11.536430
1358.260515	-11.531234
1358.876177	-11.535629
1359.492397	-11.532272
1360.109176	-11.533866
1360.726516	-11.534696
1361.344416	-11.532319
1361.962877	-11.536445
1362.581901	-11.532248
1363.201487	-11.536850
1363.821637	-11.534182
1364.442352	-11.536224
1365.063632	-11.537123
1365.685478	-11.535762
1366.307891	-11.539799
1366.930871	-11.536494
1367.554420	-11.541225
1368.178538	-11.538738
1368.803226	-11.541770
1369.428485	-11.542430
1370.054315	-11.542519
1370.680717	-11.546209
1371.307693	-11.544045
1371.935242	-11.549099
1372.563366	-11.546953
1373.192065	-11.551097
1373.821341	-11.550989
1374.451193	-11.552651
1375.081623	-11.555363
1375.712632	-11.554473
1376.344221	-11.558917
1376.976389	-11.556777
1377.609139	-11.561336
1378.242470	-11.560178
1378.876384	-11.563192
1379.510881	-11.564115
1380.145963	-11.564591
1380.781629	-11.567629
1381.417881	-11.566281
1382.054720	-11.570521
1382.692147	-11.568785
1383.330161	-11.572906
1383.968765	-11.572450
1384.607959	-11.575158
1385.247743	-11.576571
1385.888119	-11.577310
1386.529087	-11.580652
1387.170648	-11.580184
1387.812804	-11.584717
1388.455554	-11.583832
1389.098899	-11.588178
1389.742842	-11.588013
1390.387381	-11.591304
1391.032519	-11.592701
1391.678256	-11.594619
1392.324592	-11.597955
1392.971529	-11.598733
1393.619068	-11.603294
1394.267208	-11.603134
1394.915952	-11.607917
1395.565300	-11.607966
1396.215253	-11.612326
1396.865812	-11.613226
1397.516977	-11.616366
1398.168749	-11.618468
1398.821130	-11.620255
1399.474120	-11.623587
1400.127719	-11.624330
1400.781930	-11.628818
1401.436752	-11.629296
1402.092186	-11.634123
1402.748234	-11.634493
1403.404897	-11.638874
1404.062174	-11.639869
1404.720067	-11.643547
1405.378577	-11.645566
1406.037705	-11.648339
1406.697451	-11.651546
1407.357817	-11.653486
1408.018803	-11.657684
1408.680410	-11.659219
1409.342639	-11.664556
1410.005492	-11.666326
1410.668968	-11.672123
1411.333068	-11.674021
1411.997795	-11.679606
1412.663147	-11.682078
1413.329127	-11.687276
1413.995736	-11.690656
1414.662973	-11.695503
1415.330840	-11.700011
1415.999339	-11.704336
1416.668469	-11.709917
1417.338232	-11.714336
1418.008628	-11.721492
1418.679659	-11.726292
1419.351325	-11.734269
1420.023628	-11.739076
1420.696568	-11.747318
1421.370145	-11.752189
1422.044362	-11.760449
1422.719219	-11.765727
1423.394717	-11.773747
1424.070856	-11.779258
1424.747638	-11.786896
1425.425064	-11.793460
1426.103134	-11.801749
1426.781850	-11.810064
1427.461212	-11.818973
1428.141221	-11.828763
1428.821878	-11.838126
1429.503185	-11.849098
1430.185141	-11.858808
1430.867749	-11.870503
1431.551008	-11.879750
1432.234920	-11.890801
1432.919486	-11.898956
1433.604707	-11.909451
1434.290583	-11.917274
1434.977116	-11.927696
1435.664307	-11.935826
1436.352156	-11.946889
1437.040664	-11.956349
1437.729833	-11.968982
1438.419663	-11.980852
1439.110156	-11.995535
1439.801312	-12.009225
1440.493132	-12.024565
1441.185617	-12.038694
1441.878768	-12.053312
1442.572586	-12.066290
1443.267072	-12.078542
1443.962228	-12.088903
1444.658053	-12.097656
1445.354549	-12.105067
1446.051717	-12.111281
1446.749558	-12.117616
1447.448073	-12.123365
1448.147263	-12.130536
1448.847128	-12.137947
1449.547671	-12.148135
1450.248891	-12.159150
1450.950789	-12.173582
1451.653368	-12.188290
1452.356627	-12.205497
1453.060568	-12.221521
1453.765192	-12.238974
1454.470500	-12.253620
1455.176492	-12.267797
1455.883170	-12.277140
1456.590534	-12.284659
1457.298586	-12.286567
1458.007327	-12.286645
1458.716758	-12.281772
1459.426880	-12.276090
1460.137693	-12.266973
1460.849199	-12.259315
1461.561398	-12.251096
1462.274293	-12.246977
1462.987883	-12.244639
1463.702170	-12.248226
1464.417155	-12.254949
1465.132838	-12.268271
1465.849222	-12.284902
1466.566306	-12.307249
1467.284093	-12.331007
1468.002582	-12.357700
1468.721775	-12.382978
1469.441674	-12.407952
1470.162278	-12.428486
1470.883590	-12.445552
1471.605609	-12.455546
1472.328338	-12.459877
1473.051777	-12.456620
1473.775928	-12.448006
1474.500790	-12.433155
1475.226367	-12.414658
1475.952657	-12.393077
1476.679663	-12.371573
1477.407386	-12.351843
1478.135826	-12.336902
1478.864985	-12.328420
1479.594863	-12.328601
1480.325463	-12.339416
1481.056784	-12.362120
1481.788828	-12.397621
1482.521597	-12.445118
1483.255090	-12.504524
1483.989309	-12.573179
1484.724256	-12.649934
1485.459931	-12.729962
1486.196336	-12.810557
1486.933471	-12.884928
1487.671337	-12.950096
1488.409937	-12.998628
1489.149270	-13.028043
1489.889337	-13.031768
1490.630141	-13.009683
1491.371682	-12.958441
1492.113961	-12.882194
1492.856979	-12.781894
1493.600738	-12.664810
1494.345238	-12.535323
1495.090481	-12.402610
1495.836467	-12.272665
1496.583198	-12.153805
1497.330675	-12.051506
1498.078899	-11.971158
1498.827872	-11.916771
1499.577593	-11.890547
1500.328065	-11.894061
1501.079289	-11.925180
1501.831265	-11.982874
1502.583995	-12.060697
1503.337480	-12.154781
1504.091721	-12.254833
1504.846719	-12.353898
1505.602475	-12.439160
1506.358991	-12.502969
1507.116268	-12.533884
1507.874306	-12.526537
1508.633108	-12.475272
1509.392673	-12.379172
1510.153004	-12.240264
1510.914101	-12.062487
1511.675965	-11.853201
1512.438599	-11.617399
1513.202002	-11.364296
1513.966176	-11.098255
1514.731122	-10.828217
1515.496842	-10.557810
1516.263336	-10.293917
1517.030607	-10.040205
1517.798654	-9.802807
1518.567479	-9.585916
1519.337083	-9.394015
1520.107468	-9.232022
1520.878634	-9.103284
1521.650584	-9.013564
1522.423317	-8.964868
1523.196836	-8.962210
1523.971141	-9.007167
1524.746233	-9.103939
1525.522115	-9.252863
1526.298786	-9.456199
1527.076249	-9.712459
1527.854504	-10.020497
1528.633553	-10.375543
1529.413397	-10.769089
1530.194037	-11.189214
1530.975474	-11.616382
1531.757709	-12.027037
1532.540745	-12.389745
1533.324581	-12.674190
1534.109220	-12.852448
1534.894662	-12.912723
1535.680909	-12.856852
1536.467961	-12.707596
1537.255821	-12.494215
1538.044489	-12.253203
1538.833967	-12.014288
1539.624256	-11.804439
1540.415357	-11.642980
1541.207271	-11.544785
1542.000000	-11.520418
1542.793545	-11.577435
1543.587907	-11.722500
1544.383087	-11.960185
1545.179088	-12.295415
1545.975909	-12.731201
1546.773552	-13.272463
1547.572019	-13.919219
1548.371311	-14.671868
1549.171428	-15.518959
1549.972373	-16.437623
1550.774147	-17.372794
1551.576751	-18.225090
1552.380185	-18.847321
1553.184453	-19.085738
1553.989554	-18.881112
1554.795490	-18.307633
1555.602263	-17.521528
1556.409873	-16.659181
1557.218322	-15.811346
1558.027612	-15.021442
1558.837743	-14.309562
1559.648717	-13.679411
1560.460536	-13.129639
1561.273200	-12.654879
1562.086710	-12.249595
1562.901069	-11.908204
1563.716278	-11.624670
1564.532337	-11.395064
1565.349249	-11.214123
1566.167014	-11.079295
1566.985634	-10.986395
1567.805111	-10.933242
1568.625444	-10.917611
1569.446637	-10.936868
1570.268690	-10.990276
1571.091605	-11.074976
1571.915382	-11.190499
1572.740024	-11.334389
1573.565532	-11.505061
1574.391907	-11.701035
1575.219150	-11.919149
1576.047262	-12.158224
1576.876246	-12.414365
1577.706103	-12.685067
1578.536833	-12.966513
1579.368439	-13.254399
1580.200922	-13.545140
1581.034282	-13.832917
1581.868522	-14.113593
1582.703643	-14.381490
1583.539646	-14.631661
1584.376532	-14.859158
1585.214304	-15.059080
1586.052962	-15.228003
1586.892508	-15.362615
1587.732943	-15.461217
1588.574269	-15.522803
1589.416487	-15.548421
1590.259599	-15.539362
1591.103605	-15.498663
1591.948508	-15.429266
1592.794309	-15.335679
1593.641009	-15.222098
1594.488609	-15.091796
1595.337112	-14.949949
1596.186518	-14.798950
1597.036829	-14.642973
1597.888047	-14.483291
1598.740172	-14.322695
1599.593207	-14.162926
1600.447153	-14.003964
1601.302010	-13.847782
1602.157782	-13.693528
1603.014469	-13.542879
1603.872072	-13.394652
1604.730593	-13.249800
1605.590034	-13.108454
1606.450397	-12.970816
1607.311681	-12.837653
1608.173890	-12.709243
1609.037024	-12.587173
1609.901085	-12.471852
1610.766075	-12.364301
1611.631995	-12.265378
1612.498846	-12.176575
1613.366630	-12.096823
1614.235349	-12.028045
1615.105004	-11.968959
1615.975596	-11.919997
1616.847128	-11.879947
1617.719600	-11.847896
1618.593014	-11.823493
1619.467372	-11.804434
1620.342675	-11.789858
1621.218924	-11.778663
1622.096122	-11.769132
1622.974270	-11.759750
1623.853369	-11.750361
1624.733420	-11.738880
1625.614427	-11.725844
1626.496389	-11.709564
1627.379308	-11.691065
1628.263187	-11.669651
1629.148026	-11.645906
1630.033828	-11.620308
1630.920593	-11.594235
1631.808324	-11.567175
1632.697022	-11.541417
1633.586688	-11.516766
1634.477324	-11.494651
1635.368932	-11.474966
1636.261514	-11.458824
1637.155070	-11.445887
1638.049602	-11.436618
1638.945113	-11.430113
1639.841603	-11.427291
1640.739075	-11.426288
1641.637529	-11.427483
1642.536968	-11.429924
1643.437393	-11.433233
1644.338806	-11.436157
1645.241209	-11.439435
1646.144602	-11.441443
1647.048988	-11.442818
1647.954368	-11.442697
1648.860744	-11.441939
1649.768118	-11.439490
1650.676491	-11.436614
1651.585865	-11.432629
1652.496241	-11.428822
1653.407621	-11.424475
1654.320008	-11.421353
1655.233401	-11.418509
1656.147804	-11.417258
1657.063218	-11.416882
1657.979645	-11.418408
1658.897085	-11.420688
1659.815542	-11.424779
1660.735016	-11.429609
1661.655509	-11.435487
1662.577023	-11.441590
1663.499560	-11.447939
1664.423121	-11.454078
1665.347709	-11.459796
1666.273324	-11.465323
1667.199969	-11.470233
1668.127645	-11.475083
1669.056353	-11.479202
1669.986097	-11.484030
1670.916877	-11.488359
1671.848695	-11.493824
1672.781553	-11.499670
1673.715452	-11.506713
1674.650395	-11.514214
1675.586383	-11.522989
1676.523418	-11.532083
1677.461501	-11.541855
1678.400635	-11.552597
1679.340821	-11.563374
1680.282061	-11.575150
1681.224357	-11.586884
1682.167710	-11.599475
1683.112122	-11.611907
1684.057595	-11.625493
1685.004132	-11.639168
1685.951732	-11.653639
1686.900400	-11.668911
1687.850135	-11.684381
1688.800940	-11.700906
1689.752818	-11.717689
1690.705768	-11.735570
1691.659795	-11.753629
1692.614898	-11.772910
1693.571081	-11.792532
1694.528345	-11.812681
1695.486691	-11.833924
1696.446122	-11.855152
1697.406640	-11.877510
1698.368245	-11.899942
1699.330941	-11.923227
1700.294729	-11.946836
1701.259611	-11.970876
1702.225588	-11.995767
1703.192664	-12.020515
1704.160838	-12.046428
1705.130114	-12.072334
1706.100493	-12.099003
1707.071977	-12.126312
1708.044568	-12.153655
1709.018268	-12.181923
1709.993079	-12.209838
1710.969003	-12.238370
1711.946041	-12.266788
1712.924196	-12.295156
1713.903469	-12.324032
1714.883862	-12.352432
1715.865378	-12.381678
1716.848017	-12.410788
1717.831783	-12.440111
1718.816677	-12.470158
1719.802701	-12.499729
1720.789857	-12.530073
1721.778147	-12.560304
1722.767573	-12.590434
1723.758136	-12.621094
1724.749840	-12.651352
1725.742685	-12.682190
1726.736673	-12.713367
1727.731808	-12.744580
1728.728090	-12.776875
1729.725521	-12.809178
1730.724105	-12.842136
1731.723842	-12.875810
1732.724735	-12.909232
1733.726785	-12.943614
1734.729995	-12.977889
1735.734366	-13.012348
1736.739902	-13.047567
1737.746603	-13.082546
1738.754472	-13.118257
1739.763510	-13.154294
1740.773721	-13.190175
1741.785105	-13.226810
1742.797665	-13.263327
1743.811403	-13.299733
1744.826321	-13.336833
1745.842422	-13.373417
1746.859706	-13.410194
1747.878177	-13.447277
1748.897835	-13.483754
1749.918685	-13.520636
1750.940726	-13.557526
1751.963963	-13.594037
1752.988395	-13.631216
1754.014027	-13.668466
1755.040860	-13.705604
1756.068895	-13.743616
1757.098135	-13.781601
1758.128583	-13.819624
1759.160240	-13.858629
1760.193109	-13.897351
1761.227191	-13.936290
1762.262488	-13.975834
1763.299004	-14.014888
1764.336740	-14.054160
1765.375697	-14.093901
1766.415880	-14.133338
1767.457288	-14.172866
1768.499926	-14.212591
1769.543794	-14.251798
1770.588895	-14.290499
1771.635231	-14.329322
1772.682805	-14.367417
1773.731619	-14.404807
1774.781674	-14.442315
1775.832973	-14.478762
1776.885519	-14.514421
1777.939312	-14.549928
1778.994357	-14.584521
1780.050654	-14.618323
1781.108207	-14.651731
1782.167017	-14.684740
1783.227087	-14.716517
1784.288418	-14.748006
1785.351013	-14.779177
1786.414875	-14.809046
1787.480006	-14.838668
1788.546407	-14.868525
1789.614082	-14.897481
1790.683032	-14.926286
1791.753259	-14.955027
1792.824767	-14.983215
1793.897557	-15.010456
1794.971632	-15.038037
1796.046994	-15.065572
1797.123645	-15.092491
1798.201588	-15.119454
1799.280824	-15.146538
1800.361357	-15.172507
1801.443188	-15.197917
1802.526320	-15.223221
1803.610756	-15.247919
1804.696497	-15.271760
1805.783546	-15.295478
1806.871906	-15.318430
1807.961578	-15.340545
1809.052565	-15.361887
1810.144870	-15.382597
1811.238494	-15.402606
1812.333441	-15.422245
1813.429713	-15.440947
1814.527311	-15.459052
1815.626239	-15.476288
1816.726499	-15.492435
1817.828094	-15.507216
1818.931025	-15.521387
1820.035295	-15.534941
1821.140906	-15.547589
1822.247862	-15.559186
1823.356165	-15.570182
1824.465816	-15.580423
1825.576819	-15.588861
1826.689175	-15.595426
1827.802888	-15.601295
1828.917960	-15.605596
1830.034394	-15.608222
1831.152191	-15.610040
1832.271354	-15.611623
1833.391887	-15.612166
1834.513790	-15.611346
1835.637068	-15.610085
1836.761722	-15.607181
1837.887755	-15.602596
1839.015169	-15.596575
1840.143968	-15.589861
1841.274153	-15.582585
1842.405727	-15.575012
1843.538693	-15.567653
1844.673053	-15.559818
1845.808810	-15.550928
1846.945966	-15.540730
1848.084525	-15.529361
1849.224488	-15.517768
1850.365858	-15.505351
1851.508638	-15.492555
1852.652831	-15.479474
1853.798438	-15.466817
1854.945463	-15.453245
1856.093909	-15.438216
1857.243777	-15.422625
1858.395071	-15.406733
1859.547794	-15.390053
1860.701947	-15.371779
1861.857533	-15.353085
1863.014556	-15.334045
1864.173018	-15.313987
1865.332922	-15.293470
1866.494270	-15.273148
1867.657065	-15.253001
1868.821309	-15.231266
1869.987006	-15.207869
1871.154158	-15.184420
1872.322768	-15.161526
1873.492839	-15.139315
1874.664373	-15.116836
1875.837373	-15.094493
1877.011841	-15.072239
1878.187782	-15.049321
1879.365197	-15.025746
1880.544089	-15.001147
1881.724460	-14.976327
1882.906315	-14.951549
1884.089655	-14.927046
1885.274483	-14.902489
1886.460803	-14.877501
1887.648616	-14.851624
1888.837927	-14.825203
1890.028736	-14.798030
1891.221049	-14.770287
1892.414866	-14.742164
1893.610192	-14.714473
1894.807028	-14.687594
1896.005379	-14.660987
1897.205246	-14.633392
1898.406633	-14.604825
1899.609542	-14.575647
1900.813977	-14.546768
1902.019940	-14.517985
1903.227434	-14.488880
1904.436462	-14.459677
1905.647028	-14.430483
1906.859133	-14.401105
1908.072781	-14.371162
1909.287976	-14.340216
1910.504719	-14.309250
1911.723013	-14.279124
1912.942863	-14.250125
1914.164270	-14.221387
1915.387238	-14.192241
1916.611770	-14.162367
1917.837868	-14.132570
1919.065536	-14.103444
1920.294777	-14.074461
1921.525594	-14.046265
1922.757989	-14.018213
1923.991967	-13.991064
1925.227529	-13.965061
1926.464679	-13.939080
1927.703420	-13.912714
1928.943755	-13.885083
1930.185688	-13.856563
1931.429221	-13.828468
1932.674356	-13.801785
1933.921099	-13.777160
1935.169451	-13.754217
1936.419415	-13.731739
1937.670996	-13.709255
1938.924195	-13.686557
1940.179017	-13.663867
1941.435463	-13.641325
1942.693538	-13.618587
1943.953245	-13.595618
1945.214586	-13.571944
1946.477566	-13.547854
1947.742186	-13.523339
1949.008451	-13.499078
1950.276363	-13.475318
1951.545926	-13.452102
1952.817143	-13.429686
1954.090017	-13.407963
1955.364551	-13.386894
1956.640749	-13.365826
1957.918615	-13.344201
1959.198150	-13.321682
1960.479359	-13.298743
1961.762244	-13.275769
1963.046810	-13.253131
1964.333059	-13.230777
1965.620995	-13.207902
1966.910621	-13.184256
1968.201940	-13.159637
1969.494956	-13.134942
1970.789672	-13.110683
1972.086091	-13.087339
1973.384217	-13.064625
1974.684053	-13.041972
1975.985602	-13.019234
1977.288869	-12.996464
1978.593855	-12.974627
1979.900566	-12.953815
1981.209003	-12.934417
1982.519171	-12.916436
1983.831073	-12.899210
1985.144712	-12.882581
1986.460093	-12.865756
1987.777217	-12.848679
1989.096089	-12.832046
1990.416713	-12.816401
1991.739092	-12.802492
1993.063228	-12.790305
1994.389127	-12.779216
1995.716791	-12.768298
1997.046223	-12.757450
1998.377428	-12.746773
1999.710409	-12.736823
2001.045169	-12.727841
2002.381713	-12.718829
2003.720043	-12.709309
2005.060163	-12.698938
2006.402077	-12.687738
2007.745788	-12.676613
2009.091301	-12.665739
2010.438618	-12.655143
2011.787743	-12.644555
2013.138680	-12.633450
2014.491433	-12.621927
2015.846005	-12.609800
2017.202399	-12.597229
2018.560621	-12.584549
2019.920673	-12.572212
2021.282558	-12.560440
2022.646281	-12.548933
2024.011846	-12.537442
2025.379256	-12.525953
2026.748515	-12.515296
2028.119626	-12.506583
2029.492594	-12.499999
2030.867422	-12.494751
2032.244114	-12.489530
2033.622673	-12.483673
2035.003104	-12.477437
2036.385411	-12.471334
2037.769597	-12.466029
2039.155665	-12.461120
2040.543621	-12.456005
2041.933467	-12.450451
2043.325208	-12.444530
2044.718847	-12.439065
2046.114389	-12.434851
2047.511837	-12.432490
2048.911195	-12.432264
2050.312467	-12.433605
2051.715657	-12.435710
2053.120769	-12.437457
2054.527807	-12.438488
2055.936775	-12.439475
2057.347677	-12.441293
2058.760516	-12.444566
2060.175297	-12.448533
2061.592025	-12.452361
2063.010701	-12.455831
2064.431332	-12.459087
2065.853921	-12.462537
2067.278472	-12.466087
2068.704988	-12.469225
2070.133475	-12.471562
2071.563936	-12.473083
2072.996375	-12.474235
2074.430796	-12.475301
2075.867204	-12.476752
2077.305603	-12.479108
2078.745996	-12.482062
2080.188389	-12.484837
2081.632784	-12.486428
2083.079187	-12.486623
2084.527601	-12.486533
2085.978030	-12.487430
2087.430480	-12.489942
2088.884954	-12.493231
2090.341455	-12.496162
2091.799990	-12.498813
2093.260561	-12.502064
2094.723173	-12.507073
2096.187831	-12.514366
2097.654538	-12.523598
2099.123300	-12.533941
2100.594119	-12.544417
2102.067001	-12.555063
2103.541950	-12.566946
2105.018971	-12.580909
2106.498067	-12.597045
2107.979243	-12.614530
2109.462503	-12.632320
2110.947853	-12.650070
2112.435295	-12.668318
2113.924836	-12.687574
2115.416478	-12.707407
2116.910227	-12.726760
2118.406087	-12.745109
2119.904063	-12.763120
2121.404158	-12.781579
2122.906378	-12.800627
2124.410727	-12.819950
2125.917210	-12.839429
2127.425831	-12.859026
2128.936594	-12.878080
2130.449505	-12.896158
2131.964567	-12.914034
2133.481786	-12.932806
2135.001166	-12.952585
2136.522711	-12.972485
2138.046427	-12.991757
2139.572317	-13.010579
2141.100388	-13.029344
2142.630642	-13.048132
2144.163085	-13.067174
2145.697722	-13.087301
2147.234558	-13.108963
2148.773596	-13.131365
2150.314842	-13.153582
2151.858301	-13.176027
2153.403977	-13.199412
2154.951875	-13.223744
2156.502000	-13.248694
2158.054357	-13.274776
2159.608950	-13.302750
2161.165785	-13.332316
2162.724866	-13.362597
2164.286198	-13.393477
2165.849786	-13.425421
2167.415635	-13.458842
2168.983749	-13.494102
2170.554134	-13.531745
2172.126795	-13.572223
2173.701737	-13.614792
2175.278964	-13.656956
2176.858481	-13.696055
2178.440294	-13.731193
2180.024408	-13.763631
2181.610827	-13.794912
2183.199557	-13.826340
2184.790602	-13.860450
2186.383968	-13.900409
2187.979660	-13.947292
2189.577683	-13.999594
2191.178041	-14.055129
2192.780741	-14.111298
2194.385787	-14.164205
2195.993185	-14.210859
2197.602939	-14.251732
2199.215054	-14.288834
2200.829537	-14.322973
2202.446392	-14.354517
2204.065624	-14.385684
2205.687239	-14.420012
2207.311242	-14.459630
2208.937638	-14.504684
2210.566433	-14.554539
2212.197631	-14.607474
2213.831239	-14.661219
2215.467261	-14.715479
2217.105703	-14.770556
2218.746570	-14.824425
2220.389867	-14.874959
2222.035601	-14.922171
2223.683776	-14.968599
2225.334398	-15.017761
2226.987472	-15.068892
2228.643004	-15.118510
2230.300999	-15.169403
2231.961463	-15.226576
2233.624402	-15.288791
2235.289820	-15.353677
2236.957723	-15.421791
2238.628118	-15.493820
2240.301009	-15.569091
2241.976402	-15.646602
2243.654303	-15.726812
2245.334717	-15.809097
2247.017650	-15.891428
2248.703108	-15.974052
2250.391096	-16.058006
2252.081620	-16.141646
2253.774686	-16.220438
2255.470300	-16.294037
2257.168467	-16.366843
2258.869193	-16.438274
2260.572484	-16.504980
2262.278345	-16.566568
2263.986783	-16.626553
2265.697804	-16.686778
2267.411412	-16.746111
2269.127615	-16.808724
2270.846417	-16.874713
2272.567826	-16.941897
2274.291846	-17.012290
2276.018484	-17.086826
2277.747745	-17.165320
2279.479637	-17.242074
2281.214164	-17.316957
2282.951333	-17.393300
2284.691149	-17.470257
2286.433619	-17.545470
2288.178750	-17.619046
2289.926546	-17.698292
2291.677014	-17.788025
2293.430161	-17.890079
2295.185992	-18.000153
2296.944513	-18.117407
2298.705732	-18.242481
2300.469653	-18.373599
2302.236283	-18.504003
2304.005629	-18.624470
2305.777696	-18.734052
2307.552492	-18.836221
2309.330022	-18.932716
2311.110292	-19.022021
2312.893310	-19.107924
2314.679080	-19.196649
2316.467611	-19.293948
2318.258907	-19.398416
2320.052976	-19.506950
2321.849824	-19.613143
2323.649457	-19.716460
2325.451883	-19.816248
2327.257106	-19.912796
2329.065135	-20.003877
2330.875975	-20.093164
2332.689633	-20.185593
2334.506116	-20.284194
2336.325430	-20.384774
2338.147581	-20.485126
2339.972578	-20.587968
2341.800425	-20.698473
2343.631130	-20.813261
2345.464700	-20.927192
2347.301141	-21.043294
2349.140461	-21.167890
2350.982665	-21.300373
2352.827760	-21.433532
2354.675754	-21.566058
2356.526653	-21.700473
2358.380464	-21.839979
2360.237195	-21.979008
2362.096851	-22.116629
2363.959440	-22.253423
2365.824968	-22.392651
2367.693444	-22.535001
2369.564873	-22.676633
2371.439263	-22.813488
2373.316620	-22.947057
2375.196953	-23.086697
2377.080267	-23.224840
2378.966570	-23.355150
2380.855869	-23.483643
2382.748171	-23.617399
2384.643484	-23.749926
2386.541815	-23.871862
2388.443170	-23.992909
2390.347557	-24.118770
2392.254984	-24.242240
2394.165457	-24.357695
2396.078984	-24.470862
2397.995572	-24.588959
2399.915229	-24.706374
2401.837961	-24.821871
2403.763777	-24.940565
2405.692684	-25.064951
2407.624689	-25.195688
2409.559800	-25.329890
2411.498023	-25.470890
2413.439368	-25.624287
2415.383840	-25.787332
2417.331449	-25.956928
2419.282201	-26.127997
2421.236104	-26.300672
2423.193165	-26.483795
2425.153393	-26.665518
2427.116795	-26.838131
2429.083378	-27.018111
2431.053151	-27.200052
2433.026121	-27.371591
2435.002297	-27.544223
2436.981685	-27.719979
2438.964293	-27.888159
2440.950131	-28.055252
2442.939204	-28.224103
2444.931522	-28.384195
2446.927092	-28.542151
2448.925923	-28.699226
2450.928022	-28.843468
2452.933397	-28.988741
2454.942056	-29.136079
2456.954008	-29.259815
2458.969260	-29.374994
2460.987821	-29.503511
2463.009699	-29.619568
2465.034902	-29.727286
2467.063437	-29.847798
2469.095315	-29.963858
2471.130542	-30.081356
2473.169127	-30.213839
2475.211078	-30.348288
2477.256404	-30.496308
2479.305112	-30.668231
2481.357212	-30.852904
2483.412713	-31.055491
2485.471621	-31.269466
2487.533946	-31.480850
2489.599696	-31.713317
2491.668880	-31.958688
2493.741507	-32.187397
2495.817585	-32.421373
2497.897122	-32.654306
2499.980127	-32.870903
2502.066609	-33.098704
2504.156578	-33.325965
2506.250040	-33.530138
2508.347006	-33.733835
2510.447483	-33.927837
2512.551482	-34.113476
2514.659010	-34.304074
2516.770076	-34.472141
2518.884690	-34.623836
2521.002861	-34.761000
2523.124597	-34.881365
2525.249907	-35.007066
2527.378801	-35.126200
2529.511287	-35.216392
2531.647375	-35.288589
2533.787074	-35.359469
2535.930393	-35.441933
2538.077340	-35.516059
2540.227927	-35.582944
2542.382160	-35.700369
2544.540051	-35.823483
2546.701608	-35.932841
2548.866840	-36.126766
2551.035757	-36.348965
2553.208369	-36.563613
2555.384684	-36.841045
2557.564713	-37.123621
2559.748465	-37.404542
2561.935948	-37.765122
2564.127174	-38.096227
2566.322152	-38.391619
2568.520890	-38.730225
2570.723399	-39.017054
2572.929689	-39.311939
2575.139769	-39.670590
2577.353649	-39.960729
2579.571340	-40.242312
2581.792849	-40.518399
2584.018189	-40.755728
2586.247368	-41.063650
2588.480396	-41.250773
2590.717284	-41.356345
2592.958041	-41.531290
2595.202678	-41.580010
2597.451204	-41.648834
2599.703630	-41.719754
2601.959966	-41.608662
2604.220222	-41.598007
2606.484408	-41.602292
2608.752535	-41.499423
2611.024612	-41.473000
2613.300651	-41.418663
2615.580661	-41.360611
2617.864653	-41.473118
2620.152638	-41.611670
2622.444625	-41.691464
2624.740626	-41.864826
2627.040651	-42.146251
2629.344710	-42.481349
2631.652814	-42.767176
2633.964974	-43.128978
2636.281200	-43.551385
2638.601504	-43.902865
2640.925896	-44.405522
2643.254386	-44.841426
2645.586987	-45.131526
2647.923707	-45.660669
2650.264559	-46.274661
2652.609554	-46.775391
2654.958702	-47.374300
2657.312015	-47.959202
2659.669503	-48.531826
2662.031178	-49.178886
2664.397051	-49.582817
2666.767132	-49.871171
2669.141434	-50.175558
2671.519968	-50.237623
2673.902745	-50.072095
2676.289776	-49.916075
2678.681072	-49.620296
2681.076646	-49.255059
2683.476508	-48.850740
2685.880671	-48.360632
2688.289145	-48.015938
2690.701942	-47.869235
2693.119075	-47.603003
2695.540554	-47.360528
2697.966391	-47.452218
2700.396599	-47.528627
2702.831189	-47.606052
2705.270172	-47.834751
2707.713561	-47.959598
2710.161368	-48.306536
2712.613605	-48.728966
2715.070283	-48.799816
2717.531416	-49.060524
2719.997014	-49.538587
2722.467090	-49.903822
2724.941657	-50.251709
2727.420726	-50.657484
2729.904310	-51.344842
2732.392421	-52.291860
2734.885072	-52.988758
2737.382275	-53.754962
2739.884042	-55.147130
2742.390387	-56.499114
2744.901321	-57.640220
2747.416857	-59.250326
2749.937008	-61.121422
2752.461787	-63.688621
2754.991206	-62.777319
2757.525279	-62.597167
2760.064017	-61.475848
2762.607434	-58.851995
2765.155544	-58.243160
2767.708358	-57.001769
2770.265890	-56.036352
2772.828153	-55.604982
2775.395160	-55.082995
2777.966924	-55.058610
2780.543459	-55.112378
2783.124778	-54.648428
2785.710894	-54.922212
2788.301821	-55.183452
2790.897572	-54.633454
2793.498160	-55.001416
2796.103599	-54.849187
2798.713903	-54.266367
2801.329085	-54.507787
2803.949159	-54.463071
2806.574139	-54.517479
2809.204038	-54.774046
2811.838871	-55.003212
2814.478650	-55.620077
2817.123391	-56.051358
2819.773107	-56.507503
2822.427812	-57.543424
2825.087521	-58.187780
2827.752247	-58.737039
2830.422005	-60.597657
2833.096808	-62.384202
2835.776672	-64.714441
2838.461611	-67.371370
2841.151638	-72.501093
2843.846769	-78.604711
2846.547019	-79.069726
2849.252401	-74.764430
2851.962930	-69.461091
2854.678621	-69.088104
2857.399489	-69.070037
2860.125549	-67.491023
2862.856815	-68.189014
2865.593302	-68.229751
2868.335026	-68.208888
2871.082002	-67.528234
2873.834244	-66.743352
2876.591767	-65.344625
2879.354588	-63.619357
2882.122721	-62.973000
2884.896181	-61.950658
2887.674984	-61.238537
2890.459146	-60.818786
2893.248681	-60.649396
2896.043606	-60.396770
2898.843937	-60.738950
2901.649687	-60.322708
2904.460875	-60.441225
2907.277515	-60.549234
2910.099623	-61.048205
2912.927215	-61.562298
2915.760308	-62.556338
2918.598916	-63.801338
2921.443057	-65.464376
2924.292747	-66.892746
2927.148002	-70.188057
2930.008837	-72.517179
2932.875270	-74.041955
2935.747318	-75.534891
2938.624995	-74.373548
2941.508320	-73.665233
2944.397308	-71.579351
2947.291977	-70.923640
2950.192343	-72.411865
2953.098423	-71.911363
2956.010234	-73.280212
2958.927792	-74.709871
2961.851116	-77.782281
2964.780221	-78.319389
2967.715126	-78.842486
2970.655847	-75.707309
2973.602402	-76.068803
2976.554808	-74.399967
2979.513083	-71.280982
2982.477243	-70.666611
2985.447308	-68.958241
2988.423293	-67.869221
2991.405218	-67.402911
2994.393099	-65.882268
2997.386955	-66.245514
