# 2022-03-22_12.56.08
# shape = sech2
# FWHM_ps = 0.11
# carrier_nm = 1542
# frep_MHz = 12126
# pow_mW = 8000
# GDD = 0.0
# propa_len = 0.15311111111111111
# untap_len = 0.01
# taper_len = 0.09311111111111112
# waist_len = 0.02
# uptap_len = 0.02
# untap_scale = 1.0
# waist_scale = 0.3210526315789474
# workingDir = NL_20110305_12 (Spirou)
# axis = slow
# window_ps = 10.0
# steps = 200
# points = 21700
# 
# wavelength [nm]	 power spectral density [dB]
600.043425	-120.327003
600.163550	-118.444953
600.283723	-116.776156
600.403943	-115.404204
600.524212	-114.320880
600.644529	-113.499505
600.764895	-112.915095
600.885308	-112.548584
601.005770	-112.386888
601.126280	-112.422045
601.246839	-112.650185
601.367446	-113.070334
601.488101	-113.682965
601.608804	-114.487579
601.729557	-115.478245
601.850357	-116.635425
601.971206	-117.912107
602.092104	-119.216103
602.213050	-120.405472
602.334045	-121.334724
602.455089	-121.956314
602.576181	-122.375564
602.697322	-122.782675
602.818511	-123.350187
602.939749	-124.170288
603.061036	-125.169557
603.182372	-125.889083
603.303757	-125.452570
603.425191	-123.661938
603.546673	-121.343938
603.668204	-119.122971
603.789785	-117.187741
603.911414	-115.553318
604.033092	-114.192426
604.154820	-113.074202
604.276596	-112.173217
604.398422	-111.470562
604.520297	-110.953051
604.642220	-110.612151
604.764193	-110.443103
604.886216	-110.444255
605.008287	-110.616612
605.130408	-110.963357
605.252578	-111.489116
605.374798	-112.198431
605.497066	-113.092196
605.619385	-114.159083
605.741752	-115.356387
605.864169	-116.573278
605.986636	-117.588461
606.109152	-118.107239
606.231718	-117.975892
606.354333	-117.347041
606.476998	-116.514784
606.599712	-115.700925
606.722476	-115.018476
606.845290	-114.514484
606.968154	-114.207390
607.091067	-114.107019
607.214030	-114.224301
607.337043	-114.576809
607.460106	-115.193521
607.583219	-116.121106
607.706381	-117.433620
607.829594	-119.245464
607.952856	-121.700620
608.076169	-124.676095
608.199531	-126.079474
608.322944	-123.616986
608.446407	-120.369132
608.569920	-117.747386
608.693483	-115.735658
608.817096	-114.189835
608.940759	-113.004949
609.064473	-112.113196
609.188237	-111.471310
609.312051	-111.052032
609.435916	-110.839358
609.559831	-110.825917
609.683796	-111.011935
609.807812	-111.405502
609.931878	-112.024268
610.055995	-112.898938
610.180162	-114.080039
610.304380	-115.650179
610.428648	-117.744649
610.552967	-120.563899
610.677337	-124.103066
610.801757	-125.849507
610.926228	-122.927987
611.050750	-119.494353
611.175323	-116.866490
611.299946	-114.893616
611.424620	-113.390460
611.549345	-112.237777
611.674121	-111.360971
611.798948	-110.711968
611.923826	-110.258769
612.048755	-109.979542
612.173734	-109.859100
612.298765	-109.886599
612.423847	-110.053869
612.548980	-110.353860
612.674165	-110.778721
612.799400	-111.317158
612.924687	-111.950424
613.050025	-112.646643
613.175414	-113.354173
613.300854	-113.997848
613.426346	-114.487016
613.551889	-114.743540
613.677484	-114.739521
613.803130	-114.512502
613.928827	-114.141989
614.054576	-113.711860
614.180377	-113.287603
614.306229	-112.912429
614.432132	-112.612682
614.558087	-112.404792
614.684094	-112.300945
614.810153	-112.313138
614.936263	-112.456252
615.062425	-112.750717
615.188639	-113.225709
615.314904	-113.924033
615.441222	-114.910794
615.567591	-116.290392
615.694012	-118.241481
615.820486	-121.081037
615.947011	-125.128049
616.073588	-126.918982
616.200217	-122.321794
616.326898	-118.077931
616.453632	-114.961573
616.580417	-112.577641
616.707255	-110.681911
616.834144	-109.137635
616.961086	-107.863881
617.088081	-106.810013
617.215127	-105.942983
617.342226	-105.240643
617.469378	-104.688059
617.596581	-104.275318
617.723837	-103.996303
617.851146	-103.848044
617.978507	-103.830440
618.105920	-103.946310
618.233386	-104.201744
618.360905	-104.606723
618.488476	-105.176201
618.616100	-105.931832
618.743777	-106.904734
618.871506	-108.140201
618.999288	-109.705370
619.127123	-111.700131
619.255011	-114.257832
619.382951	-117.402623
619.510945	-119.962426
619.638991	-118.949658
619.767090	-116.052277
619.895243	-113.527832
620.023448	-111.606683
620.151706	-110.160537
620.280017	-109.074269
620.408382	-108.270614
620.536799	-107.699685
620.665270	-107.329538
620.793794	-107.139978
620.922371	-107.118670
621.051002	-107.258587
621.179686	-107.556331
621.308423	-108.011013
621.437213	-108.623483
621.566057	-109.395391
621.694954	-110.327186
621.823905	-111.412831
621.952909	-112.627047
622.081967	-113.897001
622.211079	-115.055484
622.340244	-115.820408
622.469462	-115.930025
622.598735	-115.397432
622.728061	-114.496836
622.857441	-113.505146
622.986874	-112.579844
623.116361	-111.784668
623.245903	-111.136092
623.375498	-110.631166
623.505147	-110.260937
623.634850	-110.016281
623.764606	-109.890279
623.894417	-109.879017
624.024282	-109.981521
624.154201	-110.199377
624.284174	-110.536609
624.414202	-110.999944
624.544283	-111.599773
624.674419	-112.352218
624.804609	-113.282648
624.934853	-114.431200
625.065151	-115.861900
625.195504	-117.679307
625.325911	-120.059835
625.456373	-123.287960
625.586889	-127.393644
625.717460	-128.466182
625.848085	-124.523338
625.978764	-120.941969
626.109498	-118.297948
626.240287	-116.287028
626.371131	-114.700653
626.502029	-113.416845
626.632982	-112.363119
626.763989	-111.495384
626.895052	-110.786029
627.026169	-110.216693
627.157341	-109.773627
627.288568	-109.444778
627.419850	-109.218256
627.551187	-109.081889
627.682579	-109.023560
627.814026	-109.032334
627.945528	-109.099833
628.077085	-109.221300
628.208697	-109.395931
628.340364	-109.626315
628.472087	-109.916992
628.603865	-110.272692
628.735698	-110.696800
628.867586	-111.190365
628.999530	-111.752296
629.131529	-112.380332
629.263584	-113.072494
629.395694	-113.828277
629.527859	-114.648460
629.660080	-115.532224
629.792357	-116.470949
629.924689	-117.439264
630.057077	-118.386870
630.189520	-119.240826
630.322019	-119.930594
630.454574	-120.432502
630.587184	-120.797287
630.719851	-121.132777
630.852573	-121.563280
630.985351	-122.206944
631.118185	-123.183577
631.251075	-124.652940
631.384021	-126.910825
631.517023	-130.709689
631.650081	-139.424500
631.783195	-139.444450
631.916365	-129.418909
632.049592	-124.590224
632.182874	-121.363530
632.316213	-118.961802
632.449608	-117.083403
632.583059	-115.574304
632.716567	-114.338939
632.850131	-113.308038
632.983751	-112.426596
633.117428	-111.650452
633.251161	-110.946238
633.384951	-110.292600
633.518797	-109.679858
633.652700	-109.107461
633.786660	-108.580097
633.920676	-108.103823
634.054749	-107.683589
634.188879	-107.322429
634.323065	-107.021990
634.457308	-106.783612
634.591608	-106.609246
634.725965	-106.501781
634.860379	-106.464742
634.994850	-106.501448
635.129377	-106.613856
635.263962	-106.801720
635.398604	-107.062243
635.533303	-107.390356
635.668058	-107.779472
635.802872	-108.222844
635.937742	-108.714830
636.072669	-109.251457
636.207654	-109.830095
636.342696	-110.448212
636.477796	-111.101380
636.612953	-111.781258
636.748167	-112.474272
636.883439	-113.161768
637.018768	-113.822266
637.154155	-114.435562
637.289599	-114.987110
637.425101	-115.471112
637.560660	-115.890641
637.696277	-116.254422
637.831952	-116.571387
637.967685	-116.845708
638.103475	-117.074187
638.239324	-117.246947
638.375230	-117.351975
638.511194	-117.382275
638.647215	-117.340820
638.783295	-117.240584
638.919433	-117.099156
639.055629	-116.931487
639.191883	-116.745458
639.328195	-116.542358
639.464565	-116.321909
639.600994	-116.087091
639.737481	-115.846234
639.874025	-115.610121
640.010629	-115.386773
640.147290	-115.178092
640.284010	-114.979304
640.420789	-114.782044
640.557625	-114.579874
640.694521	-114.371990
640.831474	-114.161883
640.968487	-113.951251
641.105558	-113.733871
641.242687	-113.493042
641.379876	-113.206915
641.517123	-112.861211
641.654429	-112.461377
641.791793	-112.034611
641.929216	-111.620157
642.066699	-111.255294
642.204240	-110.964799
642.341840	-110.757242
642.479499	-110.627401
642.617217	-110.562884
642.754994	-110.553207
642.892830	-110.598140
643.030726	-110.711394
643.168680	-110.917884
643.306694	-111.246450
643.444767	-111.720853
643.582899	-112.350731
643.721091	-113.123111
643.859342	-113.994371
643.997652	-114.886469
644.136022	-115.696021
644.274451	-116.325077
644.412940	-116.717823
644.551488	-116.870623
644.690096	-116.812595
644.828763	-116.586720
644.967490	-116.249738
645.106277	-115.873513
645.245124	-115.533812
645.384030	-115.293326
645.522997	-115.190829
645.662023	-115.238351
645.801109	-115.424070
645.940255	-115.719080
646.079460	-116.087349
646.218726	-116.497896
646.358052	-116.934511
646.497438	-117.396422
646.636884	-117.888828
646.776391	-118.409535
646.915957	-118.941982
647.055584	-119.458238
647.195271	-119.929644
647.335019	-120.333394
647.474826	-120.642432
647.614695	-120.804195
647.754623	-120.736338
647.894612	-120.369876
648.034662	-119.713694
648.174772	-118.862262
648.314943	-117.934153
648.455174	-117.014680
648.595466	-116.140303
648.735819	-115.311346
648.876233	-114.511646
649.016707	-113.725712
649.157242	-112.947725
649.297838	-112.182839
649.438495	-111.442665
649.579213	-110.738839
649.719992	-110.078178
649.860832	-109.460852
650.001733	-108.880227
650.142695	-108.324550
650.283718	-107.780144
650.424803	-107.235381
650.565949	-106.684631
650.707156	-106.130764
650.848424	-105.584831
650.989754	-105.063151
651.131145	-104.582887
651.272597	-104.158433
651.414111	-103.799073
651.555687	-103.508284
651.697324	-103.284772
651.839022	-103.124377
651.980782	-103.022387
652.122604	-102.975630
652.264488	-102.983511
652.406433	-103.047910
652.548441	-103.171826
652.690510	-103.357449
652.832640	-103.604426
652.974833	-103.908782
653.117088	-104.262789
653.259405	-104.655838
653.401784	-105.076154
653.544224	-105.512268
653.686727	-105.953767
653.829293	-106.390922
653.971920	-106.813152
654.114609	-107.207377
654.257361	-107.557730
654.400175	-107.847479
654.543052	-108.063155
654.685991	-108.199389
654.828992	-108.261598
654.972056	-108.264832
655.115183	-108.229661
655.258372	-108.175827
655.401623	-108.117010
655.544937	-108.058123
655.688314	-107.995726
655.831754	-107.921080
655.975256	-107.826383
656.118822	-107.710364
656.262450	-107.580828
656.406141	-107.451741
656.549894	-107.335520
656.693711	-107.233884
656.837591	-107.130307
656.981534	-106.987556
657.125540	-106.755485
657.269610	-106.390244
657.413742	-105.877100
657.557938	-105.240206
657.702196	-104.531026
657.846519	-103.806194
657.990904	-103.110964
658.135353	-102.473395
658.279866	-101.906088
658.424441	-101.410613
658.569081	-100.982221
658.713784	-100.613634
658.858550	-100.297810
659.003381	-100.029408
659.148274	-99.804913
659.293232	-99.622139
659.438253	-99.479156
659.583339	-99.373324
659.728488	-99.301031
659.873701	-99.257913
660.018978	-99.239819
660.164318	-99.243737
660.309723	-99.268641
660.455192	-99.315693
660.600725	-99.387670
660.746323	-99.487953
660.891984	-99.619332
661.037710	-99.783208
661.183500	-99.979352
661.329354	-100.206096
661.475272	-100.461262
661.621255	-100.743221
661.767303	-101.051475
661.913415	-101.386543
662.059591	-101.748612
662.205833	-102.134765
662.352138	-102.535481
662.498509	-102.931704
662.644944	-103.294360
662.791443	-103.589302
662.938008	-103.788273
663.084638	-103.881596
663.231332	-103.883648
663.378091	-103.826073
663.524915	-103.743455
663.671804	-103.660267
663.818759	-103.585233
663.965778	-103.513806
664.112863	-103.436281
664.260012	-103.347608
664.407227	-103.253712
664.554507	-103.170518
664.701853	-103.116435
664.849264	-103.102797
664.996740	-103.126156
665.144282	-103.166085
665.291889	-103.190401
665.439561	-103.167397
665.587300	-103.081254
665.735103	-102.941139
665.882973	-102.777942
666.030908	-102.632221
666.178909	-102.542062
666.326976	-102.536776
666.475109	-102.636766
666.623307	-102.856412
666.771571	-103.208032
666.919902	-103.705029
667.068298	-104.363849
667.216761	-105.205257
667.365289	-106.254934
667.513884	-107.544918
667.662545	-109.116580
667.811272	-111.027083
667.960065	-113.360578
668.108925	-116.241445
668.257851	-119.807480
668.406843	-123.767719
668.555902	-125.568505
668.705027	-123.944496
668.854219	-122.117025
669.003478	-121.091125
669.152803	-120.818488
669.302195	-121.112706
669.451653	-121.572287
669.601179	-121.321170
669.750771	-119.632720
669.900430	-117.053340
670.050156	-114.406443
670.199949	-112.017233
670.349808	-109.939934
670.499735	-108.153514
670.649729	-106.622521
670.799790	-105.310267
670.949918	-104.180380
671.100114	-103.197180
671.250377	-102.327235
671.400707	-101.542539
671.551104	-100.823884
671.701569	-100.162621
671.852101	-99.559244
672.002700	-99.019595
672.153368	-98.550132
672.304102	-98.154352
672.454905	-97.831129
672.605775	-97.575226
672.756713	-97.379380
672.907718	-97.236910
673.058791	-97.143709
673.209933	-97.098472
673.361142	-97.100631
673.512419	-97.146531
673.663764	-97.225126
673.815177	-97.314968
673.966658	-97.384425
674.118207	-97.396907
674.269825	-97.319561
674.421510	-97.131640
674.573264	-96.827628
674.725086	-96.414003
674.876977	-95.904619
675.028936	-95.318597
675.180963	-94.680701
675.333059	-94.020724
675.485224	-93.370047
675.637457	-92.756692
675.789758	-92.201108
675.942129	-91.714482
676.094568	-91.299673
676.247075	-90.953788
676.399652	-90.671598
676.552298	-90.448438
676.705012	-90.281716
676.857795	-90.170533
677.010648	-90.113793
677.163569	-90.107884
677.316560	-90.144994
677.469619	-90.212959
677.622748	-90.296800
677.775946	-90.381481
677.929214	-90.454668
678.082551	-90.508535
678.235957	-90.540270
678.389432	-90.551705
678.542977	-90.549045
678.696592	-90.542623
678.850276	-90.546051
679.004030	-90.574044
679.157853	-90.639210
679.311746	-90.748667
679.465709	-90.901941
679.619742	-91.090923
679.773844	-91.302289
679.928017	-91.521598
680.082259	-91.737313
680.236571	-91.942606
680.390954	-92.134318
680.545406	-92.310489
680.699929	-92.469287
680.854522	-92.610809
681.009185	-92.740577
681.163918	-92.871601
681.318722	-93.022374
681.473596	-93.211083
681.628540	-93.448784
681.783555	-93.734465
681.938641	-94.054198
682.093797	-94.384370
682.249023	-94.697700
682.404321	-94.968613
682.559689	-95.174597
682.715128	-95.294416
682.870637	-95.308976
683.026218	-95.209642
683.181869	-95.009627
683.337591	-94.746949
683.493385	-94.473292
683.649249	-94.235947
683.805185	-94.064022
683.961191	-93.963343
684.117269	-93.919791
684.273418	-93.908745
684.429639	-93.907692
684.585930	-93.905879
684.742294	-93.904895
684.898728	-93.909719
685.055234	-93.916448
685.211812	-93.906152
685.368461	-93.851058
685.525182	-93.731708
685.681975	-93.553690
685.838839	-93.349808
685.995775	-93.165549
686.152783	-93.039548
686.309863	-92.990029
686.467014	-93.010455
686.624238	-93.072091
686.781534	-93.131515
686.938902	-93.141315
687.096342	-93.060771
687.253854	-92.862858
687.411438	-92.536868
687.569095	-92.088870
687.726824	-91.541044
687.884626	-90.927978
688.042499	-90.288995
688.200446	-89.659584
688.358465	-89.065639
688.516556	-88.522051
688.674720	-88.034716
688.832957	-87.604042
688.991266	-87.228182
689.149649	-86.904918
689.308104	-86.632036
689.466632	-86.406730
689.625233	-86.224890
689.783906	-86.081112
689.942653	-85.969571
690.101473	-85.885391
690.260367	-85.825623
690.419333	-85.789230
690.578372	-85.775930
690.737485	-85.784584
690.896672	-85.812034
691.055931	-85.853300
691.215264	-85.903164
691.374671	-85.958469
691.534151	-86.019903
691.693704	-86.092271
691.853332	-86.183168
692.013033	-86.300833
692.172807	-86.452485
692.332656	-86.643709
692.492578	-86.878889
692.652575	-87.161813
692.812645	-87.495403
692.972789	-87.880024
693.133007	-88.310174
693.293300	-88.770449
693.453666	-89.232510
693.614107	-89.655349
693.774622	-89.990858
693.935211	-90.194885
694.095875	-90.239868
694.256613	-90.122957
694.417426	-89.866035
694.578313	-89.509087
694.739274	-89.100546
694.900311	-88.687613
695.061421	-88.308347
695.222607	-87.986935
695.383868	-87.732640
695.545203	-87.542135
695.706613	-87.404661
695.868098	-87.308576
696.029658	-87.246717
696.191293	-87.218073
696.353003	-87.224887
696.514789	-87.267075
696.676649	-87.337829
696.838585	-87.423739
697.000596	-87.510116
697.162682	-87.589133
697.324844	-87.665367
697.487081	-87.754263
697.649394	-87.874093
697.811782	-88.036200
697.974246	-88.238308
698.136786	-88.462956
698.299401	-88.681004
698.462092	-88.858453
698.624859	-88.963773
698.787702	-88.973597
698.950621	-88.876393
699.113616	-88.675057
699.276686	-88.387713
699.439833	-88.044258
699.603056	-87.678675
699.766355	-87.320842
699.929731	-86.991749
700.093183	-86.703481
700.256711	-86.462583
700.420315	-86.274042
700.583996	-86.143348
700.747754	-86.075743
700.911588	-86.073357
701.075499	-86.132264
701.239486	-86.241416
701.403550	-86.384765
701.567691	-86.546321
701.731909	-86.715995
701.896203	-86.892833
702.060575	-87.083183
702.225024	-87.294810
702.389549	-87.530033
702.554152	-87.781316
702.718832	-88.030672
702.883589	-88.253069
703.048424	-88.422771
703.213335	-88.520471
703.378324	-88.538681
703.543391	-88.483630
703.708535	-88.372875
703.873757	-88.229603
704.039056	-88.075605
704.204433	-87.925128
704.369887	-87.781245
704.535420	-87.635530
704.701030	-87.471303
704.866718	-87.269950
705.032484	-87.018262
705.198328	-86.713494
705.364250	-86.363368
705.530250	-85.980980
705.696328	-85.577591
705.862485	-85.157271
706.028720	-84.716283
706.195033	-84.247576
706.361424	-83.748357
706.527894	-83.226049
706.694442	-82.698686
706.861069	-82.189643
707.027775	-81.720315
707.194559	-81.304826
707.361422	-80.948577
707.528363	-80.650285
707.695384	-80.405693
707.862483	-80.210866
708.029661	-80.063354
708.196918	-79.960819
708.364254	-79.898404
708.531670	-79.866936
708.699164	-79.853729
708.866738	-79.846221
709.034391	-79.836433
709.202123	-79.823118
709.369935	-79.809756
709.537826	-79.799721
709.705796	-79.792309
709.873847	-79.782959
710.041976	-79.767824
710.210186	-79.749497
710.378475	-79.739112
710.546844	-79.752566
710.715292	-79.802931
710.883821	-79.893688
711.052429	-80.016720
711.221118	-80.156409
711.389887	-80.298285
711.558735	-80.437367
711.727664	-80.580515
711.896673	-80.741213
712.065763	-80.930593
712.234932	-81.150786
712.404183	-81.394308
712.573513	-81.649487
712.742924	-81.908233
712.912416	-82.171075
713.081988	-82.446479
713.251641	-82.745553
713.421375	-83.076792
713.591190	-83.443996
713.761085	-83.847207
713.931061	-84.283745
714.101119	-84.746354
714.271257	-85.218736
714.441476	-85.672672
714.611777	-86.072820
714.782159	-86.391284
714.952622	-86.623463
715.123166	-86.790816
715.293792	-86.926477
715.464499	-87.055435
715.635288	-87.183465
715.806158	-87.299272
715.977110	-87.385548
716.148143	-87.430266
716.319259	-87.430927
716.490456	-87.390708
716.661735	-87.311816
716.833096	-87.191845
717.004538	-87.024687
717.176063	-86.803682
717.347670	-86.523837
717.519359	-86.181705
717.691130	-85.773506
717.862984	-85.293636
718.034920	-84.736240
718.206938	-84.100640
718.379039	-83.397923
718.551222	-82.653357
718.723488	-81.901382
718.895836	-81.175600
719.068267	-80.499413
719.240781	-79.881403
719.413377	-79.316338
719.586057	-78.790731
719.758819	-78.290532
719.931664	-77.807389
720.104593	-77.340580
720.277604	-76.894036
720.450699	-76.471288
720.623876	-76.071947
720.797137	-75.691903
720.970482	-75.326656
721.143910	-74.975296
721.317421	-74.642489
721.491016	-74.337374
721.664694	-74.070424
721.838456	-73.850408
722.012302	-73.682878
722.186231	-73.570207
722.360244	-73.512219
722.534342	-73.506339
722.708523	-73.546837
722.882788	-73.623876
723.057137	-73.723692
723.231570	-73.831092
723.406088	-73.934082
723.580689	-74.028513
723.755375	-74.119664
723.930146	-74.219279
724.105000	-74.339568
724.279940	-74.487426
724.454963	-74.661633
724.630072	-74.853938
724.805265	-75.053158
724.980543	-75.250070
725.155905	-75.440515
725.331353	-75.625267
725.506885	-75.807318
725.682503	-75.988695
725.858205	-76.168511
726.033993	-76.342923
726.209865	-76.506304
726.385823	-76.652576
726.561866	-76.776086
726.737995	-76.872067
726.914209	-76.937102
727.090508	-76.969849
727.266893	-76.971503
727.443364	-76.945207
727.619920	-76.893753
727.796562	-76.816361
727.973290	-76.706284
728.150103	-76.551117
728.327003	-76.336951
728.503988	-76.055140
728.681060	-75.708044
728.858218	-75.310066
729.035461	-74.883499
729.212791	-74.452032
729.390208	-74.035319
729.567710	-73.646256
729.745299	-73.290571
729.922975	-72.967820
730.100737	-72.673223
730.278586	-72.400174
730.456521	-72.143128
730.634543	-71.900085
730.812652	-71.673548
730.990848	-71.469364
731.169130	-71.293904
731.347500	-71.150968
731.525957	-71.040053
731.704500	-70.956901
731.883131	-70.896156
732.061850	-70.854670
732.240655	-70.833522
732.419548	-70.837456
732.598528	-70.872078
732.777596	-70.940387
732.956751	-71.040548
733.135994	-71.165847
733.315325	-71.306651
733.494744	-71.453172
733.674250	-71.597620
733.853844	-71.734996
734.033526	-71.862920
734.213296	-71.981393
734.393154	-72.092955
734.573101	-72.202481
734.753135	-72.315522
734.933258	-72.435043
735.113469	-72.557848
735.293769	-72.672901
735.474157	-72.763659
735.654633	-72.814459
735.835198	-72.818214
736.015852	-72.780562
736.196594	-72.717482
736.377426	-72.648036
736.558346	-72.586903
736.739355	-72.540286
736.920453	-72.505990
737.101640	-72.476488
737.282916	-72.442827
737.464282	-72.397467
737.645736	-72.335164
737.827280	-72.252429
738.008914	-72.146897
738.190637	-72.017667
738.372449	-71.866485
738.554351	-71.698498
738.736342	-71.521474
738.918424	-71.343611
739.100595	-71.171258
739.282855	-71.007958
739.465206	-70.855264
739.647647	-70.714589
739.830178	-70.588621
740.012799	-70.481007
740.195510	-70.394287
740.378311	-70.327267
740.561203	-70.273449
740.744185	-70.221740
740.927258	-70.159504
741.110421	-70.076703
741.293674	-69.969252
741.477018	-69.840125
741.660453	-69.698055
741.843979	-69.554961
742.027596	-69.423303
742.211303	-69.313822
742.395102	-69.233647
742.578991	-69.184906
742.762972	-69.164312
742.947044	-69.164216
743.131207	-69.175205
743.315461	-69.189382
743.499807	-69.202800
743.684244	-69.215769
743.868773	-69.230991
744.053394	-69.251001
744.238106	-69.276636
744.422910	-69.307240
744.607805	-69.342042
744.792793	-69.381224
744.977872	-69.425658
745.163044	-69.475328
745.348307	-69.527759
745.533663	-69.577877
745.719111	-69.619680
745.904651	-69.648707
746.090283	-69.663388
746.276008	-69.664008
746.461826	-69.649882
746.647735	-69.617012
746.833738	-69.558577
747.019833	-69.468761
747.206021	-69.347628
747.392302	-69.203425
747.578676	-69.050226
747.765143	-68.902244
747.951703	-68.768388
748.138356	-68.650066
748.325102	-68.542945
748.511941	-68.441194
748.698874	-68.341457
748.885900	-68.244170
749.073019	-68.151825
749.260232	-68.066088
749.447539	-67.986403
749.634939	-67.911238
749.822433	-67.840899
750.010021	-67.779356
750.197703	-67.732994
750.385479	-67.706710
750.573348	-67.699786
750.761312	-67.704478
750.949370	-67.708728
751.137523	-67.701962
751.325769	-67.680570
751.514110	-67.649388
751.702545	-67.618219
751.891075	-67.596168
752.079700	-67.587702
752.268419	-67.592463
752.457233	-67.608132
752.646142	-67.633794
752.835145	-67.671092
753.024244	-67.722237
753.213437	-67.786509
753.402726	-67.857919
753.592110	-67.926040
753.781589	-67.980021
753.971163	-68.013456
754.160833	-68.026912
754.350598	-68.026473
754.540459	-68.019526
754.730415	-68.010873
754.920467	-68.001569
755.110615	-67.990569
755.300858	-67.977311
755.491198	-67.962963
755.681633	-67.949184
755.872164	-67.935313
756.062792	-67.916272
756.253515	-67.883088
756.444335	-67.826349
756.635252	-67.740792
756.826264	-67.628056
757.017373	-67.495778
757.208579	-67.353931
757.399881	-67.211119
757.591280	-67.073161
757.782776	-66.944130
757.974368	-66.828317
758.166058	-66.731226
758.357844	-66.658704
758.549728	-66.614843
758.741708	-66.600199
758.933786	-66.611584
759.125961	-66.643634
759.318233	-66.691163
759.510603	-66.750823
759.703071	-66.821031
759.895635	-66.900459
760.088298	-66.986374
760.281058	-67.074308
760.473916	-67.159468
760.666872	-67.239057
760.859926	-67.313793
761.053078	-67.387576
761.246328	-67.465552
761.439676	-67.551691
761.633122	-67.647154
761.826667	-67.749800
762.020310	-67.854468
762.214052	-67.953645
762.407892	-68.038386
762.601831	-68.099837
762.795868	-68.131593
762.990004	-68.132193
763.184239	-68.106321
763.378573	-68.063571
763.573006	-68.015035
763.767538	-67.969418
763.962169	-67.930675
764.156900	-67.898131
764.351729	-67.868617
764.546658	-67.839010
764.741687	-67.807609
764.936815	-67.773513
765.132042	-67.734876
765.327370	-67.687894
765.522797	-67.627944
765.718324	-67.552535
765.913950	-67.464035
766.109677	-67.369897
766.305504	-67.279769
766.501431	-67.201104
766.697458	-67.135930
766.893586	-67.080557
767.089814	-67.028305
767.286142	-66.973579
767.482571	-66.914853
767.679100	-66.854921
767.875730	-66.798599
768.072461	-66.749642
768.269293	-66.708906
768.466225	-66.674585
768.663259	-66.644040
768.860393	-66.615957
769.057629	-66.591520
769.254966	-66.574328
769.452404	-66.569378
769.649944	-66.581680
769.847585	-66.614994
770.045328	-66.670765
770.243172	-66.747205
770.441118	-66.838820
770.639166	-66.936946
770.837315	-67.031713
771.035567	-67.115254
771.233920	-67.184906
771.432376	-67.244581
771.630934	-67.303186
771.829594	-67.370646
772.028356	-67.453422
772.227220	-67.551579
772.426188	-67.658515
772.625257	-67.763596
772.824430	-67.856625
773.023705	-67.932087
773.223083	-67.991003
773.422563	-68.039306
773.622147	-68.083899
773.821834	-68.128524
774.021624	-68.171397
774.221517	-68.205646
774.421513	-68.222546
774.621613	-68.216222
774.821816	-68.187722
775.022122	-68.146252
775.222532	-68.106586
775.423046	-68.083750
775.623664	-68.087605
775.824385	-68.119414
776.025211	-68.171715
776.226140	-68.231629
776.427173	-68.286501
776.628311	-68.329278
776.829553	-68.360578
777.030899	-68.386182
777.232350	-68.411646
777.433905	-68.437602
777.635564	-68.458602
777.837328	-68.466265
778.039197	-68.454917
778.241171	-68.426224
778.443250	-68.389691
778.645433	-68.358711
778.847722	-68.344828
779.050116	-68.353269
779.252615	-68.381507
779.455219	-68.420801
779.657929	-68.459739
779.860744	-68.488193
780.063665	-68.500373
780.266691	-68.496361
780.469823	-68.482168
780.673061	-68.468498
780.876405	-68.468448
781.079855	-68.494302
781.283410	-68.554148
781.487072	-68.649635
781.690840	-68.776008
781.894715	-68.925302
782.098695	-69.091676
782.302783	-69.275837
782.506976	-69.485192
782.711277	-69.728556
782.915684	-70.007772
783.120198	-70.310831
783.324818	-70.611393
783.529546	-70.877814
783.734381	-71.089178
783.939322	-71.248627
784.144372	-71.383112
784.349528	-71.529258
784.554792	-71.716005
784.760163	-71.953732
784.965642	-72.232526
785.171228	-72.527816
785.376922	-72.810827
785.582724	-73.059723
785.788634	-73.266388
785.994651	-73.436389
786.200777	-73.583871
786.407011	-73.725231
786.613353	-73.873756
786.819804	-74.034953
787.026363	-74.202775
787.233030	-74.359007
787.439806	-74.480289
787.646691	-74.553765
787.853684	-74.592999
788.060786	-74.640000
788.267997	-74.748307
788.475317	-74.955253
788.682746	-75.253845
788.890285	-75.571340
789.097932	-75.773300
789.305689	-75.725930
789.513555	-75.397572
789.721531	-74.886245
789.929617	-74.335358
790.137812	-73.847391
790.346117	-73.460122
790.554531	-73.161147
790.763056	-72.911197
790.971691	-72.666550
791.180436	-72.396656
791.389291	-72.092672
791.598256	-71.765540
791.807332	-71.437836
792.016518	-71.134459
792.225815	-70.875046
792.435222	-70.668218
792.644740	-70.507577
792.854369	-70.371205
793.064109	-70.227402
793.273960	-70.047710
793.483922	-69.822076
793.693995	-69.565957
793.904180	-69.313254
794.114475	-69.099756
794.324882	-68.947569
794.535401	-68.856893
794.746031	-68.806276
794.956774	-68.760868
795.167627	-68.686791
795.378593	-68.566009
795.589671	-68.402850
795.800861	-68.218309
796.012162	-68.037599
796.223577	-67.879617
796.435103	-67.752467
796.646742	-67.654000
796.858493	-67.574498
797.070357	-67.499598
797.282334	-67.413361
797.494423	-67.302580
797.706626	-67.162103
797.918941	-66.998607
798.131369	-66.829755
798.343911	-66.677688
798.556566	-66.559794
798.769334	-66.480834
798.982215	-66.429752
799.195210	-66.383204
799.408319	-66.315669
799.621541	-66.212293
799.834877	-66.077261
800.048327	-65.931578
800.261890	-65.802229
800.475568	-65.710127
800.689360	-65.662703
800.903266	-65.652910
801.117287	-65.663419
801.331422	-65.673891
801.545671	-65.668351
801.760036	-65.639851
801.974514	-65.590774
802.189108	-65.529933
802.403816	-65.468875
802.618640	-65.419131
802.833578	-65.390010
803.048632	-65.386041
803.263800	-65.404095
803.479085	-65.431623
803.694484	-65.448376
803.909999	-65.433576
804.125630	-65.376671
804.341376	-65.285455
804.557239	-65.185262
804.773217	-65.108920
804.989311	-65.083495
805.205521	-65.120033
805.421847	-65.208969
805.638290	-65.322135
805.854849	-65.421871
806.071524	-65.475856
806.288316	-65.471436
806.505225	-65.420237
806.722250	-65.350094
806.939393	-65.290854
807.156652	-65.262662
807.374028	-65.270722
807.591521	-65.305668
807.809132	-65.347687
808.026859	-65.373135
808.244705	-65.362599
808.462667	-65.308348
808.680748	-65.218107
808.898946	-65.113170
809.117261	-65.021714
809.335695	-64.970304
809.554246	-64.976322
809.772916	-65.042704
809.991704	-65.155411
810.210610	-65.284838
810.429634	-65.393030
810.648777	-65.447068
810.868039	-65.433824
811.087419	-65.366972
811.306918	-65.280789
811.526535	-65.215348
811.746272	-65.202168
811.966127	-65.255520
812.186102	-65.369325
812.406196	-65.518601
812.626409	-65.665942
812.846742	-65.773564
813.067194	-65.818206
813.287766	-65.801088
813.508457	-65.746049
813.729269	-65.687573
813.950200	-65.656838
814.171251	-65.672411
814.392422	-65.736843
814.613714	-65.837540
814.835126	-65.950808
815.056658	-66.048461
815.278311	-66.106137
815.500084	-66.111318
815.721978	-66.067772
815.943993	-65.994118
816.166128	-65.917500
816.388385	-65.865283
816.610762	-65.857423
816.833261	-65.900782
817.055881	-65.985803
817.278623	-66.086437
817.501486	-66.165701
817.724471	-66.188156
817.947577	-66.135896
818.170805	-66.018524
818.394155	-65.869293
818.617627	-65.730315
818.841221	-65.636853
819.064937	-65.607808
819.288775	-65.642701
819.512736	-65.723585
819.736819	-65.820665
819.961025	-65.901299
820.185354	-65.940842
820.409805	-65.931538
820.634379	-65.884805
820.859076	-65.826164
821.083897	-65.786344
821.308840	-65.792601
821.533907	-65.862125
821.759097	-65.997653
821.984411	-66.184795
822.209848	-66.392260
822.435409	-66.577792
822.661093	-66.702103
822.886902	-66.747016
823.112834	-66.725946
823.338891	-66.678165
823.565072	-66.651148
823.791377	-66.683160
824.017807	-66.793370
824.244361	-66.979083
824.471039	-67.217856
824.697843	-67.473804
824.924771	-67.708666
825.151824	-67.896041
825.379002	-68.033046
825.606306	-68.142083
825.833734	-68.262238
826.061288	-68.435755
826.288967	-68.695741
826.516772	-69.057232
826.744703	-69.510057
826.972759	-70.012865
827.200941	-70.493264
827.429249	-70.864444
827.657683	-71.063465
827.886243	-71.089129
828.114930	-71.002498
828.343743	-70.889512
828.572682	-70.822318
828.801748	-70.842211
829.030941	-70.958756
829.260260	-71.154287
829.489706	-71.388988
829.719280	-71.607763
829.948980	-71.751756
830.178808	-71.775973
830.408763	-71.667110
830.638845	-71.450372
830.869055	-71.179962
831.099393	-70.920383
831.329858	-70.729849
831.560451	-70.649717
831.791173	-70.697504
832.022022	-70.859527
832.252999	-71.082962
832.484105	-71.275619
832.715339	-71.331109
832.946702	-71.186048
833.178193	-70.867262
833.409813	-70.475337
833.641561	-70.124638
833.873439	-69.899150
834.105445	-69.840555
834.337581	-69.951706
834.569846	-70.201106
834.802241	-70.525804
835.034764	-70.839120
835.267418	-71.053799
835.500201	-71.119625
835.733114	-71.051212
835.966157	-70.919342
836.199329	-70.815476
836.432632	-70.821574
836.666065	-70.997942
836.899629	-71.382655
837.133323	-71.992634
837.367147	-72.819397
837.601102	-73.816542
837.835188	-74.881934
838.069405	-75.856061
838.303752	-76.582748
838.538231	-77.025725
838.772841	-77.309952
839.007582	-77.626551
839.242455	-78.129852
839.477459	-78.906006
839.712595	-79.977600
839.947863	-81.303233
840.183263	-82.761952
840.418794	-84.137123
840.654458	-85.137943
840.890254	-85.487968
841.126182	-85.057944
841.362242	-83.971382
841.598435	-82.541920
841.834761	-81.072196
842.071220	-79.743552
842.307811	-78.630891
842.544536	-77.751404
842.781393	-77.100034
843.018384	-76.667169
843.255508	-76.439961
843.492765	-76.391365
843.730156	-76.461157
843.967681	-76.540918
844.205339	-76.494292
844.443132	-76.233223
844.681058	-75.791121
844.919118	-75.296596
845.157313	-74.879666
845.395642	-74.609350
845.634105	-74.483436
845.872703	-74.447435
846.111436	-74.431248
846.350303	-74.395591
846.589306	-74.360318
846.828443	-74.387885
847.067716	-74.538634
847.307124	-74.833952
847.546667	-75.240826
847.786345	-75.681457
848.026160	-76.073258
848.266110	-76.383542
848.506195	-76.652073
848.746417	-76.956969
848.986775	-77.365024
849.227269	-77.913559
849.467899	-78.629718
849.708666	-79.568037
849.949569	-80.842847
850.190609	-82.647314
850.431785	-85.259572
850.673099	-88.871306
850.914549	-91.600648
851.156137	-89.530667
851.397861	-86.725144
851.639723	-85.098064
851.881723	-84.575038
852.123860	-85.049739
852.366135	-86.589601
852.608547	-89.546489
852.851098	-94.504429
853.093786	-94.963176
853.336613	-89.098616
853.579578	-85.098021
853.822681	-82.486240
854.065923	-80.758926
854.309304	-79.655706
854.552823	-78.997247
854.796481	-78.606334
855.040278	-78.287695
855.284215	-77.877798
855.528290	-77.332211
855.772505	-76.738431
856.016859	-76.229630
856.261353	-75.904056
856.505987	-75.804091
856.750760	-75.930767
856.995673	-76.266481
857.240727	-76.792984
857.485920	-77.493598
857.731254	-78.325758
857.976729	-79.156022
858.222343	-79.700991
858.468099	-79.648762
858.713995	-78.989552
858.960032	-78.033905
859.206211	-77.078581
859.452530	-76.254873
859.698991	-75.579505
859.945593	-75.029463
860.192336	-74.591038
860.439222	-74.279094
860.686248	-74.131676
860.933417	-74.191409
861.180728	-74.487476
861.428181	-75.020303
861.675776	-75.743354
861.923514	-76.538369
862.171394	-77.207417
862.419417	-77.544907
862.667582	-77.492642
862.915890	-77.195209
863.164342	-76.871166
863.412936	-76.690566
863.661674	-76.754702
863.910555	-77.124617
864.159579	-77.853097
864.408747	-79.014378
864.658059	-80.745928
864.907515	-83.340816
865.157114	-87.566218
865.406858	-96.659710
865.656746	-95.818940
865.906778	-87.280368
866.156955	-83.202676
866.407277	-80.665624
866.657743	-78.939145
866.908354	-77.736808
867.159110	-76.933147
867.410011	-76.485554
867.661057	-76.403367
867.912249	-76.733131
868.163586	-77.555144
868.415069	-78.990647
868.666697	-81.203803
868.918472	-84.214925
869.170392	-86.332235
869.422458	-84.291293
869.674671	-81.016888
869.927030	-78.413443
870.179536	-76.471220
870.432188	-75.008278
870.684987	-73.900895
870.937933	-73.078308
871.191026	-72.500442
871.444266	-72.140332
871.697653	-71.972501
871.951188	-71.968697
872.204870	-72.100689
872.458700	-72.347879
872.712677	-72.703902
872.966803	-73.176274
873.221076	-73.772605
873.475498	-74.472461
873.730068	-75.192434
873.984787	-75.769285
874.239654	-76.022053
874.494669	-75.899547
874.749834	-75.540556
875.005147	-75.154860
875.260610	-74.901669
875.516222	-74.868258
875.771983	-75.099006
876.027894	-75.627742
876.283954	-76.503639
876.540164	-77.817046
876.796524	-79.740841
877.053033	-82.637282
877.309693	-87.428939
877.566503	-95.727949
877.823464	-89.610734
878.080575	-83.730719
878.337837	-80.262365
878.595249	-77.895787
878.852813	-76.156638
879.110528	-74.842042
879.368393	-73.862594
879.626410	-73.183635
879.884579	-72.795955
880.142899	-72.699300
880.401371	-72.891445
880.659994	-73.359340
880.918770	-74.067811
881.177698	-74.943224
881.436778	-75.851719
881.696010	-76.587710
881.955395	-76.918711
882.214933	-76.715481
882.474623	-76.055860
882.734467	-75.159407
882.994463	-74.249676
883.254613	-73.488112
883.514916	-72.975894
883.775372	-72.774974
884.035982	-72.926821
884.296746	-73.466819
884.557664	-74.436517
884.818735	-75.895538
885.079961	-77.920382
885.341341	-80.469176
885.602876	-82.482595
885.864565	-81.340834
886.126409	-78.203994
886.388407	-75.263111
886.650561	-72.889793
886.912870	-71.018425
887.175334	-69.564726
887.437953	-68.469211
887.700728	-67.692423
887.963658	-67.208096
888.226745	-66.999504
888.489987	-67.057373
888.753385	-67.379198
889.016940	-67.969384
889.280651	-68.840723
889.544518	-70.019677
889.808543	-71.558913
890.072723	-73.563748
890.337061	-76.247189
890.601556	-79.985957
890.866208	-84.257138
891.131017	-82.553291
891.395984	-78.075927
891.661109	-74.849970
891.926391	-72.658389
892.191831	-71.214834
892.457429	-70.371334
892.723186	-70.056718
892.989100	-70.243283
893.255173	-70.933922
893.521405	-72.158792
893.787796	-73.970871
894.054345	-76.368820
894.321053	-78.727579
894.587921	-78.622349
894.854948	-75.768233
895.122134	-72.653882
895.389480	-70.035793
895.656986	-67.926164
895.924651	-66.262174
896.192477	-64.996625
896.460463	-64.097616
896.728609	-63.541355
896.996915	-63.307048
897.265382	-63.373424
897.534010	-63.716481
897.802799	-64.307739
898.071749	-65.114429
898.340860	-66.102082
898.610132	-67.236731
898.879566	-68.475781
899.149162	-69.724372
899.418919	-70.741472
899.688838	-71.114368
899.958919	-70.600364
900.229162	-69.486097
900.499568	-68.251385
900.770136	-67.192884
901.040867	-66.425145
901.311761	-65.972443
901.582817	-65.820139
901.854037	-65.932412
902.125420	-66.256001
902.396966	-66.723841
902.668676	-67.269453
902.940550	-67.856725
903.212587	-68.513437
903.484788	-69.344437
903.757153	-70.526872
904.029683	-72.325504
904.302377	-75.196938
904.575236	-80.124350
904.848259	-85.428766
905.121447	-78.947028
905.394800	-74.182183
905.668319	-71.313689
905.942002	-69.494738
906.215852	-68.351222
906.489866	-67.680355
906.764047	-67.343358
907.038393	-67.223058
907.312906	-67.205644
907.587584	-67.177028
907.862429	-67.032512
908.137441	-66.697846
908.412619	-66.150042
908.687964	-65.421873
908.963476	-64.585735
909.239155	-63.727699
909.515002	-62.926162
909.791015	-62.241891
910.067197	-61.716704
910.343546	-61.375578
910.620063	-61.229066
910.896748	-61.273367
911.173601	-61.487340
911.450623	-61.827395
911.727813	-62.224049
912.005171	-62.589503
912.282699	-62.846005
912.560395	-62.965292
912.838261	-62.985301
913.116296	-62.985423
913.394500	-63.044122
913.672874	-63.209265
913.951418	-63.485104
914.230131	-63.826971
914.509015	-64.143149
914.788068	-64.318164
915.067292	-64.265661
915.346687	-63.976636
915.626252	-63.509624
915.905988	-62.935941
916.185895	-62.301739
916.465973	-61.628628
916.746223	-60.934341
917.026644	-60.248816
917.307236	-59.615788
917.588000	-59.085415
917.868937	-58.706332
918.150045	-58.521750
918.431325	-58.569190
918.712778	-58.881454
918.994404	-59.487215
919.276202	-60.410192
919.558173	-61.664764
919.840317	-63.243864
920.122634	-65.089765
920.405125	-67.038974
920.687789	-68.774128
920.970627	-69.934025
921.253639	-70.417646
921.536824	-70.423014
921.820184	-70.158464
922.103718	-69.726659
922.387427	-69.194638
922.671310	-68.629871
922.955368	-68.058282
923.239601	-67.411221
923.524009	-66.534708
923.808592	-65.306603
924.093351	-63.771983
924.378285	-62.115445
924.663396	-60.523870
924.948682	-59.114165
925.234144	-57.939371
925.519782	-57.013930
925.805597	-56.332061
926.091589	-55.877185
926.377757	-55.625873
926.664102	-55.548931
926.950624	-55.611436
927.237323	-55.772623
927.524200	-55.986594
927.811255	-56.204358
928.098487	-56.377312
928.385897	-56.461066
928.673485	-56.419357
928.961251	-56.228622
929.249196	-55.883341
929.537319	-55.400577
929.825621	-54.818911
930.114102	-54.190245
930.402762	-53.568179
930.691601	-52.998316
930.980620	-52.513563
931.269818	-52.133282
931.559196	-51.864520
931.848753	-51.703821
932.138491	-51.638832
932.428409	-51.649671
932.718508	-51.710323
933.008787	-51.790182
933.299246	-51.856242
933.589887	-51.876180
933.880709	-51.821977
934.171712	-51.674021
934.462896	-51.424596
934.754262	-51.079441
935.045810	-50.656702
935.337539	-50.183213
935.629451	-49.689487
935.921545	-49.205058
936.213822	-48.755107
936.506281	-48.358821
936.798922	-48.028928
937.091747	-47.772001
937.384755	-47.589033
937.677946	-47.476117
937.971321	-47.425106
938.264879	-47.424378
938.558621	-47.459760
938.852547	-47.515775
939.146657	-47.576981
939.440952	-47.629391
939.735431	-47.661888
940.030095	-47.667223
940.324943	-47.642614
940.619977	-47.590006
940.915196	-47.515723
941.210600	-47.429694
941.506189	-47.344296
941.801965	-47.272817
942.097926	-47.228012
942.394074	-47.220649
942.690407	-47.258465
942.986927	-47.345515
943.283634	-47.481893
943.580527	-47.664000
943.877608	-47.885290
944.174875	-48.137489
944.472330	-48.412082
944.769972	-48.701813
945.067802	-49.001582
945.365820	-49.308347
945.664026	-49.620212
945.962420	-49.934513
946.261002	-50.245964
946.559773	-50.545497
946.858733	-50.820566
947.157881	-51.057376
947.457219	-51.244828
947.756746	-51.378663
948.056462	-51.463841
948.356368	-51.513607
948.656464	-51.545823
948.956749	-51.578121
949.257225	-51.623777
949.557891	-51.689021
949.858748	-51.772026
950.159796	-51.863040
950.461034	-51.945565
950.762463	-51.998576
951.064084	-51.999836
951.365896	-51.929764
951.667900	-51.775398
951.970095	-51.533349
952.272483	-51.210556
952.575063	-50.823056
952.877835	-50.393257
953.180799	-49.946563
953.483956	-49.508444
953.787307	-49.102357
954.090850	-48.748463
954.394586	-48.463086
954.698516	-48.258659
955.002640	-48.143823
955.306957	-48.123698
955.611469	-48.200100
955.916174	-48.371856
956.221074	-48.635193
956.526169	-48.984140
956.831458	-49.411094
957.136942	-49.907175
957.442622	-50.462559
957.748496	-51.066494
958.054567	-51.707379
958.360833	-52.372966
958.667294	-53.051151
958.973952	-53.731370
959.280806	-54.406554
959.587857	-55.075019
959.895104	-55.741415
960.202548	-56.415859
960.510189	-57.110206
960.818027	-57.830481
961.126062	-58.564291
961.434295	-59.260625
961.742726	-59.808289
962.051355	-60.043194
962.360182	-59.829475
962.669207	-59.175330
962.978431	-58.236390
963.287854	-57.200808
963.597475	-56.204401
963.907296	-55.320236
964.217315	-54.578279
964.527535	-53.984102
964.837954	-53.530123
965.148573	-53.201430
965.459392	-52.978805
965.770411	-52.840518
966.081630	-52.763856
966.393051	-52.726697
966.704672	-52.708884
967.016494	-52.693443
967.328517	-52.667171
967.640742	-52.620882
967.953169	-52.550012
968.265797	-52.455143
968.578627	-52.342181
968.891660	-52.221956
969.204895	-52.108521
969.518332	-52.016978
969.831972	-51.961436
970.145816	-51.953513
970.459862	-52.001324
970.774112	-52.108756
971.088565	-52.274225
971.403223	-52.489266
971.718084	-52.737291
972.033149	-52.993661
972.348419	-53.228978
972.663893	-53.416231
972.979572	-53.539703
973.295456	-53.601347
973.611546	-53.620376
973.927840	-53.626941
974.244340	-53.654082
974.561046	-53.731372
974.877958	-53.881929
975.195076	-54.121413
975.512401	-54.458243
975.829932	-54.894993
976.147670	-55.430468
976.465615	-56.062004
976.783767	-56.786203
977.102126	-57.594912
977.420693	-58.464152
977.739468	-59.334260
978.058451	-60.089083
978.377642	-60.563170
978.697041	-60.616699
979.016649	-60.240133
979.336466	-59.559352
979.656492	-58.735841
979.976727	-57.890233
980.297171	-57.091255
980.617825	-56.372414
980.938689	-55.746765
981.259763	-55.214987
981.581048	-54.769624
981.902542	-54.398425
982.224248	-54.088286
982.546164	-53.829519
982.868291	-53.618829
983.190630	-53.460003
983.513180	-53.361568
983.835942	-53.333561
984.158916	-53.384818
984.482101	-53.522093
984.805500	-53.751273
985.129110	-54.079769
985.452934	-54.519257
985.776970	-55.087941
986.101220	-55.812650
986.425683	-56.731996
986.750359	-57.903158
987.075250	-59.417551
987.400354	-61.438152
987.725673	-64.301309
988.051206	-68.869242
988.376954	-77.336442
988.702916	-72.054190
989.029094	-65.450592
989.355487	-61.494083
989.682095	-58.684670
990.008919	-56.503583
990.335959	-54.719237
990.663216	-53.208116
990.990688	-51.896405
991.318377	-50.736741
991.646283	-49.697510
991.974406	-48.757360
992.302746	-47.901638
992.631304	-47.119995
992.960079	-46.404708
993.289072	-45.749454
993.618283	-45.148698
993.947713	-44.597488
994.277361	-44.091554
994.607227	-43.627372
994.937313	-43.202291
995.267618	-42.814269
995.598142	-42.461533
995.928886	-42.142261
996.259849	-41.854392
996.591033	-41.595580
996.922437	-41.363300
997.254061	-41.154961
997.585906	-40.968123
997.917972	-40.800611
998.250260	-40.650558
998.582768	-40.516383
998.915498	-40.396721
999.248450	-40.290449
999.581624	-40.196733
999.915020	-40.115067
1000.248639	-40.045280
1000.582480	-39.987487
1000.916545	-39.941938
1001.250832	-39.908953
1001.585343	-39.888925
1001.920077	-39.882393
1002.255035	-39.890136
1002.590218	-39.913233
1002.925624	-39.953087
1003.261255	-40.011348
1003.597111	-40.089910
1003.933192	-40.190967
1004.269497	-40.316991
1004.606029	-40.470636
1004.942785	-40.654657
1005.279768	-40.871801
1005.616977	-41.124686
1005.954412	-41.415790
1006.292074	-41.747530
1006.629962	-42.122552
1006.968077	-42.543853
1007.306420	-43.014862
1007.644990	-43.539456
1007.983787	-44.121793
1008.322813	-44.766097
1008.662067	-45.476354
1009.001549	-46.255643
1009.341259	-47.104213
1009.681199	-48.015293
1010.021367	-48.967224
1010.361765	-49.909502
1010.702392	-50.744044
1011.043250	-51.317977
1011.384337	-51.467489
1011.725654	-51.121277
1012.067202	-50.360739
1012.408980	-49.352614
1012.750989	-48.247611
1013.093230	-47.141261
1013.435702	-46.082376
1013.778405	-45.091518
1014.121341	-44.174547
1014.464508	-43.330520
1014.807908	-42.555590
1015.151540	-41.844694
1015.495405	-41.192514
1015.839503	-40.594006
1016.183835	-40.044474
1016.528400	-39.539476
1016.873198	-39.074968
1017.218231	-38.647369
1017.563498	-38.253379
1017.908999	-37.889730
1018.254735	-37.553288
1018.600707	-37.241235
1018.946913	-36.950999
1019.293354	-36.680110
1019.640032	-36.426342
1019.986945	-36.187947
1020.334094	-35.963535
1020.681480	-35.751962
1021.029102	-35.552443
1021.376961	-35.364679
1021.725058	-35.188659
1022.073391	-35.024415
1022.421962	-34.872119
1022.770772	-34.732212
1023.119819	-34.605280
1023.469104	-34.491903
1023.818628	-34.392758
1024.168391	-34.308753
1024.518393	-34.240796
1024.868634	-34.189523
1025.219115	-34.155323
1025.569836	-34.138501
1025.920796	-34.139203
1026.271997	-34.157293
1026.623438	-34.192465
1026.975121	-34.244527
1027.327044	-34.313474
1027.679208	-34.399387
1028.031614	-34.502483
1028.384262	-34.623366
1028.737152	-34.763140
1029.090284	-34.923220
1029.443659	-35.105136
1029.797276	-35.310625
1030.151137	-35.541690
1030.505240	-35.800455
1030.859587	-36.088980
1031.214178	-36.409460
1031.569013	-36.764597
1031.924093	-37.157581
1032.279417	-37.591785
1032.634985	-38.070717
1032.990799	-38.598226
1033.346858	-39.178274
1033.703162	-39.813944
1034.059712	-40.506209
1034.416509	-41.252506
1034.773551	-42.043958
1035.130841	-42.860032
1035.488377	-43.661459
1035.846160	-44.384605
1036.204190	-44.943609
1036.562468	-45.249221
1036.920994	-45.245355
1037.279768	-44.940000
1037.638790	-44.398484
1037.998061	-43.706155
1038.357581	-42.936111
1038.717350	-42.138571
1039.077368	-41.344015
1039.437636	-40.569254
1039.798154	-39.822538
1040.158922	-39.107449
1040.519940	-38.425538
1040.881209	-37.777518
1041.242729	-37.163543
1041.604501	-36.583335
1041.966524	-36.036300
1042.328798	-35.521463
1042.691325	-35.037285
1043.054103	-34.581685
1043.417135	-34.152262
1043.780419	-33.746552
1044.143956	-33.362200
1044.507746	-32.997019
1044.871791	-32.649009
1045.236088	-32.316378
1045.600641	-31.997593
1045.965447	-31.691407
1046.330508	-31.396785
1046.695824	-31.112841
1047.061395	-30.838865
1047.427222	-30.574308
1047.793304	-30.318770
1048.159642	-30.072004
1048.526237	-29.833925
1048.893088	-29.604614
1049.260196	-29.384338
1049.627561	-29.173552
1049.995183	-28.972821
1050.363063	-28.782737
1050.731201	-28.603891
1051.099597	-28.436816
1051.468251	-28.281892
1051.837164	-28.139303
1052.206336	-28.009029
1052.575767	-27.890881
1052.945458	-27.784569
1053.315409	-27.689756
1053.685619	-27.606053
1054.056090	-27.533022
1054.426821	-27.470226
1054.797814	-27.417292
1055.169067	-27.373918
1055.540582	-27.339877
1055.912359	-27.315054
1056.284398	-27.299471
1056.656698	-27.293305
1057.029262	-27.296893
1057.402088	-27.310641
1057.775177	-27.334889
1058.148530	-27.369800
1058.522146	-27.415301
1058.896027	-27.471068
1059.270171	-27.536624
1059.644580	-27.611417
1060.019254	-27.694850
1060.394193	-27.786298
1060.769397	-27.885114
1061.144867	-27.990650
1061.520602	-28.102347
1061.896604	-28.219865
1062.272872	-28.343199
1062.649407	-28.472725
1063.026210	-28.609081
1063.403279	-28.752865
1063.780616	-28.904360
1064.158221	-29.063492
1064.536094	-29.229993
1064.914235	-29.403740
1065.292645	-29.585126
1065.671325	-29.775252
1066.050273	-29.975806
1066.429491	-30.188712
1066.808979	-30.415737
1067.188738	-30.658227
1067.568766	-30.917160
1067.949066	-31.193358
1068.329636	-31.487679
1068.710478	-31.801116
1069.091592	-32.134776
1069.472977	-32.489729
1069.854635	-32.866830
1070.236565	-33.266681
1070.618768	-33.689749
1071.001243	-34.136621
1071.383993	-34.608303
1071.767016	-35.106259
1072.150313	-35.632053
1072.533884	-36.186475
1072.917730	-36.768080
1073.301850	-37.371101
1073.686246	-37.982740
1074.070917	-38.580138
1074.455864	-39.128095
1074.841087	-39.579582
1075.226586	-39.881806
1075.612362	-39.989325
1075.998415	-39.880024
1076.384745	-39.563691
1076.771353	-39.076877
1077.158238	-38.468602
1077.545401	-37.786680
1077.932843	-37.070162
1078.320564	-36.347551
1078.708564	-35.637929
1079.096842	-34.952919
1079.485401	-34.298662
1079.874240	-33.677398
1080.263358	-33.088571
1080.652757	-32.529753
1081.042438	-31.997508
1081.432399	-31.488073
1081.822641	-30.997937
1082.213166	-30.524388
1082.603972	-30.065836
1082.995061	-29.621845
1083.386433	-29.192941
1083.778087	-28.780221
1084.170025	-28.384904
1084.562246	-28.007884
1084.954751	-27.649341
1085.347541	-27.308495
1085.740615	-26.983540
1086.133973	-26.671739
1086.527617	-26.369713
1086.921546	-26.073871
1087.315761	-25.780895
1087.710262	-25.488241
1088.105050	-25.194559
1088.500124	-24.899939
1088.895485	-24.605902
1089.291134	-24.315126
1089.687070	-24.030958
1090.083294	-23.756831
1090.479806	-23.495728
1090.876607	-23.249751
1091.273696	-23.019797
1091.671075	-22.805412
1092.068744	-22.604821
1092.466702	-22.415111
1092.864950	-22.232591
1093.263489	-22.053282
1093.662319	-21.873426
1094.061440	-21.689965
1094.460852	-21.501011
1094.860555	-21.306188
1095.260551	-21.106674
1095.660840	-20.904973
1096.061421	-20.704510
1096.462295	-20.509133
1096.863462	-20.322587
1097.264923	-20.148036
1097.666678	-19.987650
1098.068727	-19.842292
1098.471071	-19.711357
1098.873710	-19.592787
1099.276644	-19.483193
1099.679874	-19.378134
1100.083400	-19.272593
1100.487222	-19.161616
1100.891340	-19.040999
1101.295756	-18.907895
1101.700468	-18.761259
1102.105478	-18.602051
1102.510787	-18.433075
1102.916393	-18.258546
1103.322298	-18.083466
1103.728502	-17.912909
1104.135005	-17.751416
1104.541807	-17.602467
1104.948909	-17.468099
1105.356312	-17.348695
1105.764015	-17.242939
1106.172019	-17.147977
1106.580324	-17.059691
1106.988931	-16.973148
1107.397840	-16.883216
1107.807051	-16.785261
1108.216564	-16.675806
1108.626380	-16.553035
1109.036500	-16.417064
1109.446923	-16.269929
1109.857649	-16.115240
1110.268680	-15.957633
1110.680016	-15.802135
1111.091657	-15.653567
1111.503602	-15.516028
1111.915854	-15.392525
1112.328411	-15.284727
1112.741275	-15.192848
1113.154445	-15.115661
1113.567922	-15.050617
1113.981706	-14.994076
1114.395798	-14.941637
1114.810198	-14.888567
1115.224906	-14.830293
1115.639923	-14.762912
1116.055249	-14.683663
1116.470884	-14.591271
1116.886829	-14.486073
1117.303084	-14.369918
1117.719650	-14.245888
1118.136526	-14.117874
1118.553713	-13.990069
1118.971212	-13.866476
1119.389022	-13.750535
1119.807145	-13.644840
1120.225580	-13.550944
1120.644328	-13.469290
1121.063389	-13.399209
1121.482763	-13.339023
1121.902452	-13.286222
1122.322454	-13.237710
1122.742771	-13.190092
1123.163404	-13.140041
1123.584351	-13.084652
1124.005614	-13.021741
1124.427193	-12.950068
1124.849089	-12.869436
1125.271301	-12.780676
1125.693830	-12.685462
1126.116677	-12.586070
1126.539842	-12.485080
1126.963324	-12.385106
1127.387126	-12.288574
1127.811246	-12.197531
1128.235685	-12.113561
1128.660444	-12.037749
1129.085522	-11.970693
1129.510922	-11.912527
1129.936641	-11.862956
1130.362682	-11.821317
1130.789044	-11.786602
1131.215728	-11.757484
1131.642734	-11.732359
1132.070063	-11.709412
1132.497714	-11.686696
1132.925689	-11.662256
1133.353987	-11.634274
1133.782610	-11.601223
1134.211556	-11.562027
1134.640827	-11.516188
1135.070424	-11.463856
1135.500345	-11.405810
1135.930593	-11.343387
1136.361166	-11.278341
1136.792067	-11.212648
1137.223294	-11.148284
1137.654848	-11.087020
1138.086730	-11.030291
1138.518940	-10.979102
1138.951479	-10.934001
1139.384346	-10.895103
1139.817543	-10.862155
1140.251069	-10.834650
1140.684925	-10.811927
1141.119111	-10.793271
1141.553628	-10.777967
1141.988475	-10.765317
1142.423655	-10.754666
1142.859166	-10.745378
1143.295009	-10.736809
1143.731185	-10.728290
1144.167694	-10.719180
1144.604536	-10.708910
1145.041711	-10.697004
1145.479221	-10.683138
1145.917065	-10.667221
1146.355245	-10.649482
1146.793759	-10.630442
1147.232609	-10.610830
1147.671795	-10.591481
1148.111317	-10.573274
1148.551177	-10.557055
1148.991373	-10.543534
1149.431907	-10.533191
1149.872779	-10.526216
1150.313989	-10.522594
1150.755538	-10.522221
1151.197426	-10.524939
1151.639653	-10.530510
1152.082220	-10.538628
1152.525128	-10.549037
1152.968376	-10.561586
1153.411966	-10.576164
1153.855897	-10.592574
1154.300169	-10.610497
1154.744784	-10.629541
1155.189742	-10.649338
1155.635042	-10.669576
1156.080687	-10.689935
1156.526674	-10.710071
1156.973007	-10.729694
1157.419683	-10.748708
1157.866705	-10.767226
1158.314072	-10.785443
1158.761786	-10.803506
1159.209845	-10.821515
1159.658251	-10.839611
1160.107004	-10.858036
1160.556104	-10.877070
1161.005553	-10.896929
1161.455349	-10.917737
1161.905494	-10.939631
1162.355989	-10.962879
1162.806832	-10.987900
1163.258026	-11.015112
1163.709570	-11.044806
1164.161464	-11.077140
1164.613710	-11.112235
1165.066307	-11.150220
1165.519256	-11.191193
1165.972558	-11.235137
1166.426212	-11.281860
1166.880219	-11.331078
1167.334580	-11.382531
1167.789295	-11.436071
1168.244364	-11.491603
1168.699788	-11.548974
1169.155567	-11.607934
1169.611702	-11.668172
1170.068193	-11.729377
1170.525041	-11.791272
1170.982245	-11.853571
1171.439807	-11.915912
1171.897726	-11.977837
1172.356004	-12.038888
1172.814640	-12.098730
1173.273635	-12.157236
1173.732989	-12.214471
1174.192703	-12.270615
1174.652778	-12.325913
1175.113213	-12.380665
1175.574009	-12.435232
1176.035167	-12.490050
1176.496687	-12.545563
1176.958569	-12.602121
1177.420814	-12.659945
1177.883422	-12.719163
1178.346394	-12.779844
1178.809730	-12.842073
1179.273430	-12.906009
1179.737496	-12.971842
1180.201927	-13.039750
1180.666723	-13.109892
1181.131886	-13.182383
1181.597416	-13.257307
1182.063312	-13.334733
1182.529576	-13.414671
1182.996209	-13.497009
1183.463209	-13.581498
1183.930579	-13.667793
1184.398317	-13.755446
1184.866426	-13.843982
1185.334904	-13.932984
1185.803754	-14.022121
1186.272974	-14.111199
1186.742566	-14.200150
1187.212529	-14.289015
1187.682865	-14.377917
1188.153574	-14.467050
1188.624656	-14.556610
1189.096112	-14.646741
1189.567942	-14.737516
1190.040147	-14.828879
1190.512726	-14.920699
1190.985681	-15.012833
1191.459012	-15.105167
1191.932720	-15.197711
1192.406804	-15.290657
1192.881265	-15.384357
1193.356104	-15.479192
1193.831322	-15.575508
1194.306918	-15.673559
1194.782893	-15.773406
1195.259248	-15.874924
1195.735982	-15.977828
1196.213097	-16.081703
1196.690593	-16.186091
1197.168471	-16.290601
1197.646730	-16.394904
1198.125371	-16.498777
1198.604395	-16.602187
1199.083803	-16.705184
1199.563594	-16.807847
1200.043769	-16.910329
1200.524329	-17.012759
1201.005273	-17.115196
1201.486604	-17.217664
1201.968320	-17.320122
1202.450422	-17.422479
1202.932912	-17.524705
1203.415789	-17.626840
1203.899054	-17.729017
1204.382707	-17.831497
1204.866748	-17.934627
1205.351179	-18.038779
1205.836000	-18.144339
1206.321211	-18.251638
1206.806812	-18.360824
1207.292805	-18.471893
1207.779189	-18.584726
1208.265965	-18.699118
1208.753134	-18.814874
1209.240696	-18.931911
1209.728651	-19.050310
1210.217000	-19.170229
1210.705744	-19.291871
1211.194883	-19.415428
1211.684417	-19.541015
1212.174347	-19.668616
1212.664673	-19.797992
1213.155396	-19.928735
1213.646516	-20.060384
1214.138034	-20.192522
1214.629951	-20.324786
1215.122266	-20.457055
1215.614980	-20.589390
1216.108095	-20.721973
1216.601609	-20.855055
1217.095524	-20.988794
1217.589841	-21.123094
1218.084559	-21.257677
1218.579679	-21.392069
1219.075202	-21.525555
1219.571128	-21.657450
1220.067458	-21.787217
1220.564191	-21.914584
1221.061330	-22.039594
1221.558874	-22.162558
1222.056823	-22.284004
1222.555178	-22.404599
1223.053940	-22.524754
1223.553109	-22.644743
1224.052686	-22.764671
1224.552671	-22.884487
1225.053065	-23.004268
1225.553867	-23.124176
1226.055079	-23.244544
1226.556702	-23.366072
1227.058735	-23.489531
1227.561179	-23.615805
1228.064035	-23.745703
1228.567303	-23.879651
1229.070983	-24.017679
1229.575077	-24.159349
1230.079585	-24.303992
1230.584506	-24.450969
1231.089842	-24.599620
1231.595594	-24.749596
1232.101761	-24.900955
1232.608345	-25.053905
1233.115345	-25.208622
1233.622762	-25.365112
1234.130597	-25.523216
1234.638851	-25.682201
1235.147523	-25.840811
1235.656615	-25.997868
1236.166126	-26.152367
1236.676058	-26.303626
1237.186411	-26.451405
1237.697185	-26.595999
1238.208381	-26.738131
1238.719999	-26.878113
1239.232040	-27.016173
1239.744505	-27.152127
1240.257394	-27.285256
1240.770708	-27.414758
1241.284446	-27.539868
1241.798610	-27.660264
1242.313201	-27.776172
1242.828218	-27.888324
1243.343662	-27.997937
1243.859534	-28.105949
1244.375834	-28.212905
1244.892563	-28.318842
1245.409721	-28.423189
1245.927309	-28.525134
1246.445327	-28.623677
1246.963777	-28.718337
1247.482657	-28.809311
1248.001970	-28.897525
1248.521716	-28.984300
1249.041894	-29.070665
1249.562506	-29.157433
1250.083553	-29.244641
1250.605034	-29.331617
1251.126950	-29.417730
1251.649302	-29.502524
1252.172091	-29.586310
1252.695316	-29.670221
1253.218979	-29.756279
1253.743079	-29.846562
1254.267619	-29.942602
1254.792597	-30.045389
1255.318015	-30.154833
1255.843874	-30.269998
1256.370173	-30.389720
1256.896913	-30.513228
1257.424095	-30.640452
1257.951720	-30.771798
1258.479787	-30.907960
1259.008298	-31.049394
1259.537254	-31.195309
1260.066654	-31.343643
1260.596499	-31.491921
1261.126790	-31.637122
1261.657527	-31.776928
1262.188711	-31.910114
1262.720342	-32.036441
1263.252422	-32.156128
1263.784950	-32.269158
1264.317928	-32.374986
1264.851355	-32.471848
1265.385232	-32.556943
1265.919560	-32.628241
1266.454340	-32.684706
1266.989572	-32.726156
1267.525256	-32.754189
1268.061394	-32.770922
1268.597985	-32.777520
1269.135031	-32.774012
1269.672531	-32.759671
1270.210487	-32.732681
1270.748899	-32.691788
1271.287768	-32.637374
1271.827094	-32.570795
1272.366877	-32.494531
1272.907119	-32.411252
1273.447820	-32.322714
1273.988981	-32.228905
1274.530601	-32.129206
1275.072683	-32.022649
1275.615226	-31.908673
1276.158230	-31.788573
1276.701697	-31.664652
1277.245627	-31.539718
1277.790021	-31.415654
1278.334879	-31.293284
1278.880202	-31.171825
1279.425991	-31.049877
1279.972245	-30.926394
1280.518966	-30.801289
1281.066155	-30.675828
1281.613811	-30.551902
1282.161936	-30.430999
1282.710529	-30.313451
1283.259593	-30.198574
1283.809126	-30.084723
1284.359131	-29.970636
1284.909607	-29.855837
1285.460555	-29.741605
1286.011976	-29.629836
1286.563870	-29.522099
1287.116237	-29.419435
1287.669080	-29.321316
1288.222397	-29.226371
1288.776191	-29.134083
1289.330460	-29.044365
1289.885207	-28.958348
1290.440431	-28.877390
1290.996133	-28.802530
1291.552314	-28.733887
1292.108975	-28.670454
1292.666115	-28.610358
1293.223737	-28.552122
1293.781839	-28.495381
1294.340424	-28.440450
1294.899491	-28.388107
1295.459041	-28.338463
1296.019075	-28.290441
1296.579593	-28.242135
1297.140597	-28.191573
1297.702086	-28.137377
1298.264061	-28.079709
1298.826524	-28.019479
1299.389474	-27.957784
1299.952912	-27.894723
1300.516839	-27.829356
1301.081255	-27.759918
1301.646162	-27.685331
1302.211559	-27.605404
1302.777448	-27.521008
1303.343829	-27.433521
1303.910702	-27.343819
1304.478069	-27.251531
1305.045930	-27.155281
1305.614285	-27.053235
1306.183136	-26.944592
1306.752483	-26.829635
1307.322326	-26.709506
1307.892666	-26.585027
1308.463504	-26.456109
1309.034841	-26.321510
1309.606677	-26.179482
1310.179012	-26.029000
1310.751849	-25.870355
1311.325186	-25.704855
1311.899025	-25.533908
1312.473366	-25.358091
1313.048211	-25.176915
1313.623559	-24.989251
1314.199412	-24.794470
1314.775770	-24.593235
1315.352634	-24.387145
1315.930004	-24.178240
1316.507881	-23.967548
1317.086266	-23.754911
1317.665159	-23.539638
1318.244562	-23.321237
1318.824474	-23.100211
1319.404897	-22.878085
1319.985831	-22.656511
1320.567276	-22.436423
1321.149234	-22.217474
1321.731706	-21.998686
1322.314691	-21.779484
1322.898190	-21.560131
1323.482205	-21.341764
1324.066736	-21.125598
1324.651783	-20.912052
1325.237347	-20.700568
1325.823430	-20.490263
1326.410031	-20.280512
1326.997151	-20.071790
1327.584791	-19.865207
1328.172952	-19.661745
1328.761634	-19.461602
1329.350839	-19.264003
1329.940566	-19.068008
1330.530817	-18.873464
1331.121592	-18.681042
1331.712891	-18.491851
1332.304716	-18.306586
1332.897068	-18.124942
1333.489946	-17.946083
1334.083352	-17.769143
1334.677287	-17.594219
1335.271750	-17.422072
1335.866744	-17.253580
1336.462268	-17.088990
1337.058323	-16.927572
1337.654910	-16.768340
1338.252029	-16.610835
1338.849682	-16.455456
1339.447869	-16.303023
1340.046591	-16.154020
1340.645848	-16.007981
1341.245641	-15.863937
1341.845972	-15.721062
1342.446840	-15.579358
1343.048246	-15.439553
1343.650191	-15.302357
1344.252677	-15.167885
1344.855702	-15.035438
1345.459269	-14.904256
1346.063379	-14.774213
1346.668030	-14.645877
1347.273226	-14.520051
1347.878965	-14.396894
1348.485250	-14.275753
1349.092080	-14.155683
1349.699456	-14.036224
1350.307380	-13.917847
1350.915851	-13.801423
1351.524871	-13.687495
1352.134441	-13.575780
1352.744560	-13.465456
1353.355231	-13.356026
1353.966453	-13.247725
1354.578227	-13.141249
1355.190555	-13.037000
1355.803436	-12.934589
1356.416872	-12.833111
1357.030863	-12.731899
1357.645411	-12.631155
1358.260515	-12.531627
1358.876177	-12.433926
1359.492397	-12.337904
1360.109176	-12.242799
1360.726516	-12.148070
1361.344416	-12.053905
1361.962877	-11.961002
1362.581901	-11.869870
1363.201487	-11.780244
1363.821637	-11.691333
1364.442352	-11.602574
1365.063632	-11.514250
1365.685478	-11.427210
1366.307891	-11.342098
1366.930871	-11.258835
1367.554420	-11.176813
1368.178538	-11.095698
1368.803226	-11.015835
1369.428485	-10.937939
1370.054315	-10.862360
1370.680717	-10.788610
1371.307693	-10.715856
1371.935242	-10.643703
1372.563366	-10.572582
1373.192065	-10.503274
1373.821341	-10.436180
1374.451193	-10.371000
1375.081623	-10.307179
1375.712632	-10.244664
1376.344221	-10.184002
1376.976389	-10.125707
1377.609139	-10.069590
1378.242470	-10.014816
1378.876384	-9.960598
1379.510881	-9.906920
1380.145963	-9.854446
1380.781629	-9.803785
1381.417881	-9.754972
1382.054720	-9.707699
1382.692147	-9.662001
1383.330161	-9.618560
1383.968765	-9.578210
1384.607959	-9.541136
1385.247743	-9.506673
1385.888119	-9.473972
1386.529087	-9.442694
1387.170648	-9.413128
1387.812804	-9.385542
1388.455554	-9.359688
1389.098899	-9.335001
1389.742842	-9.311374
1390.387381	-9.289500
1391.032519	-9.270346
1391.678256	-9.254327
1392.324592	-9.241051
1392.971529	-9.229943
1393.619068	-9.220933
1394.267208	-9.214475
1394.915952	-9.210805
1395.565300	-9.209486
1396.215253	-9.209790
1396.865812	-9.211481
1397.516977	-9.215130
1398.168749	-9.221501
1398.821130	-9.230795
1399.474120	-9.242551
1400.127719	-9.256411
1400.781930	-9.272639
1401.436752	-9.291901
1402.092186	-9.314467
1402.748234	-9.340035
1403.404897	-9.368255
1404.062174	-9.399418
1404.720067	-9.434258
1405.378577	-9.473126
1406.037705	-9.515418
1406.697451	-9.560018
1407.357817	-9.606191
1408.018803	-9.653794
1408.680410	-9.702701
1409.342639	-9.752246
1410.005492	-9.801559
1410.668968	-9.850479
1411.333068	-9.899945
1411.997795	-9.951308
1412.663147	-10.005478
1413.329127	-10.062751
1413.995736	-10.123402
1414.662973	-10.187942
1415.330840	-10.256572
1415.999339	-10.328380
1416.668469	-10.401414
1417.338232	-10.473804
1418.008628	-10.544608
1418.679659	-10.613535
1419.351325	-10.680282
1420.023628	-10.744317
1420.696568	-10.805692
1421.370145	-10.865516
1422.044362	-10.925504
1422.719219	-10.986770
1423.394717	-11.049455
1424.070856	-11.113271
1424.747638	-11.177987
1425.425064	-11.243004
1426.103134	-11.306593
1426.781850	-11.365998
1427.461212	-11.418747
1428.141221	-11.463761
1428.821878	-11.501325
1429.503185	-11.532221
1430.185141	-11.557335
1430.867749	-11.578003
1431.551008	-11.596247
1432.234920	-11.613842
1432.919486	-11.631169
1433.604707	-11.647147
1434.290583	-11.660340
1434.977116	-11.669765
1435.664307	-11.674744
1436.352156	-11.674266
1437.040664	-11.667142
1437.729833	-11.653180
1438.419663	-11.633753
1439.110156	-11.611146
1439.801312	-11.587781
1440.493132	-11.566240
1441.185617	-11.549898
1441.878768	-11.542579
1442.572586	-11.547022
1443.267072	-11.563523
1443.962228	-11.589832
1444.658053	-11.621975
1445.354549	-11.654776
1446.051717	-11.682044
1446.749558	-11.697593
1447.448073	-11.697665
1448.147263	-11.682931
1448.847128	-11.658452
1449.547671	-11.632022
1450.248891	-11.612530
1450.950789	-11.609093
1451.653368	-11.630071
1452.356627	-11.681328
1453.060568	-11.764868
1453.765192	-11.879011
1454.470500	-12.019566
1455.176492	-12.180554
1455.883170	-12.353816
1456.590534	-12.529059
1457.298586	-12.695212
1458.007327	-12.842376
1458.716758	-12.962607
1459.426880	-13.049885
1460.137693	-13.101124
1460.849199	-13.118167
1461.561398	-13.108455
1462.274293	-13.083366
1462.987883	-13.055944
1463.702170	-13.039633
1464.417155	-13.047691
1465.132838	-13.091647
1465.849222	-13.179118
1466.566306	-13.312515
1467.284093	-13.489206
1468.002582	-13.701739
1468.721775	-13.937060
1469.441674	-14.175927
1470.162278	-14.394629
1470.883590	-14.569883
1471.605609	-14.684341
1472.328338	-14.730266
1473.051777	-14.711197
1473.775928	-14.641619
1474.500790	-14.543652
1475.226367	-14.440987
1475.952657	-14.353255
1476.679663	-14.293711
1477.407386	-14.269676
1478.135826	-14.283028
1478.864985	-14.330093
1479.594863	-14.402571
1480.325463	-14.490435
1481.056784	-14.585258
1481.788828	-14.681904
1482.521597	-14.778739
1483.255090	-14.878265
1483.989309	-14.987482
1484.724256	-15.116079
1485.459931	-15.272495
1486.196336	-15.460875
1486.933471	-15.680038
1487.671337	-15.922721
1488.409937	-16.173619
1489.149270	-16.408324
1489.889337	-16.596573
1490.630141	-16.709445
1491.371682	-16.726707
1492.113961	-16.641636
1492.856979	-16.463534
1493.600738	-16.216431
1494.345238	-15.932458
1495.090481	-15.643210
1495.836467	-15.375027
1496.583198	-15.149121
1497.330675	-14.982515
1498.078899	-14.887739
1498.827872	-14.872527
1499.577593	-14.941114
1500.328065	-15.095806
1501.079289	-15.336388
1501.831265	-15.657818
1502.583995	-16.048650
1503.337480	-16.491130
1504.091721	-16.960824
1504.846719	-17.424917
1505.602475	-17.843778
1506.358991	-18.179921
1507.116268	-18.409529
1507.874306	-18.527474
1508.633108	-18.545330
1509.392673	-18.486580
1510.153004	-18.377659
1510.914101	-18.235807
1511.675965	-18.062235
1512.438599	-17.844244
1513.202002	-17.559975
1513.966176	-17.182290
1514.731122	-16.686850
1515.496842	-16.064324
1516.263336	-15.326056
1517.030607	-14.498761
1517.798654	-13.616186
1518.567479	-12.713315
1519.337083	-11.821583
1520.107468	-10.965413
1520.878634	-10.161954
1521.650584	-9.423462
1522.423317	-8.759045
1523.196836	-8.174914
1523.971141	-7.674808
1524.746233	-7.261226
1525.522115	-6.936491
1526.298786	-6.702649
1527.076249	-6.561165
1527.854504	-6.513473
1528.633553	-6.561769
1529.413397	-6.709133
1530.194037	-6.959092
1530.975474	-7.315722
1531.757709	-7.784229
1532.540745	-8.370629
1533.324581	-9.079620
1534.109220	-9.910316
1534.894662	-10.847823
1535.680909	-11.845122
1536.467961	-12.791247
1537.255821	-13.484194
1538.044489	-13.682576
1538.833967	-13.283268
1539.624256	-12.427661
1540.415357	-11.364318
1541.207271	-10.284954
1542.000000	-9.291350
1542.793545	-8.426217
1543.587907	-7.702702
1544.383087	-7.120500
1545.179088	-6.673845
1545.975909	-6.355646
1546.773552	-6.159129
1547.572019	-6.077856
1548.371311	-6.105737
1549.171428	-6.237709
1549.972373	-6.470179
1550.774147	-6.800627
1551.576751	-7.227363
1552.380185	-7.750153
1553.184453	-8.370642
1553.989554	-9.091457
1554.795490	-9.914674
1555.602263	-10.840292
1556.409873	-11.862277
1557.218322	-12.958426
1558.027612	-14.073289
1558.837743	-15.098598
1559.648717	-15.868330
1560.460536	-16.211652
1561.273200	-16.071224
1562.086710	-15.556048
1562.901069	-14.847460
1563.716278	-14.093089
1564.532337	-13.379869
1565.349249	-12.748385
1566.167014	-12.211323
1566.985634	-11.768171
1567.805111	-11.413932
1568.625444	-11.141807
1569.446637	-10.944175
1570.268690	-10.814623
1571.091605	-10.748863
1571.915382	-10.743540
1572.740024	-10.795644
1573.565532	-10.903355
1574.391907	-11.065689
1575.219150	-11.280762
1576.047262	-11.545496
1576.876246	-11.856438
1577.706103	-12.208879
1578.536833	-12.595472
1579.368439	-13.007020
1580.200922	-13.433591
1581.034282	-13.863676
1581.868522	-14.284070
1582.703643	-14.682262
1583.539646	-15.047544
1584.376532	-15.370011
1585.214304	-15.641732
1586.052962	-15.858935
1586.892508	-16.020809
1587.732943	-16.128035
1588.574269	-16.184328
1589.416487	-16.196144
1590.259599	-16.169699
1591.103605	-16.110734
1591.948508	-16.025615
1592.794309	-15.919538
1593.641009	-15.795524
1594.488609	-15.656495
1595.337112	-15.506087
1596.186518	-15.347597
1597.036829	-15.184882
1597.888047	-15.023895
1598.740172	-14.871343
1599.593207	-14.733203
1600.447153	-14.615347
1601.302010	-14.523032
1602.157782	-14.458764
1603.014469	-14.422223
1603.872072	-14.411162
1604.730593	-14.420488
1605.590034	-14.441961
1606.450397	-14.466245
1607.311681	-14.484277
1608.173890	-14.487473
1609.037024	-14.469652
1609.901085	-14.429181
1610.766075	-14.368157
1611.631995	-14.291016
1612.498846	-14.204533
1613.366630	-14.116225
1614.235349	-14.031509
1615.105004	-13.953463
1615.975596	-13.883428
1616.847128	-13.819886
1617.719600	-13.758885
1618.593014	-13.696632
1619.467372	-13.630193
1620.342675	-13.557493
1621.218924	-13.479266
1622.096122	-13.399575
1622.974270	-13.323669
1623.853369	-13.257344
1624.733420	-13.206831
1625.614427	-13.176328
1626.496389	-13.166622
1627.379308	-13.176175
1628.263187	-13.200689
1629.148026	-13.232592
1630.033828	-13.263721
1630.920593	-13.287457
1631.808324	-13.298879
1632.697022	-13.296867
1633.586688	-13.285517
1634.477324	-13.271750
1635.368932	-13.263676
1636.261514	-13.270098
1637.155070	-13.297486
1638.049602	-13.347888
1638.945113	-13.419994
1639.841603	-13.508729
1640.739075	-13.604942
1641.637529	-13.698807
1642.536968	-13.782245
1643.437393	-13.849596
1644.338806	-13.900311
1645.241209	-13.939576
1646.144602	-13.975095
1647.048988	-14.015317
1647.954368	-14.067871
1648.860744	-14.135881
1649.768118	-14.217039
1650.676491	-14.305199
1651.585865	-14.390534
1652.496241	-14.461925
1653.407621	-14.511889
1654.320008	-14.538183
1655.233401	-14.544140
1656.147804	-14.539259
1657.063218	-14.535506
1657.979645	-14.542675
1658.897085	-14.567138
1659.815542	-14.609557
1660.735016	-14.663417
1661.655509	-14.718298
1662.577023	-14.762774
1663.499560	-14.786944
1664.423121	-14.787646
1665.347709	-14.770081
1666.273324	-14.744866
1667.199969	-14.726136
1668.127645	-14.727402
1669.056353	-14.755970
1669.986097	-14.812351
1670.916877	-14.890191
1671.848695	-14.975917
1672.781553	-15.054181
1673.715452	-15.113237
1674.650395	-15.147533
1675.586383	-15.161588
1676.523418	-15.168693
1677.461501	-15.184048
1678.400635	-15.220894
1679.340821	-15.285960
1680.282061	-15.374682
1681.224357	-15.473501
1682.167710	-15.563371
1683.112122	-15.624190
1684.057595	-15.644571
1685.004132	-15.626656
1685.951732	-15.583650
1686.900400	-15.536135
1687.850135	-15.503202
1688.800940	-15.493862
1689.752818	-15.505915
1690.705768	-15.525902
1691.659795	-15.533056
1692.614898	-15.510004
1693.571081	-15.450272
1694.528345	-15.361553
1695.486691	-15.264706
1696.446122	-15.183978
1697.406640	-15.137346
1698.368245	-15.131746
1699.330941	-15.159506
1700.294729	-15.201005
1701.259611	-15.233475
1702.225588	-15.239607
1703.192664	-15.216408
1704.160838	-15.177736
1705.130114	-15.145830
1706.100493	-15.140849
1707.071977	-15.171390
1708.044568	-15.227977
1709.018268	-15.285800
1709.993079	-15.314260
1710.969003	-15.290418
1711.946041	-15.212456
1712.924196	-15.100781
1713.903469	-14.985932
1714.883862	-14.893888
1715.865378	-14.834063
1716.848017	-14.795717
1717.831783	-14.755161
1718.816677	-14.688684
1719.802701	-14.587092
1720.789857	-14.463616
1721.778147	-14.347080
1722.767573	-14.267091
1723.758136	-14.240515
1724.749840	-14.262838
1725.742685	-14.309794
1726.736673	-14.348576
1727.731808	-14.353843
1728.728090	-14.322795
1729.725521	-14.276111
1730.724105	-14.242924
1731.723842	-14.242840
1732.724735	-14.272548
1733.726785	-14.304923
1734.729995	-14.303764
1735.734366	-14.245492
1736.739902	-14.136334
1737.746603	-14.010253
1738.754472	-13.907106
1739.763510	-13.850891
1740.773721	-13.838420
1741.785105	-13.841993
1742.797665	-13.827900
1743.811403	-13.778960
1744.826321	-13.707156
1745.842422	-13.646500
1746.859706	-13.629012
1747.878177	-13.663662
1748.897835	-13.728965
1749.918685	-13.781902
1750.940726	-13.784650
1751.963963	-13.730917
1752.988395	-13.649701
1754.014027	-13.583906
1755.040860	-13.559438
1756.068895	-13.568698
1757.098135	-13.577277
1758.128583	-13.548385
1759.160240	-13.473485
1760.193109	-13.381628
1761.227191	-13.317943
1762.262488	-13.312860
1763.299004	-13.361017
1764.336740	-13.423556
1765.375697	-13.454321
1766.415880	-13.432952
1767.457288	-13.381121
1768.499926	-13.342568
1769.543794	-13.345856
1770.588895	-13.382409
1771.635231	-13.410762
1772.682805	-13.389391
1773.731619	-13.313911
1774.781674	-13.222443
1775.832973	-13.165940
1776.885519	-13.168797
1777.939312	-13.212189
1778.994357	-13.249855
1780.050654	-13.244767
1781.108207	-13.201900
1782.167017	-13.161663
1783.227087	-13.161225
1784.288418	-13.201516
1785.351013	-13.243418
1786.414875	-13.240801
1787.480006	-13.183349
1788.546407	-13.107410
1789.614082	-13.063751
1790.683032	-13.073122
1791.753259	-13.111313
1792.824767	-13.131995
1793.897557	-13.110094
1794.971632	-13.066912
1796.046994	-13.046498
1797.123645	-13.071273
1798.201588	-13.118654
1799.280824	-13.139603
1800.361357	-13.107054
1801.443188	-13.044182
1802.526320	-13.001567
1803.610756	-13.007380
1804.696497	-13.041294
1805.783546	-13.056204
1806.871906	-13.027172
1807.961578	-12.979437
1809.052565	-12.960895
1810.144870	-12.990429
1811.238494	-13.037151
1812.333441	-13.049711
1813.429713	-13.011633
1814.527311	-12.960666
1815.626239	-12.946997
1816.726499	-12.980219
1817.828094	-13.019309
1818.931025	-13.017414
1820.035295	-12.975803
1821.140906	-12.942544
1822.247862	-12.957003
1823.356165	-13.004602
1824.465816	-13.031544
1825.576819	-13.005789
1826.689175	-12.955922
1827.802888	-12.937526
1828.917960	-12.968520
1830.034394	-13.009994
1831.152191	-13.012027
1832.271354	-12.975127
1833.391887	-12.949482
1834.513790	-12.971472
1835.637068	-13.018719
1836.761722	-13.035302
1837.887755	-13.001504
1839.015169	-12.960026
1840.143968	-12.961675
1841.274153	-13.003034
1842.405727	-13.031460
1843.538693	-13.012774
1844.673053	-12.976120
1845.808810	-12.973733
1846.945966	-13.011434
1848.084525	-13.040564
1849.224488	-13.022763
1850.365858	-12.983440
1851.508638	-12.977606
1852.652831	-13.016031
1853.798438	-13.051151
1854.945463	-13.041418
1856.093909	-13.008742
1857.243777	-13.006046
1858.395071	-13.042358
1859.547794	-13.070890
1860.701947	-13.056110
1861.857533	-13.025945
1863.014556	-13.030736
1864.173018	-13.070194
1865.332922	-13.093976
1866.494270	-13.075226
1867.657065	-13.050739
1868.821309	-13.065463
1869.987006	-13.106453
1871.154158	-13.123041
1872.322768	-13.102953
1873.492839	-13.089538
1874.664373	-13.112867
1875.837373	-13.144127
1877.011841	-13.141596
1878.187782	-13.117208
1879.365197	-13.117515
1880.544089	-13.149860
1881.724460	-13.171839
1882.906315	-13.158830
1884.089655	-13.142897
1885.274483	-13.158940
1886.460803	-13.188889
1887.648616	-13.192862
1888.837927	-13.175245
1890.028736	-13.175641
1891.221049	-13.201263
1892.414866	-13.215830
1893.610192	-13.201709
1894.807028	-13.190331
1896.005379	-13.208274
1897.205246	-13.233396
1898.406633	-13.233812
1899.609542	-13.222172
1900.813977	-13.231302
1902.019940	-13.256487
1903.227434	-13.265449
1904.436462	-13.255978
1905.647028	-13.258610
1906.859133	-13.280933
1908.072781	-13.294777
1909.287976	-13.287480
1910.504719	-13.284467
1911.723013	-13.302905
1912.942863	-13.322059
1914.164270	-13.322263
1915.387238	-13.319823
1916.611770	-13.334612
1917.837868	-13.352470
1919.065536	-13.352181
1920.294777	-13.345326
1921.525594	-13.354077
1922.757989	-13.369592
1923.991967	-13.370013
1925.227529	-13.363352
1926.464679	-13.372373
1927.703420	-13.390081
1928.943755	-13.392408
1930.185688	-13.385042
1931.429221	-13.392007
1932.674356	-13.407204
1933.921099	-13.405864
1935.169451	-13.395796
1936.419415	-13.403481
1937.670996	-13.420131
1938.924195	-13.418727
1940.179017	-13.410847
1941.435463	-13.423249
1942.693538	-13.439911
1943.953245	-13.434097
1945.214586	-13.426732
1946.477566	-13.442274
1947.742186	-13.454249
1949.008451	-13.442809
1950.276363	-13.441269
1951.545926	-13.463023
1952.817143	-13.469541
1954.090017	-13.456709
1955.364551	-13.465324
1956.640749	-13.486003
1957.918615	-13.478154
1959.198150	-13.465589
1960.479359	-13.482652
1961.762244	-13.492140
1963.046810	-13.473162
1964.333059	-13.473919
1965.620995	-13.495753
1966.910621	-13.486081
1968.201940	-13.465591
1969.494956	-13.479181
1970.789672	-13.484637
1972.086091	-13.456864
1973.384217	-13.453844
1974.684053	-13.472709
1975.985602	-13.454827
1977.288869	-13.434222
1978.593855	-13.451746
1979.900566	-13.448936
1981.209003	-13.417894
1982.519171	-13.423780
1983.831073	-13.435943
1985.144712	-13.408013
1986.460093	-13.401261
1987.777217	-13.421935
1989.096089	-13.402649
1990.416713	-13.383005
1991.739092	-13.403558
1993.063228	-13.394675
1994.389127	-13.365974
1995.716791	-13.382104
1997.046223	-13.385177
1998.377428	-13.353405
1999.710409	-13.361413
2001.045169	-13.370859
2002.381713	-13.336418
2003.720043	-13.334138
2005.060163	-13.347390
2006.402077	-13.314760
2007.745788	-13.305680
2009.091301	-13.320216
2010.438618	-13.288113
2011.787743	-13.272131
2013.138680	-13.285107
2014.491433	-13.254045
2015.846005	-13.236634
2017.202399	-13.250425
2018.560621	-13.219989
2019.920673	-13.202083
2021.282558	-13.216002
2022.646281	-13.186078
2024.011846	-13.170738
2025.379256	-13.185486
2026.748515	-13.156317
2028.119626	-13.145969
2029.492594	-13.160729
2030.867422	-13.131688
2032.244114	-13.127105
2033.622673	-13.138562
2035.003104	-13.108796
2036.385411	-13.111449
2037.769597	-13.117823
2039.155665	-13.088155
2040.543621	-13.096037
2041.933467	-13.091683
2043.325208	-13.062990
2044.718847	-13.075321
2046.114389	-13.060505
2047.511837	-13.036863
2048.911195	-13.047717
2050.312467	-13.020669
2051.715657	-13.005353
2053.120769	-13.010917
2054.527807	-12.977894
2055.936775	-12.972671
2057.347677	-12.966399
2058.760516	-12.934144
2060.175297	-12.937081
2061.592025	-12.919479
2063.010701	-12.898276
2064.431332	-12.903012
2065.853921	-12.879042
2067.278472	-12.873909
2068.704988	-12.872921
2070.133475	-12.852707
2071.563936	-12.860270
2072.996375	-12.850498
2074.430796	-12.842537
2075.867204	-12.850970
2077.305603	-12.836551
2078.745996	-12.841227
2080.188389	-12.840874
2081.632784	-12.830612
2083.079187	-12.837728
2084.527601	-12.828328
2085.978030	-12.826525
2087.430480	-12.825971
2088.884954	-12.815795
2090.341455	-12.816149
2091.799990	-12.806791
2093.260561	-12.801287
2094.723173	-12.796085
2096.187831	-12.785714
2097.654538	-12.782596
2099.123300	-12.772261
2100.594119	-12.764908
2102.067001	-12.759856
2103.541950	-12.751270
2105.018971	-12.748819
2106.498067	-12.742881
2107.979243	-12.736734
2109.462503	-12.736586
2110.947853	-12.732162
2112.435295	-12.733635
2113.924836	-12.735184
2115.416478	-12.735230
2116.910227	-12.743177
2118.406087	-12.744452
2119.904063	-12.750261
2121.404158	-12.753962
2122.906378	-12.764274
2124.410727	-12.770783
2125.917210	-12.772297
2127.425831	-12.784938
2128.936594	-12.784603
2130.449505	-12.796465
2131.964567	-12.797464
2133.481786	-12.803420
2135.001166	-12.807563
2136.522711	-12.808144
2138.046427	-12.815311
2139.572317	-12.813579
2141.100388	-12.823083
2142.630642	-12.820169
2144.163085	-12.830358
2145.697722	-12.827083
2147.234558	-12.836718
2148.773596	-12.838184
2150.314842	-12.844908
2151.858301	-12.853433
2153.403977	-12.857700
2154.951875	-12.872210
2156.502000	-12.877219
2158.054357	-12.895308
2159.608950	-12.903770
2161.165785	-12.925241
2162.724866	-12.934458
2164.286198	-12.958493
2165.849786	-12.968823
2167.415635	-12.993479
2168.983749	-13.005539
2170.554134	-13.027301
2172.126795	-13.042320
2173.701737	-13.060485
2175.278964	-13.075560
2176.858481	-13.093554
2178.440294	-13.108487
2180.024408	-13.125992
2181.610827	-13.140197
2183.199557	-13.157604
2184.790602	-13.173475
2186.383968	-13.188410
2187.979660	-13.205999
2189.577683	-13.220882
2191.178041	-13.237353
2192.780741	-13.253126
2194.385787	-13.270941
2195.993185	-13.290170
2197.602939	-13.308669
2199.215054	-13.331746
2200.829537	-13.355160
2202.446392	-13.380390
2204.065624	-13.408118
2205.687239	-13.438412
2207.311242	-13.466861
2208.937638	-13.500538
2210.566433	-13.531173
2212.197631	-13.567587
2213.831239	-13.596635
2215.467261	-13.633481
2217.105703	-13.661534
2218.746570	-13.695200
2220.389867	-13.724656
2222.035601	-13.757134
2223.683776	-13.783466
2225.334398	-13.813837
2226.987472	-13.840250
2228.643004	-13.869677
2230.300999	-13.897238
2231.961463	-13.926660
2233.624402	-13.954388
2235.289820	-13.983100
2236.957723	-14.014838
2238.628118	-14.042478
2240.301009	-14.078751
2241.976402	-14.112622
2243.654303	-14.154902
2245.334717	-14.191046
2247.017650	-14.234932
2248.703108	-14.282311
2250.391096	-14.330853
2252.081620	-14.380338
2253.774686	-14.425607
2255.470300	-14.482315
2257.168467	-14.526052
2258.869193	-14.577110
2260.572484	-14.622555
2262.278345	-14.667369
2263.986783	-14.717125
2265.697804	-14.757694
2267.411412	-14.806179
2269.127615	-14.845799
2270.846417	-14.891522
2272.567826	-14.936781
2274.291846	-14.975585
2276.018484	-15.026551
2277.747745	-15.065159
2279.479637	-15.112906
2281.214164	-15.161104
2282.951333	-15.200549
2284.691149	-15.257786
2286.433619	-15.303291
2288.178750	-15.356671
2289.926546	-15.418917
2291.677014	-15.471137
2293.430161	-15.538953
2295.185992	-15.608276
2296.944513	-15.669805
2298.705732	-15.748503
2300.469653	-15.817372
2302.236283	-15.880966
2304.005629	-15.959659
2305.777696	-16.018120
2307.552492	-16.081324
2309.330022	-16.152342
2311.110292	-16.205084
2312.893310	-16.265761
2314.679080	-16.332972
2316.467611	-16.382531
2318.258907	-16.440496
2320.052976	-16.508309
2321.849824	-16.557145
2323.649457	-16.617387
2325.451883	-16.690154
2327.257106	-16.741831
2329.065135	-16.808678
2330.875975	-16.888884
2332.689633	-16.948684
2334.506116	-17.021422
2336.325430	-17.109173
2338.147581	-17.187623
2339.972578	-17.263525
2341.800425	-17.363187
2343.631130	-17.459306
2345.464700	-17.535345
2347.301141	-17.634385
2349.140461	-17.740208
2350.982665	-17.809049
2352.827760	-17.896004
2354.675754	-17.998811
2356.526653	-18.066392
2358.380464	-18.135295
2360.237195	-18.219620
2362.096851	-18.303894
2363.959440	-18.364244
2365.824968	-18.425122
2367.693444	-18.518423
2369.564873	-18.600717
2371.439263	-18.647964
2373.316620	-18.733576
2375.196953	-18.846750
2377.080267	-18.918311
2378.966570	-18.986438
2380.855869	-19.098209
2382.748171	-19.213704
2384.643484	-19.301169
2386.541815	-19.390636
2388.443170	-19.504958
2390.347557	-19.646273
2392.254984	-19.758660
2394.165457	-19.839281
2396.078984	-19.952995
2397.995572	-20.114568
2399.915229	-20.219585
2401.837961	-20.277907
2403.763777	-20.376047
2405.692684	-20.515635
2407.624689	-20.612735
2409.559800	-20.670061
2411.498023	-20.735495
2413.439368	-20.831760
2415.383840	-20.947116
2417.331449	-21.050118
2419.282201	-21.111680
2421.236104	-21.175403
2423.193165	-21.298622
2425.153393	-21.452468
2427.116795	-21.565312
2429.083378	-21.629392
2431.053151	-21.706137
2433.026121	-21.851454
2435.002297	-22.035350
2436.981685	-22.182395
2438.964293	-22.275622
2440.950131	-22.393807
2442.939204	-22.528130
2444.931522	-22.704047
2446.927092	-22.872203
2448.925923	-23.027893
2450.928022	-23.104446
2452.933397	-23.185514
2454.942056	-23.257234
2456.954008	-23.392085
2458.969260	-23.565099
2460.987821	-23.680961
2463.009699	-23.779500
2465.034902	-23.811746
2467.063437	-23.866665
2469.095315	-23.957159
2471.130542	-24.109506
2473.169127	-24.289414
2475.211078	-24.450671
2477.256404	-24.567770
2479.305112	-24.659572
2481.357212	-24.731507
2483.412713	-24.824407
2485.471621	-24.970769
2487.533946	-25.170672
2489.599696	-25.392102
2491.668880	-25.642480
2493.741507	-25.870497
2495.817585	-26.041420
2497.897122	-26.155590
2499.980127	-26.218804
2502.066609	-26.270206
2504.156578	-26.346343
2506.250040	-26.445249
2508.347006	-26.599982
2510.447483	-26.803350
2512.551482	-26.994205
2514.659010	-27.193647
2516.770076	-27.363044
2518.884690	-27.492820
2521.002861	-27.591738
2523.124597	-27.661171
2525.249907	-27.703752
2527.378801	-27.757091
2529.511287	-27.804447
2531.647375	-27.870542
2533.787074	-27.953903
2535.930393	-28.076452
2538.077340	-28.246512
2540.227927	-28.431297
2542.382160	-28.641034
2544.540051	-28.884847
2546.701608	-29.116919
2548.866840	-29.397826
2551.035757	-29.597992
2553.208369	-29.861321
2555.384684	-30.052155
2557.564713	-30.303360
2559.748465	-30.463533
2561.935948	-30.680455
2564.127174	-30.862504
2566.322152	-31.031806
2568.520890	-31.193595
2570.723399	-31.328946
2572.929689	-31.461717
2575.139769	-31.571558
2577.353649	-31.676508
2579.571340	-31.793102
2581.792849	-31.917207
2584.018189	-32.036023
2586.247368	-32.125120
2588.480396	-32.266719
2590.717284	-32.400001
2592.958041	-32.558756
2595.202678	-32.718840
2597.451204	-32.875076
2599.703630	-33.032853
2601.959966	-33.194229
2604.220222	-33.342226
2606.484408	-33.540255
2608.752535	-33.778384
2611.024612	-34.037929
2613.300651	-34.368256
2615.580661	-34.751374
2617.864653	-35.108358
2620.152638	-35.439439
2622.444625	-35.664114
2624.740626	-35.741604
2627.040651	-35.691821
2629.344710	-35.518548
2631.652814	-35.327061
2633.964974	-35.221678
2636.281200	-35.210364
2638.601504	-35.328951
2640.925896	-35.612494
2643.254386	-35.945653
2645.586987	-36.297466
2647.923707	-36.596881
2650.264559	-36.708880
2652.609554	-36.779038
2654.958702	-36.912554
2657.312015	-37.143132
2659.669503	-37.620193
2662.031178	-38.252934
2664.397051	-38.773528
2666.767132	-39.153436
2669.141434	-39.224716
2671.519968	-39.157156
2673.902745	-39.350249
2676.289776	-39.748031
2678.681072	-40.238757
2681.076646	-40.559252
2683.476508	-40.421416
2685.880671	-40.168910
2688.289145	-40.123607
2690.701942	-40.264757
2693.119075	-40.493621
2695.540554	-40.506954
2697.966391	-40.214920
2700.396599	-40.060133
2702.831189	-40.313366
2705.270172	-40.776135
2707.713561	-41.077177
2710.161368	-41.025640
2712.613605	-41.063054
2715.070283	-41.532976
2717.531416	-42.158788
2719.997014	-42.402713
2722.467090	-42.396087
2724.941657	-42.630718
2727.420726	-43.391626
2729.904310	-44.163754
2732.392421	-44.376701
2734.885072	-44.534933
2737.382275	-45.310124
2739.884042	-46.133409
2742.390387	-46.201833
2744.901321	-46.195370
2747.416857	-46.722403
2749.937008	-46.807005
2752.461787	-46.152089
2754.991206	-45.968959
2757.525279	-46.318699
2760.064017	-46.066756
2762.607434	-45.634089
2765.155544	-45.984179
2767.708358	-46.382855
2770.265890	-45.948439
2772.828153	-45.860962
2775.395160	-46.337538
2777.966924	-46.269139
2780.543459	-46.007920
2783.124778	-46.548460
2785.710894	-46.929777
2788.301821	-46.814767
2790.897572	-47.352570
2793.498160	-48.068479
2796.103599	-48.297093
2798.713903	-49.177835
2801.329085	-50.124397
2803.949159	-50.589128
2806.574139	-51.849795
2809.204038	-52.462038
2811.838871	-52.446847
2814.478650	-53.423247
2817.123391	-52.979709
2819.773107	-52.804146
2822.427812	-53.905661
2825.087521	-53.420149
2827.752247	-53.620098
2830.422005	-53.963936
2833.096808	-53.134229
2835.776672	-53.124578
2838.461611	-52.623664
2841.151638	-52.297826
2843.846769	-52.072928
2846.547019	-51.784374
2849.252401	-51.642332
2851.962930	-51.266681
2854.678621	-51.727887
2857.399489	-51.657631
2860.125549	-51.912009
2862.856815	-53.031385
2865.593302	-52.928976
2868.335026	-54.328402
2871.082002	-54.962068
2873.834244	-55.193267
2876.591767	-56.185047
2879.354588	-56.058300
2882.122721	-56.742433
2884.896181	-57.351092
2887.674984	-58.386693
2890.459146	-59.414376
2893.248681	-60.578077
2896.043606	-61.534491
2898.843937	-63.361172
2901.649687	-63.131903
2904.460875	-64.856010
2907.277515	-62.566383
2910.099623	-62.872957
2912.927215	-60.079309
2915.760308	-59.882207
2918.598916	-58.512508
2921.443057	-58.504287
2924.292747	-57.728627
2927.148002	-58.101260
2930.008837	-58.733744
2932.875270	-58.848786
2935.747318	-59.844858
2938.624995	-59.731670
2941.508320	-59.738388
2944.397308	-59.708440
2947.291977	-60.269544
2950.192343	-59.605846
2953.098423	-60.656552
2956.010234	-60.349600
2958.927792	-61.086000
2961.851116	-60.756659
2964.780221	-62.154309
2967.715126	-62.780518
2970.655847	-64.066215
2973.602402	-67.180100
2976.554808	-69.153158
2979.513083	-74.578994
2982.477243	-80.654601
2985.447308	-76.652888
2988.423293	-71.956414
2991.405218	-66.754535
2994.393099	-66.804917
2997.386955	-68.183838
