# 2022-03-21_21.49.13
# shape = sech2
# FWHM_ps = 0.1
# carrier_nm = 1542
# frep_MHz = 12126
# pow_mW = 8000
# GDD = 0.0
# propa_len = 0.10488888888888889
# untap_len = 0.01
# taper_len = 0.04488888888888889
# waist_len = 0.02
# uptap_len = 0.02
# untap_scale = 1.0
# waist_scale = 0.24210526315789477
# workingDir = NL_20110305_12 (Spirou)
# axis = slow
# window_ps = 10.0
# steps = 200
# points = 21700
# 
# wavelength [nm]	 power spectral density [dB]
600.043425	-82.164371
600.163550	-82.526351
600.283723	-82.918906
600.403943	-83.329765
600.524212	-83.750456
600.644529	-84.164795
600.764895	-84.557073
600.885308	-84.928552
601.005770	-85.280601
601.126280	-85.618867
601.246839	-85.959980
601.367446	-86.322905
601.488101	-86.730105
601.608804	-87.199726
601.729557	-87.746450
601.850357	-88.381226
601.971206	-89.108256
602.092104	-89.920037
602.213050	-90.814628
602.334045	-91.787239
602.455089	-92.828738
602.576181	-93.932208
602.697322	-95.069737
602.818511	-96.195168
602.939749	-97.235105
603.061036	-98.032461
603.182372	-98.373185
603.303757	-98.125221
603.425191	-97.363272
603.546673	-96.291278
603.668204	-95.112941
603.789785	-93.945185
603.911414	-92.851542
604.033092	-91.865658
604.154820	-90.995054
604.276596	-90.210920
604.398422	-89.487399
604.520297	-88.809800
604.642220	-88.168432
604.764193	-87.546188
604.886216	-86.931299
605.008287	-86.320885
605.130408	-85.723656
605.252578	-85.153300
605.374798	-84.619141
605.497066	-84.130943
605.619385	-83.689936
605.741752	-83.293573
605.864169	-82.940505
605.986636	-82.628473
606.109152	-82.352742
606.231718	-82.105492
606.354333	-81.876555
606.476998	-81.652882
606.599712	-81.422011
606.722476	-81.176771
606.845290	-80.912861
606.968154	-80.630255
607.091067	-80.334797
607.214030	-80.033075
607.337043	-79.735553
607.460106	-79.453173
607.583219	-79.194582
607.706381	-78.964430
607.829594	-78.764029
607.952856	-78.593308
608.076169	-78.449931
608.199531	-78.329190
608.322944	-78.222147
608.446407	-78.120562
608.569920	-78.016987
608.693483	-77.906618
608.817096	-77.786210
608.940759	-77.652954
609.064473	-77.505828
609.188237	-77.346923
609.312051	-77.181547
609.435916	-77.019119
609.559831	-76.866734
609.683796	-76.728842
609.807812	-76.610705
609.931878	-76.513649
610.055995	-76.436010
610.180162	-76.377135
610.304380	-76.333689
610.428648	-76.298620
610.552967	-76.265260
610.677337	-76.228662
610.801757	-76.187286
610.926228	-76.140359
611.050750	-76.084761
611.175323	-76.019932
611.299946	-75.949153
611.424620	-75.876356
611.549345	-75.806833
611.674121	-75.745548
611.798948	-75.694984
611.923826	-75.659022
612.048755	-75.640439
612.173734	-75.638000
612.298765	-75.650125
612.423847	-75.674231
612.548980	-75.704911
612.674165	-75.738638
612.799400	-75.771944
612.924687	-75.799079
613.050025	-75.820416
613.175414	-75.837439
613.300854	-75.849169
613.426346	-75.857577
613.551889	-75.864485
613.677484	-75.872469
613.803130	-75.888082
613.928827	-75.913936
614.054576	-75.950442
614.180377	-76.001703
614.306229	-76.067970
614.432132	-76.148116
614.558087	-76.241740
614.684094	-76.344226
614.810153	-76.451873
614.936263	-76.561047
615.062425	-76.665563
615.188639	-76.764111
615.314904	-76.859908
615.441222	-76.951592
615.567591	-77.040241
615.694012	-77.127158
615.820486	-77.214167
615.947011	-77.305615
616.073588	-77.406068
616.200217	-77.515355
616.326898	-77.636958
616.453632	-77.775703
616.580417	-77.931560
616.707255	-78.102788
616.834144	-78.286959
616.961086	-78.477329
617.088081	-78.671821
617.215127	-78.867904
617.342226	-79.060734
617.469378	-79.248758
617.596581	-79.428781
617.723837	-79.603953
617.851146	-79.780130
617.978507	-79.961357
618.105920	-80.150205
618.233386	-80.351213
618.360905	-80.568488
618.488476	-80.804128
618.616100	-81.064046
618.743777	-81.350536
618.871506	-81.662401
618.999288	-82.002031
619.127123	-82.365046
619.255011	-82.744463
619.382951	-83.132074
619.510945	-83.519868
619.638991	-83.897908
619.767090	-84.263643
619.895243	-84.621714
620.023448	-84.976722
620.151706	-85.338910
620.280017	-85.720079
620.408382	-86.128506
620.536799	-86.575831
620.665270	-87.075966
620.793794	-87.640883
620.922371	-88.281094
621.051002	-89.005236
621.179686	-89.830442
621.308423	-90.761719
621.437213	-91.794557
621.566057	-92.920441
621.694954	-94.111877
621.823905	-95.334544
621.952909	-96.538591
622.081967	-97.631697
622.211079	-98.451901
622.340244	-98.815917
622.469462	-98.612961
622.598735	-97.913460
622.728061	-96.871557
622.857441	-95.638453
622.986874	-94.360106
623.116361	-93.125260
623.245903	-91.972005
623.375498	-90.932119
623.505147	-90.014719
623.634850	-89.212317
623.764606	-88.515160
623.894417	-87.923146
624.024282	-87.433705
624.154201	-87.031165
624.284174	-86.695651
624.414202	-86.393780
624.544283	-86.095164
624.674419	-85.789231
624.804609	-85.459556
624.934853	-85.085145
625.065151	-84.668914
625.195504	-84.232264
625.325911	-83.788543
625.456373	-83.353570
625.586889	-82.943875
625.717460	-82.568930
625.848085	-82.239523
625.978764	-81.961650
626.109498	-81.735498
626.240287	-81.556650
626.371131	-81.418670
626.502029	-81.310690
626.632982	-81.220002
626.763989	-81.138454
626.895052	-81.049149
627.026169	-80.933635
627.157341	-80.788020
627.288568	-80.613110
627.419850	-80.415695
627.551187	-80.210010
627.682579	-80.004667
627.814026	-79.810237
627.945528	-79.640095
628.077085	-79.495626
628.208697	-79.377582
628.340364	-79.289995
628.472087	-79.229487
628.603865	-79.189414
628.735698	-79.160370
628.867586	-79.133680
628.999530	-79.105223
629.131529	-79.069742
629.263584	-79.022654
629.395694	-78.963655
629.527859	-78.895341
629.660080	-78.821934
629.792357	-78.753759
629.924689	-78.695400
630.057077	-78.647933
630.189520	-78.617731
630.322019	-78.606011
630.454574	-78.603443
630.587184	-78.607263
630.719851	-78.610622
630.852573	-78.607913
630.985351	-78.598346
631.118185	-78.576051
631.251075	-78.540221
631.384021	-78.500728
631.517023	-78.465917
631.650081	-78.442503
631.783195	-78.436677
631.916365	-78.451360
632.049592	-78.486539
632.182874	-78.543063
632.316213	-78.615177
632.449608	-78.695084
632.583059	-78.775424
632.716567	-78.842439
632.850131	-78.885453
632.983751	-78.899197
633.117428	-78.878748
633.251161	-78.832157
633.384951	-78.774031
633.518797	-78.715442
633.652700	-78.668249
633.786660	-78.644410
633.920676	-78.651822
634.054749	-78.692595
634.188879	-78.765206
634.323065	-78.863758
634.457308	-78.974710
634.591608	-79.087205
634.725965	-79.187869
634.860379	-79.265857
634.994850	-79.319115
635.129377	-79.342036
635.263962	-79.332320
635.398604	-79.304283
635.533303	-79.270498
635.668058	-79.239782
635.802872	-79.224777
635.937742	-79.233002
636.072669	-79.264705
636.207654	-79.320966
636.342696	-79.394575
636.477796	-79.474950
636.612953	-79.551949
636.748167	-79.612733
636.883439	-79.653019
637.018768	-79.673951
637.154155	-79.672612
637.289599	-79.655883
637.425101	-79.639907
637.560660	-79.631311
637.696277	-79.630835
637.831952	-79.639766
637.967685	-79.655566
638.103475	-79.671084
638.239324	-79.679787
638.375230	-79.670160
638.511194	-79.629026
638.647215	-79.556798
638.783295	-79.461281
638.919433	-79.347800
639.055629	-79.225730
639.191883	-79.110666
639.328195	-79.017489
639.464565	-78.951972
639.600994	-78.916056
639.737481	-78.908663
639.874025	-78.917837
640.010629	-78.929579
640.147290	-78.928940
640.284010	-78.897791
640.420789	-78.827987
640.557625	-78.720479
640.694521	-78.580698
640.831474	-78.420441
640.968487	-78.255246
641.105558	-78.097863
641.242687	-77.956384
641.379876	-77.833787
641.517123	-77.735937
641.654429	-77.662851
641.791793	-77.605082
641.929216	-77.555034
642.066699	-77.507770
642.204240	-77.456900
642.341840	-77.395343
642.479499	-77.327076
642.617217	-77.254375
642.754994	-77.179452
642.892830	-77.113142
643.030726	-77.058973
643.168680	-77.017909
643.306694	-76.992667
643.444767	-76.977183
643.582899	-76.962879
643.721091	-76.948411
643.859342	-76.926801
643.997652	-76.891811
644.136022	-76.846110
644.274451	-76.792507
644.412940	-76.738442
644.551488	-76.692654
644.690096	-76.663694
644.828763	-76.653743
644.967490	-76.660765
645.106277	-76.681202
645.245124	-76.709408
645.384030	-76.738093
645.522997	-76.757496
645.662023	-76.759971
645.801109	-76.741752
645.940255	-76.700066
646.079460	-76.635769
646.218726	-76.558114
646.358052	-76.475572
646.497438	-76.391709
646.636884	-76.307493
646.776391	-76.225040
646.915957	-76.144386
647.055584	-76.054943
647.195271	-75.951658
647.335019	-75.833496
647.474826	-75.699208
647.614695	-75.551948
647.754623	-75.395061
647.894612	-75.233128
648.034662	-75.073470
648.174772	-74.917162
648.314943	-74.759766
648.455174	-74.598589
648.595466	-74.427687
648.735819	-74.238257
648.876233	-74.029155
649.016707	-73.803602
649.157242	-73.561055
649.297838	-73.307461
649.438495	-73.051815
649.579213	-72.800941
649.719992	-72.561071
649.860832	-72.332790
650.001733	-72.116983
650.142695	-71.915345
650.283718	-71.722258
650.424803	-71.534409
650.565949	-71.349388
650.707156	-71.162476
650.848424	-70.975138
650.989754	-70.789109
651.131145	-70.606025
651.272597	-70.430995
651.414111	-70.266828
651.555687	-70.115332
651.697324	-69.974853
651.839022	-69.841680
651.980782	-69.714485
652.122604	-69.589297
652.264488	-69.461100
652.406433	-69.329323
652.548441	-69.196905
652.690510	-69.066520
652.832640	-68.941239
652.974833	-68.828021
653.117088	-68.731590
653.259405	-68.652935
653.401784	-68.594194
653.544224	-68.553732
653.686727	-68.527883
653.829293	-68.513708
653.971920	-68.507670
654.114609	-68.506219
654.257361	-68.508836
654.400175	-68.516044
654.543052	-68.530076
654.685991	-68.555347
654.828992	-68.594537
654.972056	-68.650241
655.115183	-68.724933
655.258372	-68.815843
655.401623	-68.920284
655.544937	-69.034754
655.688314	-69.152609
655.831754	-69.269699
655.975256	-69.384390
656.118822	-69.497519
656.262450	-69.613919
656.406141	-69.741178
656.549894	-69.885749
656.693711	-70.052944
656.837591	-70.246772
656.981534	-70.463811
657.125540	-70.697181
657.269610	-70.939631
657.413742	-71.179090
657.557938	-71.403262
657.702196	-71.605210
657.846519	-71.781272
657.990904	-71.936647
658.135353	-72.074746
658.279866	-72.196425
658.424441	-72.306231
658.569081	-72.396977
658.713784	-72.456329
658.858550	-72.471487
659.003381	-72.425021
659.148274	-72.310762
659.293232	-72.131546
659.438253	-71.896755
659.583339	-71.623265
659.728488	-71.329559
659.873701	-71.030320
660.018978	-70.731139
660.164318	-70.435220
660.309723	-70.138801
660.455192	-69.834768
660.600725	-69.517393
660.746323	-69.183880
660.891984	-68.838117
661.037710	-68.483909
661.183500	-68.130561
661.329354	-67.789703
661.475272	-67.464532
661.621255	-67.158579
661.767303	-66.873197
661.913415	-66.603587
662.059591	-66.345649
662.205833	-66.096799
662.352138	-65.851658
662.498509	-65.609022
662.644944	-65.372237
662.791443	-65.143070
662.938008	-64.925552
663.084638	-64.724936
663.231332	-64.543617
663.378091	-64.383130
663.524915	-64.243324
663.671804	-64.121260
663.818759	-64.013024
663.965778	-63.915920
664.112863	-63.826880
664.260012	-63.743923
664.407227	-63.668426
664.554507	-63.602586
664.701853	-63.550080
664.849264	-63.513263
664.996740	-63.493836
665.144282	-63.493189
665.291889	-63.511241
665.439561	-63.544951
665.587300	-63.590442
665.735103	-63.645445
665.882973	-63.707919
666.030908	-63.776723
666.178909	-63.853962
666.326976	-63.943569
666.475109	-64.048890
666.623307	-64.172747
666.771571	-64.318243
666.919902	-64.485389
667.068298	-64.673185
667.216761	-64.878607
667.365289	-65.097607
667.513884	-65.327214
667.662545	-65.564635
667.811272	-65.808649
667.960065	-66.060174
668.108925	-66.319929
668.257851	-66.587071
668.406843	-66.860286
668.555902	-67.135163
668.705027	-67.402146
668.854219	-67.650253
669.003478	-67.866473
669.152803	-68.037204
669.302195	-68.152936
669.451653	-68.209146
669.601179	-68.206787
669.750771	-68.151416
669.900430	-68.046354
670.050156	-67.897882
670.199949	-67.711341
670.349808	-67.486175
670.499735	-67.226095
670.649729	-66.935956
670.799790	-66.619101
670.949918	-66.283322
671.100114	-65.937456
671.250377	-65.588252
671.400707	-65.242141
671.551104	-64.904309
671.701569	-64.576492
671.852101	-64.259190
672.002700	-63.951799
672.153368	-63.653168
672.304102	-63.365057
672.454905	-63.087907
672.605775	-62.821928
672.756713	-62.571138
672.907718	-62.337333
673.058791	-62.121787
673.209933	-61.925711
673.361142	-61.748573
673.512419	-61.589278
673.663764	-61.446732
673.815177	-61.319321
673.966658	-61.205849
674.118207	-61.106134
674.269825	-61.020322
674.421510	-60.949594
674.573264	-60.895958
674.725086	-60.859605
674.876977	-60.841385
675.028936	-60.841997
675.180963	-60.860175
675.333059	-60.894628
675.485224	-60.945072
675.637457	-61.009561
675.789758	-61.087400
675.942129	-61.180131
676.094568	-61.287610
676.247075	-61.409778
676.399652	-61.549388
676.552298	-61.706361
676.705012	-61.878532
676.857795	-62.065360
677.010648	-62.263552
677.163569	-62.469474
677.316560	-62.681001
677.469619	-62.895003
677.622748	-63.109217
677.775946	-63.322605
677.929214	-63.534193
678.082551	-63.741382
678.235957	-63.940271
678.389432	-64.124815
678.542977	-64.288077
678.696592	-64.421599
678.850276	-64.517510
679.004030	-64.570865
679.157853	-64.577417
679.311746	-64.535114
679.465709	-64.447926
679.619742	-64.318319
679.773844	-64.148534
679.928017	-63.944107
680.082259	-63.708003
680.236571	-63.444838
680.390954	-63.161510
680.545406	-62.864033
680.699929	-62.560375
680.854522	-62.257208
681.009185	-61.959134
681.163918	-61.671451
681.318722	-61.395519
681.473596	-61.132143
681.628540	-60.882334
681.783555	-60.646033
681.938641	-60.424614
682.093797	-60.219173
682.249023	-60.029943
682.404321	-59.858193
682.559689	-59.705240
682.715128	-59.570550
682.870637	-59.454599
683.026218	-59.356568
683.181869	-59.275363
683.337591	-59.211624
683.493385	-59.165186
683.649249	-59.135682
683.805185	-59.123671
683.961191	-59.130203
684.117269	-59.155249
684.273418	-59.198803
684.429639	-59.261799
684.585930	-59.342645
684.742294	-59.439680
684.898728	-59.552180
685.055234	-59.679020
685.211812	-59.819348
685.368461	-59.973342
685.525182	-60.140627
685.681975	-60.320237
685.838839	-60.510866
685.995775	-60.710006
686.152783	-60.914505
686.309863	-61.120828
686.467014	-61.325690
686.624238	-61.525640
686.781534	-61.716125
686.938902	-61.891107
687.096342	-62.044851
687.253854	-62.171892
687.411438	-62.266810
687.569095	-62.325199
687.726824	-62.342953
687.884626	-62.317992
688.042499	-62.252622
688.200446	-62.148544
688.358465	-62.006534
688.516556	-61.829659
688.674720	-61.622825
688.832957	-61.392060
688.991266	-61.145178
689.149649	-60.888338
689.308104	-60.627732
689.466632	-60.370134
689.625233	-60.120205
689.783906	-59.880403
689.942653	-59.651998
690.101473	-59.435341
690.260367	-59.231066
690.419333	-59.039598
690.578372	-58.862325
690.737485	-58.701010
690.896672	-58.557372
691.055931	-58.433286
691.215264	-58.329310
691.374671	-58.244797
691.534151	-58.178564
691.693704	-58.129587
691.853332	-58.096222
692.013033	-58.077841
692.172807	-58.075968
692.332656	-58.092217
692.492578	-58.128481
692.652575	-58.186548
692.812645	-58.265317
692.972789	-58.362788
693.133007	-58.475591
693.293300	-58.599636
693.453666	-58.731992
693.614107	-58.871077
693.774622	-59.016516
693.935211	-59.169650
694.095875	-59.330617
694.256613	-59.498106
694.417426	-59.668807
694.578313	-59.836911
694.739274	-59.996115
694.900311	-60.141014
695.061421	-60.266446
695.222607	-60.370831
695.383868	-60.454847
695.545203	-60.517345
695.706613	-60.555752
695.868098	-60.566982
696.029658	-60.545552
696.191293	-60.489663
696.353003	-60.399189
696.514789	-60.277297
696.676649	-60.131827
696.838585	-59.969845
697.000596	-59.797580
697.162682	-59.619536
697.324844	-59.438346
697.487081	-59.254427
697.649394	-59.068770
697.811782	-58.883693
697.974246	-58.701643
698.136786	-58.527558
698.299401	-58.365698
698.462092	-58.218352
698.624859	-58.087444
698.787702	-57.971748
698.950621	-57.870335
699.113616	-57.783069
699.276686	-57.709505
699.439833	-57.651654
699.603056	-57.612156
699.766355	-57.592464
699.929731	-57.593299
700.093183	-57.613257
700.256711	-57.649894
700.420315	-57.701439
700.583996	-57.765074
700.747754	-57.839717
700.911588	-57.926536
701.075499	-58.026304
701.239486	-58.139406
701.403550	-58.265149
701.567691	-58.400480
701.731909	-58.541508
701.896203	-58.683637
702.060575	-58.822519
702.225024	-58.955558
702.389549	-59.081895
702.554152	-59.200213
702.718832	-59.309585
702.883589	-59.407278
703.048424	-59.487536
703.213335	-59.544753
703.378324	-59.574598
703.543391	-59.574594
703.708535	-59.547144
703.873757	-59.496866
704.039056	-59.428120
704.204433	-59.344805
704.369887	-59.248772
704.535420	-59.140007
704.701030	-59.018166
704.866718	-58.884782
705.032484	-58.742633
705.198328	-58.597521
705.364250	-58.455306
705.530250	-58.319982
705.696328	-58.194163
705.862485	-58.078136
706.028720	-57.970931
706.195033	-57.871172
706.361424	-57.779850
706.527894	-57.700049
706.694442	-57.635082
706.861069	-57.587698
707.027775	-57.559636
707.194559	-57.550010
707.361422	-57.555989
707.528363	-57.574353
707.695384	-57.602129
707.862483	-57.639095
708.029661	-57.685368
708.196918	-57.742928
708.364254	-57.814618
708.531670	-57.900595
708.699164	-57.999370
708.866738	-58.107617
709.034391	-58.220233
709.202123	-58.332672
709.369935	-58.442908
709.537826	-58.549610
709.705796	-58.653214
709.873847	-58.754239
710.041976	-58.850276
710.210186	-58.937538
710.378475	-59.010741
710.546844	-59.065598
710.715292	-59.099341
710.883821	-59.112927
711.052429	-59.108597
711.221118	-59.089394
711.389887	-59.057896
711.558735	-59.013424
711.727664	-58.954817
711.896673	-58.880286
712.065763	-58.789255
712.234932	-58.685420
712.404183	-58.574910
712.573513	-58.464347
712.742924	-58.358106
712.912416	-58.258265
713.081988	-58.165264
713.251641	-58.078323
713.421375	-57.997526
713.591190	-57.923760
713.761085	-57.859802
713.931061	-57.808867
714.101119	-57.772787
714.271257	-57.753063
714.441476	-57.749300
714.611777	-57.760206
714.782159	-57.784571
714.952622	-57.822590
715.123166	-57.875646
715.293792	-57.944909
715.464499	-58.031758
715.635288	-58.135410
715.806158	-58.252321
715.977110	-58.379460
716.148143	-58.513262
716.319259	-58.650769
716.490456	-58.791466
716.661735	-58.934084
716.833096	-59.077299
717.004538	-59.218460
717.176063	-59.352004
717.347670	-59.471158
717.519359	-59.571097
717.691130	-59.648507
717.862984	-59.700402
718.034920	-59.726221
718.206938	-59.723369
718.379039	-59.690096
718.551222	-59.626381
718.723488	-59.534226
718.895836	-59.418640
719.068267	-59.286937
719.240781	-59.146605
719.413377	-59.003139
719.586057	-58.860053
719.758819	-58.718579
719.931664	-58.579850
720.104593	-58.447607
720.277604	-58.325698
720.450699	-58.218305
720.623876	-58.130114
720.797137	-58.062850
720.970482	-58.016991
721.143910	-57.992899
721.317421	-57.990347
721.491016	-58.010070
721.664694	-58.053873
721.838456	-58.124200
722.012302	-58.223327
722.186231	-58.351027
722.360244	-58.504923
722.534342	-58.681413
722.708523	-58.875515
722.882788	-59.084985
723.057137	-59.310671
723.231570	-59.552083
723.406088	-59.806901
723.580689	-60.069591
723.755375	-60.328233
723.930146	-60.568523
724.105000	-60.778117
724.279940	-60.945461
724.454963	-61.064244
724.630072	-61.129110
724.805265	-61.135118
724.980543	-61.081120
725.155905	-60.969893
725.331353	-60.809851
725.506885	-60.614489
725.682503	-60.398659
725.858205	-60.175097
726.033993	-59.954206
726.209865	-59.741981
726.385823	-59.541426
726.561866	-59.357151
726.737995	-59.193827
726.914209	-59.056439
727.090508	-58.949950
727.266893	-58.878628
727.443364	-58.844704
727.619920	-58.848593
727.796562	-58.889309
727.973290	-58.967031
728.150103	-59.081460
728.327003	-59.233358
728.503988	-59.424405
728.681060	-59.653677
728.858218	-59.918331
729.035461	-60.214353
729.212791	-60.534244
729.390208	-60.867759
729.567710	-61.205998
729.745299	-61.536696
729.922975	-61.847081
730.100737	-62.120525
730.278586	-62.336216
730.456521	-62.474150
730.634543	-62.520801
730.812652	-62.474676
730.990848	-62.345853
731.169130	-62.151512
731.347500	-61.912218
731.525957	-61.645168
731.704500	-61.365616
731.883131	-61.087578
732.061850	-60.824515
732.240655	-60.588033
732.419548	-60.388401
732.598528	-60.231991
732.777596	-60.120994
732.956751	-60.056562
733.135994	-60.040633
733.315325	-60.075535
733.494744	-60.163690
733.674250	-60.308386
733.853844	-60.512325
734.033526	-60.775825
734.213296	-61.097294
734.393154	-61.472949
734.573101	-61.897225
734.753135	-62.365477
734.933258	-62.868185
735.113469	-63.385178
735.293769	-63.885012
735.474157	-64.324228
735.654633	-64.651722
735.835198	-64.825103
736.015852	-64.823638
736.196594	-64.648587
736.377426	-64.329190
736.558346	-63.909271
736.739355	-63.433942
736.920453	-62.944158
737.101640	-62.471911
737.282916	-62.038979
737.464282	-61.657202
737.645736	-61.332703
737.827280	-61.069758
738.008914	-60.871327
738.190637	-60.739109
738.372449	-60.677231
738.554351	-60.690385
738.736342	-60.781698
738.918424	-60.953284
739.100595	-61.205840
739.282855	-61.539251
739.465206	-61.954778
739.647647	-62.453319
739.830178	-63.035253
740.012799	-63.693328
740.195510	-64.411863
740.378311	-65.163484
740.561203	-65.898771
740.744185	-66.536411
740.927258	-66.965306
741.110421	-67.082330
741.293674	-66.849208
741.477018	-66.319171
741.660453	-65.604147
741.843979	-64.820278
742.027596	-64.049775
742.211303	-63.339497
742.395102	-62.712160
742.578991	-62.175781
742.762972	-61.731533
742.947044	-61.379593
743.131207	-61.117980
743.315461	-60.944527
743.499807	-60.861604
743.684244	-60.872966
743.868773	-60.978808
744.053394	-61.178898
744.238106	-61.472288
744.422910	-61.857920
744.607805	-62.337528
744.792793	-62.910834
744.977872	-63.567029
745.163044	-64.280874
745.348307	-64.999979
745.533663	-65.640432
745.719111	-66.094608
745.904651	-66.256058
746.090283	-66.069238
746.276008	-65.564607
746.461826	-64.842542
746.647735	-64.025996
746.833738	-63.211688
747.019833	-62.456091
747.206021	-61.785949
747.392302	-61.207748
747.578676	-60.718148
747.765143	-60.316088
747.951703	-60.004813
748.138356	-59.789707
748.325102	-59.677343
748.511941	-59.669616
748.698874	-59.762237
748.885900	-59.949491
749.073019	-60.226167
749.260232	-60.589286
749.447539	-61.036214
749.634939	-61.558812
749.822433	-62.135532
750.010021	-62.722389
750.197703	-63.250931
750.385479	-63.632612
750.573348	-63.781241
750.761312	-63.648054
750.949370	-63.242436
751.137523	-62.629150
751.325769	-61.897573
751.514110	-61.129392
751.702545	-60.385912
751.891075	-59.704045
752.079700	-59.103855
752.268419	-58.593689
752.457233	-58.173742
752.646142	-57.841760
752.835145	-57.596323
753.024244	-57.437498
753.213437	-57.367626
753.402726	-57.388627
753.592110	-57.499610
753.781589	-57.695868
753.971163	-57.968702
754.160833	-58.307066
754.350598	-58.700378
754.540459	-59.133600
754.730415	-59.579439
754.920467	-59.991335
755.110615	-60.304623
755.300858	-60.454458
755.491198	-60.401853
755.681633	-60.145823
755.872164	-59.724640
756.062792	-59.191774
756.253515	-58.600427
756.444335	-57.996937
756.635252	-57.416982
756.826264	-56.887729
757.017373	-56.426929
757.208579	-56.042233
757.399881	-55.735124
757.591280	-55.504318
757.782776	-55.350284
757.974368	-55.274727
758.166058	-55.278254
758.357844	-55.359189
758.549728	-55.512064
758.741708	-55.726860
758.933786	-55.989446
759.125961	-56.282508
759.318233	-56.584512
759.510603	-56.867043
759.703071	-57.095380
759.895635	-57.230770
760.088298	-57.240739
760.281058	-57.110015
760.473916	-56.848285
760.666872	-56.486152
760.859926	-56.061294
761.053078	-55.608421
761.246328	-55.156484
761.439676	-54.729753
761.633122	-54.347466
761.826667	-54.023212
762.020310	-53.764811
762.214052	-53.575035
762.407892	-53.453353
762.601831	-53.398540
762.795868	-53.409499
762.990004	-53.484457
763.184239	-53.618845
763.378573	-53.804256
763.573006	-54.027707
763.767538	-54.270631
763.962169	-54.509644
764.156900	-54.716588
764.351729	-54.860007
764.546658	-54.909481
764.741687	-54.842994
764.936815	-54.658341
765.132042	-54.374599
765.327370	-54.021776
765.522797	-53.631378
765.718324	-53.230895
765.913950	-52.842276
766.109677	-52.483079
766.305504	-52.167647
766.501431	-51.907708
766.697458	-51.711444
766.893586	-51.581497
767.089814	-51.516911
767.286142	-51.514979
767.482571	-51.573644
767.679100	-51.689980
767.875730	-51.857551
768.072461	-52.064158
768.269293	-52.290508
768.466225	-52.512099
768.663259	-52.701862
768.860393	-52.833394
769.057629	-52.883700
769.254966	-52.836146
769.452404	-52.686078
769.649944	-52.444636
769.847585	-52.136775
770.045328	-51.792834
770.243172	-51.440564
770.441118	-51.101783
770.639166	-50.792828
770.837315	-50.526693
771.035567	-50.312794
771.233920	-50.156758
771.432376	-50.059658
771.630934	-50.019715
771.829594	-50.033554
772.028356	-50.097020
772.227220	-50.204980
772.426188	-50.348775
772.625257	-50.513719
772.824430	-50.678604
773.023705	-50.819324
773.223083	-50.913019
773.422563	-50.942777
773.622147	-50.899306
773.821834	-50.780633
774.021624	-50.593264
774.221517	-50.352954
774.421513	-50.082209
774.621613	-49.804730
774.821816	-49.540506
775.022122	-49.303833
775.222532	-49.104495
775.423046	-48.950289
775.623664	-48.847199
775.824385	-48.798179
776.025211	-48.801487
776.226140	-48.850945
776.427173	-48.937825
776.628311	-49.052401
776.829553	-49.183073
777.030899	-49.313835
777.232350	-49.422953
777.433905	-49.486690
777.635564	-49.486194
777.837328	-49.413482
778.039197	-49.272122
778.241171	-49.073084
778.443250	-48.831765
778.645433	-48.566877
778.847722	-48.299329
779.050116	-48.049507
779.252615	-47.834485
779.455219	-47.665695
779.657929	-47.548040
779.860744	-47.482776
780.063665	-47.471045
780.266691	-47.513148
780.469823	-47.605736
780.673061	-47.739131
780.876405	-47.898164
781.079855	-48.064095
781.283410	-48.216929
781.487072	-48.334657
781.690840	-48.394129
781.894715	-48.375494
782.098695	-48.270696
782.302783	-48.087742
782.506976	-47.846622
782.711277	-47.571717
782.915684	-47.286450
783.120198	-47.010715
783.324818	-46.762250
783.529546	-46.556662
783.734381	-46.405555
783.939322	-46.314595
784.144372	-46.283858
784.349528	-46.310086
784.554792	-46.388203
784.760163	-46.510769
784.965642	-46.665859
785.171228	-46.835705
785.376922	-46.997020
785.582724	-47.124632
785.788634	-47.196469
785.994651	-47.196971
786.200777	-47.118592
786.407011	-46.964332
786.613353	-46.749033
786.819804	-46.496773
787.026363	-46.234141
787.233030	-45.983855
787.439806	-45.762596
787.646691	-45.583039
787.853684	-45.454933
788.060786	-45.384954
788.267997	-45.374711
788.475317	-45.419749
788.682746	-45.510335
788.890285	-45.633437
789.097932	-45.773234
789.305689	-45.909884
789.513555	-46.020407
789.721531	-46.081907
789.929617	-46.077001
790.137812	-45.998698
790.346117	-45.852255
790.554531	-45.653412
790.763056	-45.423684
790.971691	-45.185972
791.180436	-44.962429
791.389291	-44.772566
791.598256	-44.631170
791.807332	-44.547055
792.016518	-44.522767
792.225815	-44.556378
792.435222	-44.642873
792.644740	-44.772742
792.854369	-44.929153
793.064109	-45.088025
793.273960	-45.220854
793.483922	-45.300484
793.693995	-45.306955
793.904180	-45.230225
794.114475	-45.072783
794.324882	-44.850422
794.535401	-44.589085
794.746031	-44.318666
794.956774	-44.066458
795.167627	-43.853422
795.378593	-43.694845
795.589671	-43.601410
795.800861	-43.578666
796.012162	-43.626832
796.223577	-43.740565
796.435103	-43.907103
796.646742	-44.105792
796.858493	-44.309054
797.070357	-44.484318
797.282334	-44.597945
797.494423	-44.621539
797.706626	-44.541017
797.918941	-44.363623
798.131369	-44.114241
798.343911	-43.825799
798.556566	-43.531736
798.769334	-43.261819
798.982215	-43.040043
799.195210	-42.883870
799.408319	-42.803279
799.621541	-42.801170
799.834877	-42.874452
800.048327	-43.014058
800.261890	-43.203814
800.475568	-43.419116
800.689360	-43.626881
800.903266	-43.788723
801.117287	-43.868491
801.331422	-43.842479
801.545671	-43.708380
801.760036	-43.485878
801.974514	-43.208845
802.189108	-42.915713
802.403816	-42.641617
802.618640	-42.414060
802.833578	-42.251936
803.048632	-42.166130
803.263800	-42.161030
803.479085	-42.234719
803.694484	-42.377239
803.909999	-42.569409
804.125630	-42.782531
804.341376	-42.979977
804.557239	-43.121611
804.773217	-43.171864
804.989311	-43.110415
805.205521	-42.941212
805.421847	-42.691404
805.638290	-42.400599
805.854849	-42.108934
806.071524	-41.850012
806.288316	-41.649356
806.505225	-41.524796
806.722250	-41.485195
806.939393	-41.530718
807.156652	-41.653839
807.374028	-41.838968
807.591521	-42.060597
807.809132	-42.282647
808.026859	-42.461486
808.244705	-42.554895
808.462667	-42.534642
808.680748	-42.396544
808.898946	-42.162885
809.117261	-41.873724
809.335695	-41.574024
809.554246	-41.303812
809.772916	-41.092478
809.991704	-40.958016
810.210610	-40.909449
810.429634	-40.947597
810.648777	-41.065158
810.868039	-41.245613
811.087419	-41.461099
811.306918	-41.673193
811.526535	-41.838536
811.746272	-41.918067
811.966127	-41.888092
812.186102	-41.748233
812.406196	-41.522819
812.626409	-41.253223
812.846742	-40.983872
813.067194	-40.751514
813.287766	-40.582236
813.508457	-40.491817
813.729269	-40.486162
813.950200	-40.560506
814.171251	-40.699468
814.392422	-40.877858
814.613714	-41.061204
814.835126	-41.209253
815.056658	-41.284020
815.278311	-41.260426
815.500084	-41.135780
815.721978	-40.931534
815.943993	-40.684928
816.166128	-40.437885
816.388385	-40.227119
816.610762	-40.078692
816.833261	-40.007845
817.055881	-40.019578
817.278623	-40.107858
817.501486	-40.255365
817.724471	-40.433548
817.947577	-40.605125
818.170805	-40.729022
818.394155	-40.768608
818.617627	-40.704793
818.841221	-40.544820
819.064937	-40.318989
819.288775	-40.068721
819.512736	-39.834201
819.736819	-39.647666
819.961025	-39.531926
820.185354	-39.499219
820.409805	-39.549978
820.634379	-39.672522
820.859076	-39.842924
821.083897	-40.026254
821.308840	-40.180762
821.533907	-40.265313
821.759097	-40.251810
821.984411	-40.136837
822.209848	-39.942957
822.435409	-39.709119
822.661093	-39.477450
822.886902	-39.283908
823.112834	-39.154658
823.338891	-39.104448
823.565072	-39.135774
823.791377	-39.238466
824.017807	-39.390001
824.244361	-39.556674
824.471039	-39.697519
824.697843	-39.772085
824.924771	-39.753683
825.151824	-39.640138
825.379002	-39.453724
825.606306	-39.232641
825.833734	-39.018963
826.061288	-38.848675
826.288967	-38.746661
826.516772	-38.724806
826.744703	-38.782097
826.972759	-38.905003
827.200941	-39.066628
827.429249	-39.228411
827.657683	-39.346563
827.886243	-39.382913
828.114930	-39.318105
828.343743	-39.160281
828.572682	-38.942061
828.801748	-38.707499
829.030941	-38.499743
829.260260	-38.352744
829.489706	-38.286522
829.719280	-38.306774
829.948980	-38.405899
830.178808	-38.562970
830.408763	-38.743647
830.638845	-38.903129
830.869055	-38.995465
831.099393	-38.988288
831.329858	-38.875824
831.560451	-38.680742
831.791173	-38.445692
832.022022	-38.218585
832.252999	-38.039150
832.484105	-37.934523
832.715339	-37.917581
832.946702	-37.985297
833.178193	-38.119823
833.409813	-38.289031
833.641561	-38.449197
833.873439	-38.554169
834.105445	-38.568486
834.337581	-38.481104
834.569846	-38.310213
834.802241	-38.094588
835.034764	-37.880017
835.267418	-37.708074
835.500201	-37.607651
835.733114	-37.591579
835.966157	-37.657883
836.199329	-37.789199
836.432632	-37.952444
836.666065	-38.102508
836.899629	-38.191863
837.133323	-38.187293
837.367147	-38.082658
837.601102	-37.899681
837.835188	-37.680221
838.069405	-37.472170
838.303752	-37.316128
838.538231	-37.238133
838.772841	-37.247210
839.007582	-37.336691
839.242455	-37.485856
839.477459	-37.658600
839.712595	-37.805608
839.947863	-37.878250
840.183263	-37.847761
840.418794	-37.716855
840.654458	-37.516772
840.890254	-37.293980
841.126182	-37.096228
841.362242	-36.960845
841.598435	-36.908058
841.834761	-36.940823
842.071220	-37.046608
842.307811	-37.197482
842.544536	-37.351778
842.781393	-37.461951
843.018384	-37.488593
843.255508	-37.417018
843.492765	-37.263898
843.730156	-37.068280
843.967681	-36.876711
844.205339	-36.729907
844.443132	-36.654236
844.681058	-36.658390
844.919118	-36.733357
845.157313	-36.854420
845.395642	-36.983874
845.634105	-37.078034
845.872703	-37.100062
846.111436	-37.034240
846.350303	-36.893316
846.589306	-36.712745
846.828443	-36.536334
847.067716	-36.403519
847.307124	-36.340523
847.546667	-36.356016
847.786345	-36.440815
848.026160	-36.568463
848.266110	-36.698484
848.506195	-36.784901
848.746417	-36.791240
848.986775	-36.705782
849.227269	-36.546559
849.467899	-36.353060
849.708666	-36.171471
849.949569	-36.041725
850.190609	-35.988835
850.431785	-36.019338
850.673099	-36.121411
850.914549	-36.265221
851.156137	-36.406300
851.397861	-36.495983
851.639723	-36.497249
851.881723	-36.401377
852.123860	-36.232298
852.366135	-36.034775
852.608547	-35.857618
852.851098	-35.739542
853.093786	-35.702324
853.336613	-35.748566
853.579578	-35.860804
853.822681	-36.003733
854.065923	-36.130146
854.309304	-36.192512
854.552823	-36.161090
854.796481	-36.038819
855.040278	-35.859806
855.284215	-35.672777
855.528290	-35.523887
855.772505	-35.446056
856.016859	-35.453348
856.261353	-35.538264
856.505987	-35.672322
856.750760	-35.811279
856.995673	-35.904880
857.240727	-35.912207
857.485920	-35.820037
857.731254	-35.651105
857.976729	-35.453156
858.222343	-35.278554
858.468099	-35.168304
858.713995	-35.145079
858.960032	-35.210943
859.206211	-35.344242
859.452530	-35.501786
859.698991	-35.629762
859.945593	-35.678802
860.192336	-35.622275
860.439222	-35.470480
860.686248	-35.266321
860.933417	-35.066486
861.180728	-34.921272
861.428181	-34.861483
861.675776	-34.895412
861.923514	-35.009536
862.171394	-35.167579
862.419417	-35.315390
862.667582	-35.397331
862.915890	-35.377361
863.164342	-35.255514
863.412936	-35.068152
863.661674	-34.869942
863.910555	-34.713604
864.159579	-34.635968
864.408747	-34.649902
864.658059	-34.744341
864.907515	-34.887169
865.157114	-35.027780
865.406858	-35.110959
865.656746	-35.099479
865.906778	-34.989866
866.156955	-34.815403
866.407277	-34.630857
866.657743	-34.486988
866.908354	-34.417535
867.159110	-34.436702
867.410011	-34.534299
867.661057	-34.675042
867.912249	-34.807468
868.163586	-34.878451
868.415069	-34.853396
868.666697	-34.734325
868.918472	-34.558337
869.170392	-34.379138
869.422458	-34.246818
869.674671	-34.193111
869.927030	-34.226388
870.179536	-34.331888
870.432188	-34.472520
870.684987	-34.596370
870.937933	-34.652934
871.191026	-34.613903
871.444266	-34.488822
871.697653	-34.318516
871.951188	-34.154471
872.204870	-34.042391
872.458700	-34.009042
872.712677	-34.054825
872.966803	-34.157228
873.221076	-34.277166
873.475498	-34.366687
873.730068	-34.386370
873.984787	-34.323396
874.239654	-34.197545
874.494669	-34.051306
874.749834	-33.929796
875.005147	-33.865008
875.260610	-33.869063
875.516222	-33.931408
875.771983	-34.021385
876.027894	-34.098090
876.283954	-34.124135
876.540164	-34.082040
876.796524	-33.983161
877.053033	-33.860233
877.309693	-33.753444
877.566503	-33.695135
877.823464	-33.697661
878.080575	-33.752022
878.337837	-33.831619
878.595249	-33.897705
878.852813	-33.913976
879.110528	-33.864350
879.368393	-33.760526
879.626410	-33.636045
879.884579	-33.530715
880.142899	-33.475012
880.401371	-33.482321
880.659994	-33.544340
880.918770	-33.631308
881.177698	-33.702545
881.436778	-33.721718
881.696010	-33.671682
881.955395	-33.564833
882.214933	-33.436650
882.474623	-33.328118
882.734467	-33.271336
882.994463	-33.278547
883.254613	-33.338615
883.514916	-33.421660
883.775372	-33.487453
884.035982	-33.500573
884.296746	-33.447857
884.557664	-33.344058
884.818735	-33.224200
885.079961	-33.128607
885.341341	-33.086213
885.602876	-33.103891
885.864565	-33.165672
886.126409	-33.238660
886.388407	-33.282582
886.650561	-33.267534
886.912870	-33.191122
887.175334	-33.078207
887.437953	-32.966788
887.700728	-32.893635
887.963658	-32.880528
888.226745	-32.925489
888.489987	-33.003794
888.753385	-33.075265
889.016940	-33.099026
889.280651	-33.053759
889.544518	-32.949499
889.808543	-32.821774
890.072723	-32.713448
890.337061	-32.658596
890.601556	-32.671815
890.866208	-32.741228
891.131017	-32.832467
891.395984	-32.901102
891.661109	-32.909492
891.926391	-32.846054
892.191831	-32.731464
892.457429	-32.607071
892.723186	-32.515630
892.989100	-32.483431
893.255173	-32.513472
893.521405	-32.586346
893.787796	-32.664994
894.054345	-32.708090
894.321053	-32.689798
894.587921	-32.614267
894.854948	-32.511627
895.122134	-32.420377
895.389480	-32.370677
895.656986	-32.373689
895.924651	-32.418303
896.192477	-32.475710
896.460463	-32.511129
896.728609	-32.500774
896.996915	-32.443524
897.265382	-32.360914
897.534010	-32.286325
897.802799	-32.247502
898.071749	-32.254337
898.340860	-32.295868
898.610132	-32.344270
898.879566	-32.367627
899.149162	-32.345381
899.418919	-32.279021
899.688838	-32.192687
899.958919	-32.119427
900.229162	-32.084613
900.499568	-32.096561
900.770136	-32.142497
901.040867	-32.193473
901.311761	-32.216918
901.582817	-32.192178
901.854037	-32.123018
902.125420	-32.034608
902.396966	-31.958986
902.668676	-31.920665
902.940550	-31.926953
903.212587	-31.964345
903.484788	-32.004400
903.757153	-32.018124
904.029683	-31.990770
904.302377	-31.928858
904.575236	-31.855888
904.848259	-31.799290
905.121447	-31.776123
905.394800	-31.786257
905.668319	-31.812761
905.942002	-31.829869
906.215852	-31.817203
906.489866	-31.771346
906.764047	-31.708230
907.038393	-31.653956
907.312906	-31.629591
907.587584	-31.640282
907.862429	-31.672803
908.137441	-31.701142
908.412619	-31.699702
908.687964	-31.657984
908.963476	-31.587395
909.239155	-31.515997
909.515002	-31.472564
909.791015	-31.471821
910.067197	-31.508654
910.343546	-31.558457
910.620063	-31.587752
910.896748	-31.573230
911.173601	-31.514598
911.450623	-31.434976
911.727813	-31.367761
912.005171	-31.338046
912.282699	-31.351480
912.560395	-31.391936
912.838261	-31.429251
913.116296	-31.434735
913.394500	-31.398013
913.672874	-31.333246
913.951418	-31.269096
914.230131	-31.232066
914.509015	-31.232020
914.788068	-31.256951
915.067292	-31.280287
915.346687	-31.275861
915.626252	-31.233415
915.905988	-31.166372
916.185895	-31.104038
916.465973	-31.073046
916.746223	-31.081908
917.026644	-31.115552
917.307236	-31.141964
917.588000	-31.130351
917.868937	-31.071313
918.150045	-30.982985
918.431325	-30.900896
918.712778	-30.858978
918.994404	-30.869658
919.276202	-30.915840
919.558173	-30.959580
919.840317	-30.960745
920.122634	-30.901549
920.405125	-30.800946
920.687789	-30.702039
920.970627	-30.644978
921.253639	-30.647243
921.536824	-30.694773
921.820184	-30.746444
922.103718	-30.756235
922.387427	-30.702170
922.671310	-30.601924
922.955368	-30.500874
923.239601	-30.443614
923.524009	-30.449465
923.808592	-30.502384
924.093351	-30.557953
924.378285	-30.566239
924.663396	-30.505397
924.948682	-30.397768
925.234144	-30.294076
925.519782	-30.243262
925.805597	-30.264066
926.091589	-30.334395
926.377757	-30.402505
926.664102	-30.413586
926.950624	-30.344784
927.237323	-30.224288
927.524200	-30.112205
927.811255	-30.061554
928.098487	-30.091222
928.385897	-30.175236
928.673485	-30.254400
928.961251	-30.270289
929.249196	-30.201234
929.537319	-30.079569
929.825621	-29.969545
930.114102	-29.923844
930.402762	-29.956813
930.691601	-30.039505
930.980620	-30.111766
931.269818	-30.117681
931.559196	-30.045871
931.848753	-29.935197
932.138491	-29.845917
932.428409	-29.821526
932.718508	-29.864314
933.008787	-29.936004
933.299246	-29.978616
933.589887	-29.952754
933.880709	-29.866981
934.171712	-29.769784
934.462896	-29.714198
934.754262	-29.724831
935.045810	-29.783783
935.337539	-29.839767
935.629451	-29.841437
935.921545	-29.774359
936.213822	-29.672334
936.506281	-29.592873
936.798922	-29.576625
937.091747	-29.622693
937.384755	-29.689576
937.677946	-29.719097
937.971321	-29.675784
938.264879	-29.576217
938.558621	-29.475884
938.852547	-29.429092
939.146657	-29.454640
939.440952	-29.522949
939.735431	-29.573943
940.030095	-29.556489
940.324943	-29.467619
940.619977	-29.356284
940.915196	-29.285375
941.210600	-29.289387
941.506189	-29.352781
941.801965	-29.417455
942.097926	-29.419556
942.394074	-29.338358
942.690407	-29.215188
942.986927	-29.120960
943.283634	-29.104689
943.580527	-29.163842
943.877608	-29.243759
944.174875	-29.268825
944.472330	-29.199035
944.769972	-29.064243
945.067802	-28.940965
945.365820	-28.895877
945.664026	-28.942305
945.962420	-29.032792
946.261002	-29.085141
946.559773	-29.039122
946.858733	-28.907258
947.157881	-28.764550
947.457219	-28.690244
947.756746	-28.714860
948.056462	-28.801758
948.356368	-28.869515
948.656464	-28.846508
948.956749	-28.728516
949.257225	-28.583444
949.557891	-28.495509
949.858748	-28.505096
950.159796	-28.584394
950.461034	-28.654498
950.762463	-28.639569
951.064084	-28.528843
951.365896	-28.387077
951.667900	-28.298482
951.970095	-28.306127
952.272483	-28.385696
952.575063	-28.457653
952.877835	-28.443464
953.180799	-28.332214
953.483956	-28.189733
953.787307	-28.102550
954.090850	-28.114621
954.394586	-28.199284
954.698516	-28.275031
955.002640	-28.263130
955.306957	-28.153248
955.611469	-28.013228
955.916174	-27.930952
956.221074	-27.947555
956.526169	-28.032561
956.831458	-28.104535
957.136942	-28.089122
957.442622	-27.982794
957.748496	-27.855786
958.054567	-27.789804
958.360833	-27.816252
958.667294	-27.896425
958.973952	-27.949513
959.280806	-27.915027
959.587857	-27.806390
959.895104	-27.697724
960.202548	-27.658943
960.510189	-27.702951
960.818027	-27.776992
961.126062	-27.801486
961.434295	-27.737306
961.742726	-27.621343
962.051355	-27.532307
962.360182	-27.524325
962.669207	-27.586965
962.978431	-27.652090
963.287854	-27.646512
963.597475	-27.556777
963.907296	-27.441797
964.217315	-27.378282
964.527535	-27.398998
964.837954	-27.469674
965.148573	-27.514053
965.459392	-27.476818
965.770411	-27.374534
966.081630	-27.278504
966.393051	-27.250170
966.704672	-27.292866
967.016494	-27.350603
967.328517	-27.353500
967.640742	-27.280932
967.953169	-27.180555
968.265797	-27.122365
968.578627	-27.137032
968.891660	-27.191121
969.204895	-27.214278
969.518332	-27.162134
969.831972	-27.060155
970.145816	-26.979468
970.459862	-26.971766
970.774112	-27.025797
971.088565	-27.073410
971.403223	-27.046707
971.718084	-26.943980
972.033149	-26.833334
972.348419	-26.789238
972.663893	-26.829204
972.979572	-26.898996
973.295456	-26.913551
973.611546	-26.833742
973.927840	-26.706082
974.244340	-26.618198
974.561046	-26.620622
974.877958	-26.686790
975.195076	-26.734254
975.512401	-26.693955
975.829932	-26.577401
976.147670	-26.464411
976.465615	-26.427112
976.783767	-26.469732
977.102126	-26.526494
977.420693	-26.517218
977.739468	-26.423475
978.058451	-26.306405
978.377642	-26.244774
978.697041	-26.264786
979.016649	-26.319405
979.336466	-26.328537
979.656492	-26.254457
979.976727	-26.140012
980.297171	-26.063964
980.617825	-26.067361
980.938689	-26.119404
981.259763	-26.143473
981.581048	-26.088282
981.902542	-25.979793
982.224248	-25.893364
982.546164	-25.881274
982.868291	-25.927518
983.190630	-25.962395
983.513180	-25.926557
983.835942	-25.830555
984.158916	-25.742190
984.482101	-25.718505
984.805500	-25.755456
985.129110	-25.792164
985.452934	-25.768717
985.776970	-25.686429
986.101220	-25.603885
986.425683	-25.577358
986.750359	-25.607911
987.075250	-25.641332
987.400354	-25.621207
987.725673	-25.546300
988.051206	-25.470546
988.376954	-25.446870
988.702916	-25.476212
989.029094	-25.506774
989.355487	-25.485320
989.682095	-25.412249
990.008919	-25.340552
990.335959	-25.320435
990.663216	-25.350500
990.990688	-25.378788
991.318377	-25.354818
991.646283	-25.282171
991.974406	-25.213846
992.302746	-25.197020
992.631304	-25.226064
992.960079	-25.249004
993.289072	-25.220070
993.618283	-25.147934
993.947713	-25.085581
994.277361	-25.073829
994.607227	-25.100327
994.937313	-25.112979
995.267618	-25.074510
995.598142	-25.002253
995.928886	-24.948983
996.259849	-24.945734
996.591033	-24.969876
996.922437	-24.969203
997.254061	-24.917686
997.585906	-24.844632
997.917972	-24.802243
998.250260	-24.809409
998.582768	-24.831491
998.915498	-24.816446
999.248450	-24.751991
999.581624	-24.679600
999.915020	-24.649274
1000.248639	-24.665915
1000.582480	-24.683080
1000.916545	-24.652387
1001.250832	-24.577518
1001.585343	-24.510318
1001.920077	-24.493905
1002.255035	-24.517018
1002.590218	-24.524114
1002.925624	-24.476082
1003.261255	-24.395122
1003.597111	-24.339225
1003.933192	-24.338867
1004.269497	-24.364445
1004.606029	-24.356205
1004.942785	-24.290995
1005.279768	-24.209903
1005.616977	-24.171097
1005.954412	-24.186599
1006.292074	-24.209038
1006.629962	-24.181670
1006.968077	-24.103159
1007.306420	-24.029781
1007.644990	-24.011461
1007.983787	-24.037883
1008.322813	-24.049172
1008.662067	-24.001675
1009.001549	-23.918521
1009.341259	-23.862395
1009.681199	-23.864788
1010.021367	-23.892314
1010.361765	-23.883780
1010.702392	-23.819416
1011.043250	-23.744081
1011.384337	-23.713704
1011.725654	-23.732633
1012.067202	-23.749162
1012.408980	-23.714680
1012.750989	-23.641285
1013.093230	-23.586439
1013.435702	-23.585405
1013.778405	-23.611305
1014.121341	-23.605065
1014.464508	-23.545705
1014.807908	-23.475952
1015.151540	-23.450999
1015.495405	-23.473880
1015.839503	-23.491619
1016.183835	-23.456083
1016.528400	-23.382566
1016.873198	-23.331988
1017.218231	-23.338223
1017.563498	-23.369362
1017.908999	-23.363713
1018.254735	-23.302594
1018.600707	-23.233945
1018.946913	-23.213902
1019.293354	-23.241133
1019.640032	-23.258947
1019.986945	-23.221722
1020.334094	-23.150376
1020.681480	-23.106117
1021.029102	-23.116183
1021.376961	-23.142843
1021.725058	-23.128465
1022.073391	-23.066003
1022.421962	-23.007268
1022.770772	-22.997286
1023.119819	-23.020998
1023.469104	-23.021786
1023.818628	-22.971569
1024.168391	-22.906202
1024.518393	-22.878826
1024.868634	-22.894387
1025.219115	-22.904249
1025.569836	-22.866015
1025.920796	-22.798385
1026.271997	-22.756053
1026.623438	-22.760993
1026.975121	-22.775774
1027.327044	-22.749574
1027.679208	-22.683477
1028.031614	-22.628832
1028.384262	-22.621125
1028.737152	-22.636376
1029.090284	-22.620737
1029.443659	-22.559858
1029.797276	-22.497390
1030.151137	-22.477292
1030.505240	-22.488751
1030.859587	-22.480239
1031.214178	-22.426099
1031.569013	-22.360287
1031.924093	-22.330704
1032.279417	-22.337385
1032.634985	-22.333225
1032.990799	-22.284981
1033.346858	-22.218407
1033.703162	-22.182812
1034.059712	-22.186318
1034.416509	-22.185364
1034.773551	-22.142092
1035.130841	-22.075576
1035.488377	-22.035981
1035.846160	-22.037415
1036.204190	-22.039444
1036.562468	-22.000443
1036.920994	-21.934529
1037.279768	-21.892483
1037.638790	-21.893213
1037.998061	-21.898207
1038.357581	-21.862896
1038.717350	-21.798224
1039.077368	-21.755661
1039.437636	-21.757215
1039.798154	-21.765275
1040.158922	-21.732607
1040.519940	-21.668585
1040.881209	-21.626668
1041.242729	-21.630924
1041.604501	-21.642454
1041.966524	-21.611148
1042.328798	-21.546437
1042.691325	-21.505323
1043.054103	-21.513508
1043.417135	-21.529672
1043.780419	-21.499804
1044.143956	-21.433633
1044.507746	-21.392579
1044.871791	-21.404775
1045.236088	-21.425871
1045.600641	-21.397572
1045.965447	-21.329989
1046.330508	-21.288599
1046.695824	-21.303385
1047.061395	-21.327591
1047.427222	-21.300086
1047.793304	-21.231841
1048.159642	-21.190518
1048.526237	-21.206216
1048.893088	-21.230379
1049.260196	-21.202150
1049.627561	-21.134617
1049.995183	-21.095201
1050.363063	-21.110792
1050.731201	-21.131124
1051.099597	-21.099681
1051.468251	-21.034303
1051.837164	-20.999779
1052.206336	-21.015008
1052.575767	-21.028034
1052.945458	-20.990761
1053.315409	-20.928832
1053.685619	-20.901825
1054.056090	-20.916949
1054.426821	-20.920205
1054.797814	-20.875582
1055.169067	-20.818304
1055.540582	-20.800300
1055.912359	-20.814590
1056.284398	-20.806255
1056.656698	-20.754494
1057.029262	-20.703187
1057.402088	-20.693945
1057.775177	-20.705013
1058.148530	-20.684075
1058.522146	-20.626940
1058.896027	-20.583249
1059.270171	-20.581038
1059.644580	-20.585661
1060.019254	-20.552390
1060.394193	-20.494045
1060.769397	-20.460444
1061.144867	-20.462526
1061.520602	-20.457444
1061.896604	-20.414163
1062.272872	-20.360450
1062.649407	-20.338438
1063.026210	-20.341017
1063.403279	-20.324342
1063.780616	-20.275900
1064.158221	-20.232459
1064.536094	-20.221330
1064.914235	-20.219502
1065.292645	-20.191099
1065.671325	-20.143587
1066.050273	-20.114027
1066.429491	-20.109663
1066.808979	-20.098353
1067.188738	-20.060809
1067.568766	-20.021081
1067.949066	-20.005903
1068.329636	-20.001530
1068.710478	-19.977262
1069.091592	-19.936134
1069.472977	-19.909478
1069.854635	-19.904316
1070.236565	-19.891686
1070.618768	-19.854903
1071.001243	-19.818156
1071.383993	-19.806653
1071.767016	-19.803797
1072.150313	-19.777687
1072.533884	-19.734833
1072.917730	-19.710718
1073.301850	-19.711255
1073.686246	-19.701278
1074.070917	-19.661810
1074.455864	-19.623042
1074.841087	-19.615490
1075.226586	-19.618996
1075.612362	-19.594505
1075.998415	-19.548630
1076.384745	-19.523915
1076.771353	-19.529041
1077.158238	-19.523584
1077.545401	-19.484130
1077.932843	-19.443613
1078.320564	-19.436607
1078.708564	-19.442109
1079.096842	-19.418094
1079.485401	-19.371505
1079.874240	-19.346275
1080.263358	-19.349558
1080.652757	-19.340043
1081.042438	-19.297960
1081.432399	-19.258193
1081.822641	-19.249974
1082.213166	-19.247724
1082.603972	-19.215372
1082.995061	-19.168543
1083.386433	-19.146429
1083.778087	-19.143960
1084.170025	-19.121235
1084.562246	-19.073978
1084.954751	-19.040510
1085.347541	-19.033743
1085.740615	-19.018870
1086.133973	-18.975677
1086.527617	-18.934920
1086.921546	-18.922939
1087.315761	-18.914519
1087.710262	-18.878105
1088.105050	-18.833316
1088.500124	-18.815890
1088.895485	-18.812924
1089.291134	-18.785206
1089.687070	-18.738801
1090.083294	-18.715217
1090.479806	-18.716153
1090.876607	-18.699009
1091.273696	-18.653737
1091.671075	-18.622555
1092.068744	-18.623970
1092.466702	-18.617984
1092.864950	-18.576826
1093.263489	-18.537004
1093.662319	-18.534052
1094.061440	-18.537455
1094.460852	-18.503837
1094.860555	-18.456560
1095.260551	-18.444297
1095.660840	-18.452911
1096.061421	-18.429587
1096.462295	-18.378453
1096.863462	-18.353951
1097.264923	-18.362287
1097.666678	-18.349791
1098.068727	-18.299961
1098.471071	-18.263916
1098.873710	-18.267116
1099.276644	-18.263644
1099.679874	-18.219828
1100.083400	-18.175801
1100.487222	-18.171056
1100.891340	-18.173257
1101.295756	-18.138415
1101.700468	-18.091473
1102.105478	-18.078399
1102.510787	-18.082555
1102.916393	-18.057082
1103.322298	-18.011512
1103.728502	-17.991613
1104.135005	-17.994692
1104.541807	-17.977078
1104.948909	-17.935472
1105.356312	-17.910754
1105.764015	-17.911243
1106.172019	-17.899438
1106.580324	-17.862616
1106.988931	-17.834645
1107.397840	-17.831670
1107.807051	-17.823663
1108.216564	-17.790994
1108.626380	-17.760197
1109.036500	-17.753489
1109.446923	-17.747962
1109.857649	-17.718334
1110.268680	-17.684493
1110.680016	-17.674142
1111.091657	-17.670232
1111.503602	-17.642160
1111.915854	-17.604701
1112.328411	-17.591077
1112.741275	-17.588439
1113.154445	-17.560634
1113.567922	-17.519627
1113.981706	-17.504165
1114.395798	-17.502894
1114.810198	-17.474490
1115.224906	-17.430953
1115.639923	-17.415807
1116.055249	-17.415946
1116.470884	-17.385916
1116.886829	-17.341367
1117.303084	-17.329009
1117.719650	-17.330401
1118.136526	-17.298236
1118.553713	-17.255058
1118.971212	-17.247613
1119.389022	-17.249387
1119.807145	-17.214751
1120.225580	-17.175147
1120.644328	-17.173446
1121.063389	-17.173988
1121.482763	-17.137402
1121.902452	-17.103606
1122.322454	-17.106923
1122.742771	-17.104492
1123.163404	-17.067429
1123.584351	-17.040849
1124.005614	-17.046919
1124.427193	-17.039991
1124.849089	-17.004242
1125.271301	-16.984688
1125.693830	-16.990415
1126.116677	-16.978480
1126.539842	-16.945874
1126.963324	-16.932074
1127.387126	-16.934631
1127.811246	-16.918147
1128.235685	-16.889179
1128.660444	-16.878359
1129.085522	-16.875889
1129.510922	-16.855875
1129.936641	-16.830091
1130.362682	-16.819763
1130.789044	-16.811926
1131.215728	-16.789428
1131.642734	-16.765584
1132.070063	-16.753894
1132.497714	-16.741129
1132.925689	-16.716653
1133.353987	-16.693481
1133.782610	-16.679817
1134.211556	-16.663062
1134.640827	-16.637204
1135.070424	-16.614551
1135.500345	-16.599126
1135.930593	-16.578973
1136.361166	-16.552154
1136.792067	-16.530475
1137.223294	-16.513727
1137.654848	-16.490655
1138.086730	-16.464214
1138.518940	-16.444766
1138.951479	-16.426567
1139.384346	-16.401115
1139.817543	-16.377068
1140.251069	-16.360435
1140.684925	-16.339857
1141.119111	-16.313228
1141.553628	-16.294027
1141.988475	-16.279473
1142.423655	-16.255434
1142.859166	-16.230551
1143.295009	-16.217736
1143.731185	-16.202418
1144.167694	-16.175104
1144.604536	-16.155763
1145.041711	-16.148115
1145.479221	-16.128312
1145.917065	-16.100519
1146.355245	-16.089922
1146.793759	-16.083165
1147.232609	-16.056778
1147.671795	-16.033566
1148.111317	-16.031533
1148.551177	-16.019213
1148.991373	-15.987568
1149.431907	-15.974449
1149.872779	-15.976395
1150.313989	-15.952736
1150.755538	-15.922118
1151.197426	-15.922434
1151.639653	-15.918704
1152.082220	-15.882248
1152.525128	-15.863084
1152.968376	-15.872878
1153.411966	-15.851648
1153.855897	-15.811277
1154.300169	-15.812532
1154.744784	-15.816717
1155.189742	-15.773841
1155.635042	-15.747873
1156.080687	-15.764665
1156.526674	-15.744003
1156.973007	-15.693920
1157.419683	-15.696039
1157.866705	-15.705363
1158.314072	-15.656080
1158.761786	-15.625263
1159.209845	-15.645844
1159.658251	-15.623905
1160.107004	-15.568401
1160.556104	-15.570170
1161.005553	-15.579562
1161.455349	-15.528223
1161.905494	-15.496019
1162.355989	-15.514009
1162.806832	-15.491232
1163.258026	-15.437818
1163.709570	-15.436235
1164.161464	-15.441300
1164.613710	-15.394467
1165.066307	-15.363520
1165.519256	-15.374138
1165.972558	-15.352709
1166.426212	-15.306091
1166.880219	-15.299727
1167.334580	-15.300493
1167.789295	-15.261046
1168.244364	-15.231784
1168.699788	-15.236342
1169.155567	-15.217820
1169.611702	-15.177261
1170.068193	-15.168473
1170.525041	-15.167755
1170.982245	-15.133307
1171.439807	-15.106757
1171.897726	-15.109954
1172.356004	-15.092232
1172.814640	-15.056119
1173.273635	-15.049949
1173.732989	-15.047375
1174.192703	-15.014595
1174.652778	-14.994587
1175.113213	-14.997455
1175.574009	-14.976644
1176.035167	-14.947496
1176.496687	-14.945692
1176.958569	-14.937199
1177.420814	-14.907675
1177.883422	-14.896464
1178.346394	-14.894389
1178.809730	-14.871273
1179.273430	-14.852484
1179.737496	-14.849680
1180.201927	-14.834326
1180.666723	-14.813182
1181.131886	-14.805700
1181.597416	-14.794915
1182.063312	-14.775909
1182.529576	-14.764252
1182.996209	-14.753661
1183.463209	-14.737737
1183.930579	-14.724947
1184.398317	-14.712164
1184.866426	-14.697262
1185.334904	-14.685962
1185.803754	-14.671755
1186.272974	-14.655001
1186.742566	-14.645362
1187.212529	-14.632208
1187.682865	-14.612167
1188.153574	-14.602194
1188.624656	-14.592378
1189.096112	-14.570131
1189.567942	-14.557052
1190.040147	-14.551012
1190.512726	-14.529039
1190.985681	-14.511030
1191.459012	-14.507347
1191.932720	-14.488610
1192.406804	-14.465656
1192.881265	-14.461647
1193.356104	-14.447846
1193.831322	-14.421447
1194.306918	-14.414498
1194.782893	-14.406021
1195.259248	-14.378722
1195.735982	-14.367040
1196.213097	-14.362693
1196.690593	-14.336995
1197.168471	-14.320109
1197.646730	-14.318033
1198.125371	-14.295845
1198.604395	-14.274373
1199.083803	-14.272544
1199.563594	-14.254876
1200.043769	-14.230088
1200.524329	-14.226806
1201.005273	-14.213881
1201.486604	-14.187292
1201.968320	-14.181303
1202.450422	-14.172740
1202.932912	-14.145935
1203.415789	-14.136540
1203.899054	-14.131581
1204.382707	-14.105916
1204.866748	-14.092779
1205.351179	-14.090407
1205.836000	-14.067181
1206.321211	-14.050451
1206.806812	-14.049390
1207.292805	-14.029440
1207.779189	-14.009679
1208.265965	-14.008829
1208.753134	-13.992701
1209.240696	-13.970773
1209.728651	-13.969098
1210.217000	-13.956833
1210.705744	-13.933797
1211.194883	-13.930569
1211.684417	-13.921886
1212.174347	-13.898656
1212.664673	-13.893258
1213.155396	-13.887544
1213.646516	-13.864969
1214.138034	-13.857186
1214.629951	-13.853635
1215.122266	-13.832325
1215.614980	-13.822258
1216.108095	-13.820094
1216.601609	-13.800431
1217.095524	-13.788313
1217.589841	-13.786829
1218.084559	-13.768948
1218.579679	-13.755093
1219.075202	-13.753613
1219.571128	-13.737367
1220.067458	-13.722093
1220.564191	-13.720128
1221.061330	-13.705301
1221.558874	-13.688971
1222.056823	-13.686156
1222.555178	-13.672389
1223.053940	-13.655197
1223.553109	-13.651389
1224.052686	-13.638434
1224.552671	-13.620624
1225.053065	-13.615696
1225.553867	-13.603131
1226.055079	-13.584897
1226.556702	-13.578968
1227.058735	-13.566647
1227.561179	-13.548134
1228.064035	-13.541209
1228.567303	-13.528837
1229.070983	-13.510024
1229.575077	-13.502256
1230.079585	-13.489679
1230.584506	-13.470566
1231.089842	-13.462018
1231.595594	-13.449110
1232.101761	-13.429848
1232.608345	-13.420661
1233.115345	-13.407513
1233.622762	-13.388223
1234.130597	-13.378536
1234.638851	-13.365019
1235.147523	-13.345678
1235.656615	-13.335605
1236.166126	-13.321680
1236.676058	-13.302366
1237.186411	-13.291904
1237.697185	-13.277562
1238.208381	-13.258394
1238.719999	-13.247717
1239.232040	-13.233008
1239.744505	-13.214000
1240.257394	-13.203126
1240.770708	-13.187985
1241.284446	-13.169225
1241.798610	-13.158188
1242.313201	-13.142612
1242.828218	-13.124096
1243.343662	-13.112855
1243.859534	-13.096903
1244.375834	-13.078736
1244.892563	-13.067264
1245.409721	-13.050799
1245.927309	-13.032897
1246.445327	-13.021116
1246.963777	-13.004251
1247.482657	-12.986730
1248.001970	-12.974684
1248.521716	-12.957437
1249.041894	-12.940366
1249.562506	-12.928102
1250.083553	-12.910600
1250.605034	-12.893972
1251.126950	-12.881360
1251.649302	-12.863601
1252.172091	-12.847463
1252.695316	-12.834586
1253.218979	-12.816724
1253.743079	-12.801231
1254.267619	-12.788083
1254.792597	-12.770256
1255.318015	-12.755425
1255.843874	-12.741962
1256.370173	-12.724205
1256.896913	-12.710012
1257.424095	-12.696210
1257.951720	-12.678633
1258.479787	-12.665115
1259.008298	-12.650909
1259.537254	-12.633661
1260.066654	-12.620656
1260.596499	-12.605950
1261.126790	-12.589108
1261.657527	-12.576516
1262.188711	-12.561258
1262.720342	-12.544995
1263.252422	-12.532765
1263.784950	-12.516992
1264.317928	-12.501500
1264.851355	-12.489304
1265.385232	-12.473014
1265.919560	-12.458346
1266.454340	-12.445905
1266.989572	-12.429246
1267.525256	-12.415553
1268.061394	-12.402677
1268.597985	-12.385968
1269.135031	-12.373291
1269.672531	-12.359694
1270.210487	-12.343290
1270.748899	-12.331382
1271.287768	-12.316878
1271.827094	-12.301297
1272.366877	-12.289931
1272.907119	-12.274648
1273.447820	-12.260422
1273.988981	-12.249151
1274.530601	-12.233415
1275.072683	-12.220746
1275.615226	-12.209091
1276.158230	-12.193531
1276.701697	-12.182551
1277.245627	-12.170186
1277.790021	-12.155677
1278.334879	-12.145981
1278.880202	-12.132831
1279.425991	-12.119998
1279.972245	-12.110842
1280.518966	-12.097171
1281.066155	-12.086519
1281.613811	-12.077214
1282.161936	-12.063955
1282.710529	-12.055391
1283.259593	-12.045312
1283.809126	-12.033333
1284.359131	-12.026107
1284.909607	-12.015083
1285.460555	-12.005142
1286.011976	-11.998197
1286.563870	-11.986882
1287.116237	-11.979212
1287.669080	-11.971557
1288.222397	-11.960929
1288.776191	-11.954889
1289.330460	-11.946050
1289.885207	-11.937131
1290.440431	-11.931585
1290.996133	-11.921998
1291.552314	-11.915172
1292.108975	-11.908873
1292.666115	-11.899551
1293.223737	-11.894279
1293.781839	-11.886713
1294.340424	-11.878870
1294.899491	-11.874063
1295.459041	-11.865734
1296.019075	-11.859809
1296.579593	-11.854198
1297.140597	-11.846160
1297.702086	-11.841519
1298.264061	-11.834675
1298.826524	-11.828034
1299.389474	-11.823578
1299.952912	-11.816251
1300.516839	-11.811220
1301.081255	-11.805902
1301.646162	-11.799126
1302.211559	-11.794917
1302.777448	-11.788634
1303.343829	-11.783085
1303.910702	-11.778601
1304.478069	-11.772083
1305.045930	-11.767511
1305.614285	-11.762126
1306.183136	-11.756187
1306.752483	-11.751815
1307.322326	-11.745797
1307.892666	-11.740668
1308.463504	-11.735694
1309.034841	-11.729530
1309.606677	-11.724614
1310.179012	-11.718850
1310.751849	-11.712927
1311.325186	-11.707794
1311.899025	-11.701555
1312.473366	-11.695884
1313.048211	-11.690186
1313.623559	-11.683597
1314.199412	-11.677876
1314.775770	-11.671471
1315.352634	-11.664757
1315.930004	-11.658862
1316.507881	-11.651678
1317.086266	-11.645164
1317.665159	-11.638600
1318.244562	-11.630976
1318.824474	-11.624729
1319.404897	-11.617144
1319.985831	-11.609824
1320.567276	-11.603183
1321.149234	-11.594665
1321.731706	-11.588036
1322.314691	-11.579979
1322.898190	-11.571924
1323.482205	-11.565208
1324.066736	-11.556093
1324.651783	-11.549282
1325.237347	-11.540932
1325.823430	-11.532300
1326.410031	-11.525475
1326.997151	-11.515715
1327.584791	-11.508755
1328.172952	-11.500141
1328.761634	-11.491230
1329.350839	-11.484456
1329.940566	-11.474321
1330.530817	-11.467445
1331.121592	-11.458566
1331.712891	-11.449595
1332.304716	-11.442798
1332.897068	-11.432463
1333.489946	-11.425828
1334.083352	-11.416721
1334.677287	-11.408077
1335.271750	-11.401316
1335.866744	-11.391002
1336.462268	-11.384817
1337.058323	-11.375379
1337.654910	-11.367359
1338.252029	-11.360402
1338.849682	-11.350457
1339.447869	-11.344701
1340.046591	-11.335054
1340.645848	-11.328014
1341.245641	-11.320680
1341.845972	-11.311523
1342.446840	-11.305988
1343.048246	-11.296376
1343.650191	-11.290305
1344.252677	-11.282467
1344.855702	-11.274461
1345.459269	-11.268805
1346.063379	-11.259752
1346.668030	-11.254489
1347.273226	-11.246394
1347.878965	-11.239678
1348.485250	-11.233616
1349.092080	-11.225477
1349.699456	-11.220603
1350.307380	-11.212628
1350.915851	-11.207120
1351.524871	-11.200757
1352.134441	-11.193820
1352.744560	-11.189022
1353.355231	-11.181522
1353.966453	-11.176904
1354.578227	-11.170347
1355.190555	-11.164657
1355.803436	-11.159777
1356.416872	-11.153118
1357.030863	-11.149168
1357.645411	-11.142714
1358.260515	-11.138282
1358.876177	-11.133167
1359.492397	-11.127626
1360.109176	-11.123981
1360.726516	-11.117943
1361.344416	-11.114734
1361.962877	-11.109439
1362.581901	-11.105459
1363.201487	-11.101722
1363.821637	-11.096685
1364.442352	-11.094222
1365.063632	-11.088953
1365.685478	-11.086693
1366.307891	-11.082444
1366.930871	-11.079306
1367.554420	-11.076698
1368.178538	-11.072447
1368.803226	-11.071089
1369.428485	-11.066595
1370.054315	-11.065441
1370.680717	-11.061919
1371.307693	-11.059930
1371.935242	-11.058026
1372.563366	-11.054927
1373.192065	-11.054382
1373.821341	-11.050788
1374.451193	-11.050631
1375.081623	-11.047615
1375.712632	-11.046866
1376.344221	-11.045253
1376.976389	-11.043445
1377.609139	-11.043190
1378.242470	-11.040556
1378.876384	-11.040998
1379.510881	-11.038445
1380.145963	-11.038756
1380.781629	-11.037161
1381.417881	-11.036622
1382.054720	-11.036275
1382.692147	-11.034787
1383.330161	-11.035419
1383.968765	-11.033486
1384.607959	-11.034401
1385.247743	-11.032742
1385.888119	-11.033233
1386.529087	-11.032439
1387.170648	-11.032090
1387.812804	-11.032271
1388.455554	-11.031139
1389.098899	-11.032035
1389.742842	-11.030652
1390.387381	-11.031782
1391.032519	-11.030733
1391.678256	-11.031546
1392.324592	-11.031215
1392.971529	-11.031378
1393.619068	-11.031847
1394.267208	-11.031420
1394.915952	-11.032494
1395.565300	-11.031841
1396.215253	-11.033079
1396.865812	-11.032559
1397.516977	-11.033511
1398.168749	-11.033492
1398.821130	-11.033983
1399.474120	-11.034693
1400.127719	-11.034762
1400.781930	-11.036157
1401.436752	-11.036044
1402.092186	-11.037848
1402.748234	-11.037814
1403.404897	-11.039605
1404.062174	-11.040014
1404.720067	-11.041586
1405.378577	-11.042722
1406.037705	-11.043811
1406.697451	-11.045550
1407.357817	-11.046092
1408.018803	-11.048386
1408.680410	-11.048731
1409.342639	-11.051467
1410.005492	-11.051924
1410.668968	-11.054822
1411.333068	-11.055692
1411.997795	-11.058504
1412.663147	-11.060090
1413.329127	-11.062751
1413.995736	-11.065262
1414.662973	-11.067662
1415.330840	-11.070873
1415.999339	-11.072865
1416.668469	-11.076601
1417.338232	-11.078380
1418.008628	-11.082448
1418.679659	-11.084098
1419.351325	-11.088189
1420.023628	-11.089953
1420.696568	-11.093949
1421.370145	-11.096130
1422.044362	-11.100042
1422.719219	-11.102988
1423.394717	-11.106932
1424.070856	-11.110751
1424.747638	-11.114680
1425.425064	-11.119395
1426.103134	-11.123405
1426.781850	-11.128901
1427.461212	-11.132863
1428.141221	-11.138751
1428.821878	-11.142516
1429.503185	-11.148394
1430.185141	-11.151737
1430.867749	-11.157250
1431.551008	-11.160209
1432.234920	-11.165219
1432.919486	-11.167817
1433.604707	-11.172283
1434.290583	-11.174875
1434.977116	-11.179195
1435.664307	-11.182216
1436.352156	-11.186664
1437.040664	-11.190572
1437.729833	-11.195672
1438.419663	-11.200817
1439.110156	-11.206648
1439.801312	-11.212946
1440.493132	-11.219419
1441.185617	-11.226545
1441.878768	-11.233095
1442.572586	-11.240276
1443.267072	-11.246226
1443.962228	-11.252747
1444.658053	-11.257436
1445.354549	-11.262673
1446.051717	-11.265689
1446.749558	-11.269251
1447.448073	-11.270467
1448.147263	-11.272557
1448.847128	-11.272565
1449.547671	-11.273750
1450.248891	-11.273224
1450.950789	-11.274485
1451.653368	-11.274775
1452.356627	-11.277327
1453.060568	-11.279444
1453.765192	-11.284402
1454.470500	-11.289598
1455.176492	-11.297825
1455.883170	-11.306347
1456.590534	-11.317876
1457.298586	-11.329691
1458.007327	-11.344030
1458.716758	-11.357926
1459.426880	-11.373470
1460.137693	-11.387651
1460.849199	-11.402372
1461.561398	-11.414623
1462.274293	-11.426406
1462.987883	-11.434689
1463.702170	-11.441590
1464.417155	-11.444481
1465.132838	-11.445950
1465.849222	-11.443508
1466.566306	-11.440006
1467.284093	-11.433513
1468.002582	-11.427312
1468.721775	-11.419516
1469.441674	-11.413609
1470.162278	-11.408121
1470.883590	-11.406578
1471.605609	-11.407170
1472.328338	-11.413383
1473.051777	-11.423572
1473.775928	-11.440913
1474.500790	-11.463182
1475.226367	-11.493245
1475.952657	-11.528676
1476.679663	-11.571662
1477.407386	-11.619231
1478.135826	-11.673179
1478.864985	-11.729972
1479.594863	-11.790540
1480.325463	-11.851038
1481.056784	-11.912183
1481.788828	-11.969764
1482.521597	-12.023944
1483.255090	-12.071076
1483.989309	-12.111355
1484.724256	-12.141823
1485.459931	-12.162896
1486.196336	-12.173566
1486.933471	-12.174438
1487.671337	-12.166281
1488.409937	-12.150456
1489.149270	-12.129868
1489.889337	-12.105803
1490.630141	-12.082616
1491.371682	-12.061891
1492.113961	-12.048544
1492.856979	-12.043445
1493.600738	-12.051918
1494.345238	-12.074272
1495.090481	-12.114956
1495.836467	-12.173649
1496.583198	-12.254452
1497.330675	-12.356212
1498.078899	-12.481917
1498.827872	-12.630450
1499.577593	-12.803664
1500.328065	-12.999936
1501.079289	-13.220083
1501.831265	-13.462575
1502.583995	-13.725886
1503.337480	-14.008229
1504.091721	-14.306211
1504.846719	-14.616824
1505.602475	-14.933454
1506.358991	-15.252727
1507.116268	-15.565174
1507.874306	-15.866203
1508.633108	-16.146007
1509.392673	-16.401437
1510.153004	-16.624530
1510.914101	-16.815291
1511.675965	-16.972282
1512.438599	-17.098028
1513.202002	-17.196567
1513.966176	-17.271849
1514.731122	-17.329120
1515.496842	-17.368563
1516.263336	-17.393662
1517.030607	-17.398660
1517.798654	-17.380319
1518.567479	-17.328227
1519.337083	-17.234078
1520.107468	-17.084439
1520.878634	-16.871709
1521.650584	-16.587287
1522.423317	-16.228938
1523.196836	-15.798527
1523.971141	-15.302426
1524.746233	-14.749908
1525.522115	-14.152446
1526.298786	-13.522044
1527.076249	-12.869128
1527.854504	-12.205382
1528.633553	-11.538823
1529.413397	-10.878415
1530.194037	-10.230512
1530.975474	-9.602085
1531.757709	-8.997735
1532.540745	-8.423089
1533.324581	-7.881820
1534.109220	-7.377700
1534.894662	-6.914381
1535.680909	-6.494201
1536.467961	-6.120023
1537.255821	-5.793567
1538.044489	-5.517062
1538.833967	-5.291421
1539.624256	-5.118490
1540.415357	-4.998702
1541.207271	-4.932978
1542.000000	-4.922093
1542.793545	-4.966023
1543.587907	-5.065449
1544.383087	-5.220179
1545.179088	-5.430727
1545.975909	-5.696905
1546.773552	-6.019431
1547.572019	-6.398321
1548.371311	-6.834615
1549.171428	-7.329691
1549.972373	-7.884798
1550.774147	-8.503277
1551.576751	-9.187978
1552.380185	-9.944349
1553.184453	-10.778626
1553.989554	-11.699225
1554.795490	-12.716664
1555.602263	-13.843898
1556.409873	-15.095292
1557.218322	-16.481851
1558.027612	-18.004003
1558.837743	-19.615526
1559.648717	-21.161799
1560.460536	-22.287938
1561.273200	-22.545420
1562.086710	-21.871746
1562.901069	-20.670047
1563.716278	-19.340664
1564.532337	-18.081072
1565.349249	-16.951893
1566.167014	-15.960919
1566.985634	-15.097328
1567.805111	-14.346400
1568.625444	-13.693820
1569.446637	-13.127147
1570.268690	-12.636416
1571.091605	-12.212380
1571.915382	-11.848543
1572.740024	-11.538216
1573.565532	-11.276394
1574.391907	-11.058924
1575.219150	-10.880942
1576.047262	-10.739625
1576.876246	-10.630850
1577.706103	-10.551450
1578.536833	-10.498557
1579.368439	-10.468164
1580.200922	-10.457843
1581.034282	-10.463898
1581.868522	-10.483163
1582.703643	-10.512810
1583.539646	-10.549176
1584.376532	-10.589927
1585.214304	-10.631968
1586.052962	-10.672861
1586.892508	-10.710799
1587.732943	-10.743621
1588.574269	-10.770557
1589.416487	-10.790572
1590.259599	-10.803401
1591.103605	-10.809593
1591.948508	-10.809464
1592.794309	-10.804507
1593.641009	-10.795929
1594.488609	-10.785422
1595.337112	-10.775048
1596.186518	-10.766191
1597.036829	-10.761005
1597.888047	-10.760831
1598.740172	-10.767062
1599.593207	-10.780990
1600.447153	-10.802991
1601.302010	-10.834087
1602.157782	-10.874031
1603.014469	-10.922914
1603.872072	-10.980557
1604.730593	-11.045913
1605.590034	-11.118980
1606.450397	-11.198174
1607.311681	-11.282921
1608.173890	-11.372331
1609.037024	-11.464858
1609.901085	-11.560336
1610.766075	-11.657019
1611.631995	-11.754808
1612.498846	-11.852783
1613.366630	-11.950066
1614.235349	-12.046952
1615.105004	-12.142168
1615.975596	-12.236250
1616.847128	-12.328309
1617.719600	-12.418330
1618.593014	-12.506321
1619.467372	-12.591461
1620.342675	-12.674223
1621.218924	-12.753862
1622.096122	-12.830896
1622.974270	-12.904741
1623.853369	-12.976053
1624.733420	-13.044938
1625.614427	-13.111598
1626.496389	-13.177108
1627.379308	-13.241194
1628.263187	-13.305619
1629.148026	-13.369845
1630.033828	-13.435247
1630.920593	-13.502058
1631.808324	-13.570433
1632.697022	-13.641164
1633.586688	-13.713685
1634.477324	-13.788929
1635.368932	-13.865832
1636.261514	-13.945114
1637.155070	-14.025716
1638.049602	-14.108001
1638.945113	-14.190977
1639.841603	-14.274498
1640.739075	-14.358376
1641.637529	-14.441341
1642.536968	-14.524175
1643.437393	-14.605213
1644.338806	-14.685409
1645.241209	-14.763137
1646.144602	-14.839073
1647.048988	-14.912078
1647.954368	-14.982548
1648.860744	-15.049982
1649.768118	-15.114529
1650.676491	-15.176574
1651.585865	-15.235584
1652.496241	-15.292717
1653.407621	-15.347062
1654.320008	-15.400162
1655.233401	-15.450693
1656.147804	-15.500559
1657.063218	-15.548264
1657.979645	-15.595401
1658.897085	-15.640756
1659.815542	-15.685406
1660.735016	-15.728394
1661.655509	-15.770217
1662.577023	-15.810330
1663.499560	-15.848689
1664.423121	-15.885116
1665.347709	-15.919057
1666.273324	-15.951011
1667.199969	-15.979797
1668.127645	-16.006361
1669.056353	-16.029431
1669.986097	-16.050114
1670.916877	-16.066925
1671.848695	-16.081503
1672.781553	-16.092075
1673.715452	-16.100537
1674.650395	-16.105180
1675.586383	-16.107960
1676.523418	-16.107141
1677.461501	-16.104704
1678.400635	-16.099063
1679.340821	-16.092009
1680.282061	-16.081942
1681.224357	-16.070837
1682.167710	-16.056829
1683.112122	-16.041945
1684.057595	-16.024367
1685.004132	-16.005850
1685.951732	-15.984641
1686.900400	-15.962468
1687.850135	-15.937589
1688.800940	-15.911720
1689.752818	-15.883129
1690.705768	-15.853699
1691.659795	-15.821621
1692.614898	-15.788805
1693.571081	-15.753629
1694.528345	-15.717766
1695.486691	-15.679841
1696.446122	-15.641337
1697.406640	-15.601158
1698.368245	-15.560486
1699.330941	-15.518565
1700.294729	-15.476192
1701.259611	-15.432917
1702.225588	-15.389128
1703.192664	-15.344779
1704.160838	-15.299655
1705.130114	-15.254303
1706.100493	-15.207948
1707.071977	-15.161678
1708.044568	-15.114342
1709.018268	-15.067469
1709.993079	-15.019614
1710.969003	-14.972449
1711.946041	-14.924542
1712.924196	-14.877296
1713.903469	-14.829553
1714.883862	-14.782367
1715.865378	-14.734975
1716.848017	-14.687856
1717.831783	-14.641056
1718.816677	-14.594060
1719.802701	-14.547923
1720.789857	-14.501230
1721.778147	-14.455577
1722.767573	-14.409232
1723.758136	-14.363817
1724.749840	-14.317929
1725.742685	-14.272635
1726.736673	-14.227584
1727.731808	-14.182699
1728.728090	-14.138847
1729.725521	-14.094800
1730.724105	-14.052123
1731.723842	-14.009136
1732.724735	-13.967394
1733.726785	-13.925749
1734.729995	-13.884850
1735.734366	-13.844798
1736.739902	-13.804913
1737.746603	-13.766374
1738.754472	-13.727698
1739.763510	-13.690342
1740.773721	-13.653082
1741.785105	-13.616644
1742.797665	-13.580994
1743.811403	-13.545458
1744.826321	-13.511322
1745.842422	-13.476905
1746.859706	-13.443785
1747.878177	-13.410735
1748.897835	-13.378158
1749.918685	-13.346406
1750.940726	-13.314336
1751.963963	-13.283295
1752.988395	-13.251888
1754.014027	-13.220887
1755.040860	-13.190210
1756.068895	-13.159137
1757.098135	-13.128929
1758.128583	-13.098228
1759.160240	-13.068042
1760.193109	-13.038063
1761.227191	-13.007753
1762.262488	-12.978233
1763.299004	-12.948164
1764.336740	-12.918553
1765.375697	-12.889156
1766.415880	-12.859359
1767.457288	-12.830345
1768.499926	-12.800853
1769.543794	-12.771696
1770.588895	-12.743044
1771.635231	-12.714062
1772.682805	-12.686182
1773.731619	-12.658424
1774.781674	-12.631142
1775.832973	-12.604943
1776.885519	-12.578710
1777.939312	-12.553385
1778.994357	-12.528744
1780.050654	-12.504086
1781.108207	-12.480653
1782.167017	-12.457465
1783.227087	-12.434635
1784.288418	-12.413079
1785.351013	-12.391345
1786.414875	-12.370517
1787.480006	-12.350546
1788.546407	-12.330419
1789.614082	-12.311547
1790.683032	-12.293102
1791.753259	-12.274702
1792.824767	-12.257604
1793.897557	-12.240430
1794.971632	-12.223487
1796.046994	-12.207613
1797.123645	-12.191321
1798.201588	-12.175536
1799.280824	-12.160600
1800.361357	-12.145150
1801.443188	-12.130432
1802.526320	-12.116231
1803.610756	-12.101447
1804.696497	-12.087362
1805.783546	-12.073563
1806.871906	-12.059176
1807.961578	-12.045649
1809.052565	-12.032386
1810.144870	-12.018524
1811.238494	-12.005538
1812.333441	-11.992394
1813.429713	-11.978713
1814.527311	-11.965581
1815.626239	-11.952493
1816.726499	-11.938880
1817.828094	-11.925912
1818.931025	-11.913403
1820.035295	-11.900354
1821.140906	-11.888232
1822.247862	-11.876564
1823.356165	-11.864582
1824.465816	-11.853222
1825.576819	-11.842636
1826.689175	-11.831701
1827.802888	-11.821242
1828.917960	-11.811581
1830.034394	-11.801755
1831.152191	-11.791908
1832.271354	-11.783035
1833.391887	-11.774088
1834.513790	-11.764999
1835.637068	-11.756649
1836.761722	-11.748638
1837.887755	-11.740258
1839.015169	-11.732147
1840.143968	-11.724629
1841.274153	-11.716657
1842.405727	-11.708302
1843.538693	-11.700660
1844.673053	-11.692879
1845.808810	-11.684670
1846.945966	-11.676999
1848.084525	-11.670010
1849.224488	-11.662780
1850.365858	-11.655635
1851.508638	-11.649394
1852.652831	-11.643583
1853.798438	-11.637322
1854.945463	-11.631706
1856.093909	-11.626827
1857.243777	-11.621774
1858.395071	-11.616407
1859.547794	-11.611855
1860.701947	-11.607944
1861.857533	-11.603810
1863.014556	-11.599775
1864.173018	-11.597033
1865.332922	-11.594526
1866.494270	-11.591638
1867.657065	-11.589161
1868.821309	-11.587441
1869.987006	-11.585901
1871.154158	-11.583845
1872.322768	-11.582272
1873.492839	-11.581554
1874.664373	-11.580953
1875.837373	-11.580011
1877.011841	-11.579485
1878.187782	-11.579623
1879.365197	-11.579984
1880.544089	-11.579836
1881.724460	-11.579786
1882.906315	-11.580543
1884.089655	-11.581239
1885.274483	-11.581509
1886.460803	-11.581556
1887.648616	-11.582074
1888.837927	-11.583180
1890.028736	-11.584135
1891.221049	-11.584971
1892.414866	-11.586242
1893.610192	-11.588236
1894.807028	-11.590332
1896.005379	-11.591945
1897.205246	-11.593200
1898.406633	-11.595081
1899.609542	-11.597562
1900.813977	-11.599851
1902.019940	-11.601740
1903.227434	-11.603933
1904.436462	-11.607115
1905.647028	-11.610559
1906.859133	-11.613544
1908.072781	-11.616138
1909.287976	-11.618982
1910.504719	-11.622396
1911.723013	-11.626035
1912.942863	-11.629187
1914.164270	-11.632168
1915.387238	-11.635485
1916.611770	-11.639487
1917.837868	-11.644045
1919.065536	-11.648686
1920.294777	-11.653194
1921.525594	-11.658038
1922.757989	-11.663636
1923.991967	-11.669972
1925.227529	-11.676574
1926.464679	-11.683050
1927.703420	-11.689449
1928.943755	-11.696328
1930.185688	-11.703977
1931.429221	-11.712419
1932.674356	-11.721047
1933.921099	-11.729149
1935.169451	-11.737105
1936.419415	-11.745344
1937.670996	-11.754395
1938.924195	-11.764173
1940.179017	-11.773984
1941.435463	-11.783386
1942.693538	-11.792670
1943.953245	-11.802244
1945.214586	-11.812639
1946.477566	-11.823776
1947.742186	-11.835283
1949.008451	-11.846977
1950.276363	-11.858431
1951.545926	-11.869624
1952.817143	-11.880951
1954.090017	-11.892765
1955.364551	-11.905383
1956.640749	-11.918701
1957.918615	-11.932047
1959.198150	-11.945138
1960.479359	-11.957854
1961.762244	-11.970437
1963.046810	-11.983082
1964.333059	-11.996034
1965.620995	-12.009163
1966.910621	-12.022364
1968.201940	-12.035458
1969.494956	-12.048199
1970.789672	-12.060621
1972.086091	-12.072681
1973.384217	-12.084677
1974.684053	-12.097023
1975.985602	-12.109966
1977.288869	-12.123469
1978.593855	-12.137425
1979.900566	-12.151438
1981.209003	-12.165436
1982.519171	-12.179504
1983.831073	-12.193811
1985.144712	-12.208521
1986.460093	-12.223701
1987.777217	-12.239424
1989.096089	-12.255622
1990.416713	-12.272368
1991.739092	-12.289580
1993.063228	-12.307216
1994.389127	-12.325211
1995.716791	-12.343512
1997.046223	-12.362192
1998.377428	-12.381196
1999.710409	-12.400468
2001.045169	-12.419933
2002.381713	-12.439711
2003.720043	-12.459793
2005.060163	-12.480420
2006.402077	-12.501747
2007.745788	-12.523781
2009.091301	-12.546409
2010.438618	-12.569562
2011.787743	-12.593204
2013.138680	-12.617150
2014.491433	-12.641345
2015.846005	-12.665555
2017.202399	-12.689582
2018.560621	-12.713440
2019.920673	-12.737251
2021.282558	-12.761188
2022.646281	-12.785266
2024.011846	-12.809407
2025.379256	-12.833466
2026.748515	-12.857338
2028.119626	-12.880857
2029.492594	-12.904172
2030.867422	-12.927480
2032.244114	-12.950996
2033.622673	-12.974982
2035.003104	-12.999421
2036.385411	-13.024204
2037.769597	-13.049065
2039.155665	-13.073627
2040.543621	-13.097836
2041.933467	-13.121849
2043.325208	-13.145905
2044.718847	-13.170317
2046.114389	-13.195413
2047.511837	-13.221187
2048.911195	-13.247559
2050.312467	-13.274388
2051.715657	-13.301624
2053.120769	-13.329434
2054.527807	-13.357931
2055.936775	-13.387381
2057.347677	-13.418002
2058.760516	-13.449851
2060.175297	-13.482943
2061.592025	-13.517079
2063.010701	-13.551921
2064.431332	-13.587192
2065.853921	-13.622963
2067.278472	-13.659598
2068.704988	-13.697428
2070.133475	-13.736413
2071.563936	-13.776169
2072.996375	-13.816412
2074.430796	-13.856765
2075.867204	-13.897050
2077.305603	-13.937536
2078.745996	-13.978443
2080.188389	-14.019890
2081.632784	-14.061810
2083.079187	-14.104032
2084.527601	-14.146461
2085.978030	-14.189113
2087.430480	-14.232039
2088.884954	-14.275198
2090.341455	-14.318748
2091.799990	-14.362816
2093.260561	-14.407330
2094.723173	-14.452191
2096.187831	-14.497407
2097.654538	-14.543059
2099.123300	-14.588803
2100.594119	-14.634156
2102.067001	-14.679061
2103.541950	-14.723642
2105.018971	-14.768054
2106.498067	-14.812507
2107.979243	-14.857208
2109.462503	-14.902139
2110.947853	-14.947225
2112.435295	-14.992698
2113.924836	-15.038827
2115.416478	-15.085786
2116.910227	-15.133509
2118.406087	-15.181698
2119.904063	-15.230172
2121.404158	-15.278890
2122.906378	-15.328151
2124.410727	-15.378457
2125.917210	-15.430122
2127.425831	-15.483147
2128.936594	-15.537288
2130.449505	-15.592307
2131.964567	-15.647907
2133.481786	-15.703879
2135.001166	-15.760348
2136.522711	-15.817628
2138.046427	-15.876231
2139.572317	-15.936602
2141.100388	-15.998716
2142.630642	-16.062065
2144.163085	-16.125712
2145.697722	-16.188887
2147.234558	-16.251496
2148.773596	-16.314124
2150.314842	-16.377648
2151.858301	-16.442496
2153.403977	-16.508353
2154.951875	-16.574196
2156.502000	-16.638980
2158.054357	-16.702652
2159.608950	-16.765936
2161.165785	-16.829500
2162.724866	-16.893447
2164.286198	-16.957272
2165.849786	-17.020540
2167.415635	-17.083300
2168.983749	-17.145895
2170.554134	-17.208535
2172.126795	-17.271037
2173.701737	-17.333299
2175.278964	-17.395523
2176.858481	-17.458041
2178.440294	-17.521277
2180.024408	-17.585459
2181.610827	-17.650340
2183.199557	-17.715190
2184.790602	-17.779535
2186.383968	-17.844202
2187.979660	-17.910652
2189.577683	-17.979104
2191.178041	-18.048258
2192.780741	-18.117066
2194.385787	-18.186316
2195.993185	-18.257723
2197.602939	-18.331692
2199.215054	-18.406781
2200.829537	-18.481554
2202.446392	-18.556662
2204.065624	-18.634056
2205.687239	-18.714352
2207.311242	-18.796099
2208.937638	-18.877956
2210.566433	-18.960665
2212.197631	-19.045702
2213.831239	-19.132578
2215.467261	-19.219423
2217.105703	-19.306066
2218.746570	-19.394060
2220.389867	-19.483626
2222.035601	-19.573186
2223.683776	-19.662592
2225.334398	-19.754018
2226.987472	-19.848044
2228.643004	-19.942087
2230.300999	-20.034544
2231.961463	-20.126752
2233.624402	-20.219133
2235.289820	-20.309725
2236.957723	-20.398568
2238.628118	-20.489113
2240.301009	-20.582701
2241.976402	-20.676415
2243.654303	-20.768666
2245.334717	-20.861182
2247.017650	-20.954109
2248.703108	-21.045036
2250.391096	-21.132736
2252.081620	-21.215827
2253.774686	-21.290170
2255.470300	-21.354303
2257.168467	-21.412585
2258.869193	-21.467816
2260.572484	-21.519177
2262.278345	-21.569759
2263.986783	-21.624794
2265.697804	-21.684360
2267.411412	-21.748884
2269.127615	-21.823834
2270.846417	-21.910346
2272.567826	-22.003963
2274.291846	-22.104609
2276.018484	-22.213778
2277.747745	-22.328965
2279.479637	-22.450485
2281.214164	-22.579518
2282.951333	-22.711275
2284.691149	-22.843093
2286.433619	-22.976247
2288.178750	-23.108071
2289.926546	-23.239224
2291.677014	-23.374251
2293.430161	-23.509489
2295.185992	-23.640772
2296.944513	-23.769517
2298.705732	-23.893348
2300.469653	-24.013389
2302.236283	-24.133482
2304.005629	-24.247583
2305.777696	-24.353755
2307.552492	-24.454893
2309.330022	-24.547111
2311.110292	-24.633321
2312.893310	-24.715964
2314.679080	-24.789525
2316.467611	-24.859034
2318.258907	-24.927692
2320.052976	-24.994548
2321.849824	-25.066712
2323.649457	-25.142030
2325.451883	-25.220085
2327.257106	-25.307771
2329.065135	-25.402515
2330.875975	-25.507003
2332.689633	-25.620086
2334.506116	-25.735690
2336.325430	-25.858063
2338.147581	-25.983848
2339.972578	-26.113385
2341.800425	-26.245885
2343.631130	-26.372277
2345.464700	-26.495435
2347.301141	-26.609811
2349.140461	-26.713386
2350.982665	-26.809217
2352.827760	-26.896685
2354.675754	-26.985412
2356.526653	-27.073512
2358.380464	-27.164966
2360.237195	-27.263286
2362.096851	-27.369777
2363.959440	-27.490885
2365.824968	-27.620739
2367.693444	-27.760921
2369.564873	-27.903919
2371.439263	-28.050647
2373.316620	-28.199912
2375.196953	-28.346415
2377.080267	-28.491484
2378.966570	-28.629287
2380.855869	-28.767565
2382.748171	-28.901794
2384.643484	-29.038362
2386.541815	-29.171229
2388.443170	-29.302774
2390.347557	-29.434046
2392.254984	-29.562929
2394.165457	-29.684787
2396.078984	-29.791171
2397.995572	-29.892558
2399.915229	-29.991311
2401.837961	-30.097711
2403.763777	-30.197083
2405.692684	-30.292126
2407.624689	-30.377807
2409.559800	-30.472788
2411.498023	-30.567504
2413.439368	-30.660869
2415.383840	-30.744649
2417.331449	-30.835272
2419.282201	-30.929145
2421.236104	-31.026933
2423.193165	-31.117972
2425.153393	-31.211428
2427.116795	-31.309331
2429.083378	-31.419598
2431.053151	-31.528874
2433.026121	-31.639351
2435.002297	-31.747336
2436.981685	-31.866677
2438.964293	-31.995256
2440.950131	-32.140449
2442.939204	-32.284328
2444.931522	-32.436341
2446.927092	-32.599116
2448.925923	-32.786068
2450.928022	-32.972998
2452.933397	-33.159976
2454.942056	-33.346478
2456.954008	-33.546922
2458.969260	-33.748141
2460.987821	-33.938790
2463.009699	-34.120527
2465.034902	-34.296779
2467.063437	-34.468251
2469.095315	-34.617802
2471.130542	-34.757083
2473.169127	-34.884078
2475.211078	-35.008570
2477.256404	-35.117280
2479.305112	-35.205423
2481.357212	-35.277648
2483.412713	-35.345659
2485.471621	-35.425475
2487.533946	-35.493479
2489.599696	-35.550887
2491.668880	-35.603415
2493.741507	-35.669012
2495.817585	-35.750033
2497.897122	-35.817870
2499.980127	-35.875433
2502.066609	-35.946540
2504.156578	-36.047272
2506.250040	-36.140474
2508.347006	-36.207777
2510.447483	-36.294645
2512.551482	-36.402004
2514.659010	-36.511318
2516.770076	-36.619811
2518.884690	-36.732031
2521.002861	-36.860275
2523.124597	-36.998379
2525.249907	-37.153172
2527.378801	-37.327954
2529.511287	-37.507570
2531.647375	-37.705481
2533.787074	-37.933098
2535.930393	-38.179168
2538.077340	-38.433053
2540.227927	-38.693503
2542.382160	-38.964177
2544.540051	-39.231217
2546.701608	-39.485218
2548.866840	-39.736230
2551.035757	-39.963314
2553.208369	-40.156980
2555.384684	-40.347883
2557.564713	-40.528858
2559.748465	-40.666312
2561.935948	-40.776726
2564.127174	-40.892018
2566.322152	-41.004001
2568.520890	-41.075720
2570.723399	-41.097406
2572.929689	-41.113766
2575.139769	-41.154750
2577.353649	-41.184937
2579.571340	-41.168871
2581.792849	-41.153793
2584.018189	-41.188909
2586.247368	-41.229751
2588.480396	-41.235276
2590.717284	-41.241434
2592.958041	-41.276924
2595.202678	-41.336107
2597.451204	-41.416902
2599.703630	-41.501348
2601.959966	-41.569001
2604.220222	-41.647467
2606.484408	-41.766454
2608.752535	-41.883663
2611.024612	-41.977225
2613.300651	-42.101235
2615.580661	-42.270778
2617.864653	-42.457527
2620.152638	-42.662940
2622.444625	-42.881993
2624.740626	-43.124222
2627.040651	-43.435798
2629.344710	-43.788183
2631.652814	-44.092681
2633.964974	-44.384817
2636.281200	-44.770554
2638.601504	-45.165619
2640.925896	-45.471265
2643.254386	-45.795204
2645.586987	-46.161101
2647.923707	-46.449829
2650.264559	-46.681692
2652.609554	-46.905062
2654.958702	-47.106050
2657.312015	-47.266258
2659.669503	-47.282458
2662.031178	-47.185244
2664.397051	-47.196415
2666.767132	-47.295900
2669.141434	-47.273011
2671.519968	-47.165113
2673.902745	-47.169765
2676.289776	-47.239036
2678.681072	-47.230639
2681.076646	-47.223120
2683.476508	-47.301173
2685.880671	-47.334818
2688.289145	-47.274830
2690.701942	-47.227677
2693.119075	-47.258763
2695.540554	-47.249643
2697.966391	-47.118663
2700.396599	-47.046942
2702.831189	-47.088831
2705.270172	-47.064678
2707.713561	-47.044581
2710.161368	-47.232529
2712.613605	-47.461685
2715.070283	-47.543292
2717.531416	-47.766248
2719.997014	-48.256495
2722.467090	-48.635263
2724.941657	-48.832870
2727.420726	-49.191167
2729.904310	-49.696730
2732.392421	-50.093170
2734.885072	-50.490119
2737.382275	-51.038818
2739.884042	-51.445280
2742.390387	-51.670545
2744.901321	-52.144506
2747.416857	-52.664173
2749.937008	-52.762151
2752.461787	-52.877173
2754.991206	-53.260101
2757.525279	-53.489786
2760.064017	-53.504277
2762.607434	-53.665312
2765.155544	-53.910723
2767.708358	-54.036326
2770.265890	-54.225102
2772.828153	-54.521251
2775.395160	-54.649665
2777.966924	-54.627951
2780.543459	-54.592938
2783.124778	-54.644943
2785.710894	-54.631098
2788.301821	-54.350387
2790.897572	-54.119549
2793.498160	-53.963704
2796.103599	-53.549284
2798.713903	-53.168708
2801.329085	-53.082694
2803.949159	-52.938912
2806.574139	-52.785708
2809.204038	-52.953296
2811.838871	-53.055207
2814.478650	-53.094832
2817.123391	-53.362239
2819.773107	-53.687937
2822.427812	-53.963835
2825.087521	-54.379003
2827.752247	-54.895722
2830.422005	-55.174011
2833.096808	-55.553432
2835.776672	-56.327857
2838.461611	-56.603561
2841.151638	-56.569778
2843.846769	-57.154640
2846.547019	-57.628510
2849.252401	-57.448318
2851.962930	-57.696411
2854.678621	-58.127436
2857.399489	-58.242110
2860.125549	-58.629684
2862.856815	-59.295654
2865.593302	-59.596829
2868.335026	-59.889820
2871.082002	-60.498173
2873.834244	-61.148579
2876.591767	-62.051145
2879.354588	-62.532305
2882.122721	-62.866140
2884.896181	-64.405636
2887.674984	-65.240545
2890.459146	-64.181127
2893.248681	-63.728242
2896.043606	-63.316777
2898.843937	-62.116573
2901.649687	-61.157828
2904.460875	-60.524463
2907.277515	-60.309997
2910.099623	-60.074558
2912.927215	-59.916139
2915.760308	-60.263650
2918.598916	-60.436812
2921.443057	-60.200627
2924.292747	-60.794171
2927.148002	-61.744602
2930.008837	-61.301000
2932.875270	-61.651355
2935.747318	-62.889941
2938.624995	-62.628663
2941.508320	-62.367504
2944.397308	-63.235012
2947.291977	-63.536633
2950.192343	-63.660187
2953.098423	-64.177016
2956.010234	-63.637696
2958.927792	-63.842619
2961.851116	-64.096024
2964.780221	-63.952727
2967.715126	-64.593029
2970.655847	-64.209625
2973.602402	-64.088395
2976.554808	-64.902542
2979.513083	-65.150502
2982.477243	-65.814218
2985.447308	-67.093934
2988.423293	-68.587256
2991.405218	-70.169307
2994.393099	-71.987874
2997.386955	-76.676134
